#!ascii label  , from subject sub-032304 vox2ras=TkReg
1557
52162  -38.665  -27.472  56.071 0.0000000000
44236  -29.552  -36.414  60.609 0.0000000000
57690  -39.539  -21.483  39.515 0.0000000000
48583  -32.449  -31.578  48.389 0.0000000000
52232  -41.272  -27.648  47.121 0.0000000000
45923  -38.794  -34.376  59.713 0.0000000000
38432  -41.443  -45.131  52.424 0.0000000000
42678  -35.618  -39.037  49.671 0.0000000000
39156  -28.526  -43.130  65.459 0.0000000000
62060  -50.140  -15.776  41.415 0.0000000000
132854  -34.753  -43.305  60.876 0.0000000000
50301  -35.904  -29.924  51.916 0.0000000000
50361  -36.597  -29.614  47.524 0.0000000000
51253  -40.407  -29.427  51.575 0.0000000000
49343  -40.510  -31.070  58.472 0.0000000000
44306  -40.133  -36.358  54.132 0.0000000000
46810  -36.158  -33.675  54.445 0.0000000000
45136  -33.331  -35.287  50.673 0.0000000000
62095  -52.162  -16.216  37.273 0.0000000000
41690  -25.834  -39.082  62.447 0.0000000000
40047  -31.605  -41.640  62.640 0.0000000000
40122  -29.483  -41.228  56.711 0.0000000000
121280  -41.007  -26.320  42.668 0.0000000000
45039  -34.630  -35.246  60.566 0.0000000000
42629  -32.884  -38.247  53.800 0.0000000000
130948  -39.440  -38.544  54.823 0.0000000000
131481  -39.481  -41.192  49.683 0.0000000000
35593  -25.737  -46.421  65.148 0.0000000000
52248  -47.177  -27.846  46.428 0.0000000000
56816  -45.461  -22.587  43.331 0.0000000000
134202  -49.392  -18.823  46.470 0.0000000000
60217  -45.420  -18.481  40.307 0.0000000000
61167  -46.372  -17.266  35.554 0.0000000000
37458  -28.190  -44.294  60.492 0.0000000000
38388  -36.347  -43.130  56.159 0.0000000000
51217  -37.514  -28.735  54.196 0.0000000000
51239  -38.175  -28.817  51.851 0.0000000000
52183  -39.344  -27.767  53.176 0.0000000000
50224  -39.507  -29.085  58.185 0.0000000000
46787  -38.109  -32.240  56.559 0.0000000000
49372  -37.238  -30.501  55.884 0.0000000000
48537  -35.762  -31.667  53.670 0.0000000000
126828  -37.359  -21.475  37.003 0.0000000000
59355  -39.540  -19.676  37.287 0.0000000000
43400  -27.565  -37.531  60.996 0.0000000000
41722  -26.414  -40.045  58.814 0.0000000000
43425  -27.716  -38.111  57.934 0.0000000000
49461  -32.495  -30.434  46.269 0.0000000000
51298  -38.794  -28.610  47.637 0.0000000000
119436  -36.711  -28.374  45.280 0.0000000000
52254  -39.070  -27.569  44.995 0.0000000000
136281  -39.685  -27.031  42.309 0.0000000000
52284  -41.431  -27.386  43.902 0.0000000000
45042  -37.274  -34.857  60.192 0.0000000000
44268  -36.638  -36.281  57.366 0.0000000000
44286  -38.921  -36.793  56.847 0.0000000000
43483  -38.434  -37.018  52.174 0.0000000000
42663  -39.915  -38.497  51.803 0.0000000000
41818  -38.006  -40.149  49.180 0.0000000000
47739  -32.671  -33.100  50.049 0.0000000000
54123  -46.354  -25.568  44.575 0.0000000000
130001  -48.184  -18.954  42.664 0.0000000000
139119  -47.606  -17.130  40.927 0.0000000000
62076  -44.965  -16.864  37.793 0.0000000000
62080  -48.209  -16.184  38.442 0.0000000000
60274  -50.687  -19.025  34.596 0.0000000000
36474  -28.362  -44.959  65.467 0.0000000000
36498  -27.201  -45.251  62.186 0.0000000000
37446  -28.694  -44.357  63.303 0.0000000000
39201  -33.326  -41.997  61.687 0.0000000000
38351  -31.788  -43.286  61.001 0.0000000000
37459  -32.993  -43.919  60.577 0.0000000000
40172  -36.316  -41.350  52.550 0.0000000000
40150  -33.999  -41.808  54.117 0.0000000000
37539  -38.887  -44.470  54.191 0.0000000000
48580  -34.030  -30.951  49.840 0.0000000000
49457  -34.382  -30.159  47.687 0.0000000000
50342  -36.734  -29.681  49.606 0.0000000000
50344  -38.978  -30.186  49.347 0.0000000000
51272  -40.994  -29.198  49.556 0.0000000000
47647  -40.776  -32.587  58.917 0.0000000000
45081  -41.165  -35.174  57.053 0.0000000000
46789  -40.568  -33.867  56.848 0.0000000000
45100  -38.038  -35.547  54.463 0.0000000000
45119  -35.816  -35.882  52.572 0.0000000000
44339  -34.266  -36.650  50.955 0.0000000000
46003  -34.917  -34.333  52.795 0.0000000000
47726  -34.168  -32.226  51.689 0.0000000000
62082  -51.073  -16.299  38.855 0.0000000000
65562  -51.894  -12.357  39.679 0.0000000000
39183  -25.780  -42.332  63.273 0.0000000000
39175  -29.486  -42.441  64.091 0.0000000000
39208  -27.707  -42.202  61.163 0.0000000000
40084  -30.280  -41.590  59.346 0.0000000000
40101  -33.447  -41.885  59.391 0.0000000000
50372  -34.314  -29.343  45.402 0.0000000000
54158  -38.555  -25.236  40.502 0.0000000000
55977  -40.736  -23.595  41.531 0.0000000000
45036  -31.794  -35.607  60.894 0.0000000000
44278  -30.831  -36.700  57.013 0.0000000000
44281  -33.436  -36.346  56.516 0.0000000000
42632  -36.059  -38.180  54.143 0.0000000000
132026  -39.403  -41.898  52.233 0.0000000000
43469  -41.444  -37.895  54.439 0.0000000000
41799  -42.135  -40.522  52.416 0.0000000000
38465  -41.583  -43.741  51.049 0.0000000000
54018  -41.450  -25.352  56.654 0.0000000000
45012  -30.826  -35.535  63.233 0.0000000000
45891  -35.612  -34.393  62.850 0.0000000000
46727  -37.173  -33.242  62.423 0.0000000000
128824  -42.691  -27.792  53.877 0.0000000000
137388  -43.146  -29.131  51.932 0.0000000000
51274  -43.804  -28.355  49.873 0.0000000000
51277  -46.541  -27.773  49.390 0.0000000000
122857  -43.933  -27.594  46.111 0.0000000000
53196  -44.242  -26.997  44.474 0.0000000000
55054  -43.324  -24.740  43.205 0.0000000000
56843  -43.114  -22.031  41.925 0.0000000000
120739  -48.573  -21.241  43.768 0.0000000000
58495  -45.453  -20.448  41.630 0.0000000000
59335  -42.761  -19.813  40.038 0.0000000000
60241  -42.422  -18.209  37.988 0.0000000000
137014  -49.335  -17.809  36.153 0.0000000000
35629  -24.425  -46.297  61.805 0.0000000000
37502  -27.182  -44.787  57.855 0.0000000000
38340  -30.338  -43.234  62.610 0.0000000000
37469  -29.841  -44.124  59.064 0.0000000000
142216  -30.553  -39.524  54.269 0.0000000000
40126  -33.446  -42.288  56.585 0.0000000000
39221  -35.791  -42.712  58.807 0.0000000000
36560  -37.514  -44.840  57.685 0.0000000000
51218  -38.081  -28.131  54.578 0.0000000000
126560  -38.059  -28.254  53.843 0.0000000000
52169  -38.704  -27.272  54.874 0.0000000000
52148  -38.829  -27.780  57.115 0.0000000000
50234  -38.184  -29.259  56.876 0.0000000000
51203  -37.614  -28.892  56.116 0.0000000000
50257  -37.193  -29.410  54.711 0.0000000000
56861  -39.260  -22.272  39.785 0.0000000000
57693  -38.460  -21.522  38.440 0.0000000000
58528  -38.331  -20.534  37.179 0.0000000000
58525  -39.497  -20.291  38.256 0.0000000000
43401  -28.212  -37.135  60.597 0.0000000000
43408  -27.608  -37.632  60.064 0.0000000000
43410  -29.081  -36.976  59.289 0.0000000000
48587  -31.339  -31.717  47.234 0.0000000000
49455  -32.717  -30.670  47.116 0.0000000000
52231  -40.319  -27.667  47.075 0.0000000000
52240  -39.169  -27.571  45.945 0.0000000000
52241  -40.063  -27.517  46.136 0.0000000000
52269  -39.993  -27.498  44.391 0.0000000000
52257  -41.525  -27.468  45.610 0.0000000000
45922  -38.033  -34.631  59.973 0.0000000000
45065  -38.183  -35.654  58.702 0.0000000000
45066  -39.025  -35.484  58.583 0.0000000000
43496  -37.039  -37.403  51.642 0.0000000000
42669  -37.889  -38.692  50.643 0.0000000000
42679  -36.554  -39.274  49.788 0.0000000000
41833  -37.153  -40.253  47.629 0.0000000000
47754  -32.081  -32.294  48.747 0.0000000000
47749  -31.621  -33.074  48.933 0.0000000000
135710  -31.237  -32.874  48.203 0.0000000000
62025  -49.163  -16.834  42.333 0.0000000000
132250  -49.482  -16.082  41.249 0.0000000000
62070  -47.839  -16.315  39.325 0.0000000000
62059  -49.805  -15.867  40.695 0.0000000000
37426  -29.102  -44.194  65.762 0.0000000000
36483  -28.356  -44.978  64.595 0.0000000000
37427  -29.418  -43.892  65.273 0.0000000000
39202  -34.007  -42.262  61.383 0.0000000000
38344  -33.799  -42.605  61.506 0.0000000000
130225  -34.050  -43.377  61.439 0.0000000000
37460  -33.883  -44.292  61.131 0.0000000000
37461  -34.757  -44.330  60.670 0.0000000000
38430  -38.335  -43.283  52.620 0.0000000000
39272  -37.204  -42.891  52.969 0.0000000000
38419  -39.126  -44.345  52.963 0.0000000000
49415  -34.768  -30.772  51.088 0.0000000000
49446  -35.231  -30.129  49.704 0.0000000000
50324  -35.923  -29.888  50.981 0.0000000000
51252  -39.706  -29.304  51.532 0.0000000000
50327  -38.933  -30.014  50.262 0.0000000000
50328  -39.633  -29.866  50.314 0.0000000000
50345  -39.652  -29.948  49.858 0.0000000000
50329  -41.172  -29.978  50.878 0.0000000000
48491  -40.804  -31.898  59.059 0.0000000000
120233  -41.233  -33.005  57.849 0.0000000000
47668  -40.317  -32.401  57.545 0.0000000000
47687  -36.805  -32.671  55.542 0.0000000000
46799  -38.000  -33.651  55.980 0.0000000000
45962  -36.780  -34.290  54.776 0.0000000000
45110  -36.650  -35.556  53.625 0.0000000000
45991  -35.954  -34.905  53.587 0.0000000000
136236  -35.476  -35.074  52.840 0.0000000000
45990  -35.321  -34.184  53.303 0.0000000000
49393  -35.900  -30.836  53.302 0.0000000000
48544  -34.650  -31.873  52.253 0.0000000000
48559  -34.961  -31.083  51.957 0.0000000000
48557  -33.896  -31.839  50.982 0.0000000000
40874  -25.421  -40.824  62.254 0.0000000000
39196  -26.411  -42.270  61.936 0.0000000000
40067  -25.857  -41.289  61.035 0.0000000000
40904  -27.985  -40.854  57.180 0.0000000000
40096  -28.246  -41.666  58.727 0.0000000000
40098  -30.393  -41.551  58.222 0.0000000000
119443  -31.924  -41.615  58.999 0.0000000000
119610  -31.946  -41.604  58.159 0.0000000000
127469  -35.860  -29.821  47.424 0.0000000000
49463  -34.144  -29.894  46.859 0.0000000000
50367  -35.675  -29.555  46.644 0.0000000000
52266  -36.995  -27.746  43.873 0.0000000000
51324  -35.532  -28.507  44.283 0.0000000000
52279  -36.032  -27.735  42.958 0.0000000000
53215  -40.286  -26.663  42.413 0.0000000000
123566  -39.483  -26.634  41.725 0.0000000000
54151  -40.147  -25.396  41.715 0.0000000000
55092  -39.333  -24.352  40.943 0.0000000000
55068  -41.247  -24.905  42.265 0.0000000000
136305  -33.352  -35.421  60.476 0.0000000000
125180  -32.643  -35.594  59.039 0.0000000000
134820  -33.964  -35.521  58.586 0.0000000000
43453  -38.031  -37.577  55.641 0.0000000000
43451  -36.063  -37.280  55.397 0.0000000000
125480  -38.049  -38.544  54.564 0.0000000000
41788  -37.936  -39.510  53.157 0.0000000000
40941  -39.970  -39.822  53.552 0.0000000000
45093  -41.147  -36.241  55.359 0.0000000000
44300  -41.240  -36.708  55.450 0.0000000000
119634  -40.701  -36.914  54.095 0.0000000000
41804  -39.522  -39.901  50.557 0.0000000000
41798  -41.488  -39.762  51.810 0.0000000000
40971  -40.997  -41.174  50.754 0.0000000000
40183  -42.410  -42.310  51.891 0.0000000000
44338  -33.445  -36.289  50.539 0.0000000000
46726  -36.677  -33.582  62.813 0.0000000000
49300  -39.204  -30.342  61.245 0.0000000000
53132  -42.019  -25.994  55.408 0.0000000000
139404  -43.846  -27.965  53.235 0.0000000000
51244  -43.698  -28.333  51.897 0.0000000000
51261  -43.558  -28.517  50.951 0.0000000000
130880  -44.033  -28.175  51.157 0.0000000000
51306  -47.080  -28.333  47.663 0.0000000000
51304  -45.206  -28.062  48.031 0.0000000000
121284  -45.630  -27.739  46.062 0.0000000000
138247  -43.818  -27.508  45.400 0.0000000000
52275  -45.415  -27.482  45.487 0.0000000000
55056  -46.163  -24.070  44.036 0.0000000000
129598  -45.121  -24.586  43.920 0.0000000000
55941  -44.520  -23.887  43.510 0.0000000000
56828  -42.860  -22.899  42.389 0.0000000000
56829  -44.449  -22.523  42.880 0.0000000000
58467  -49.275  -20.639  44.689 0.0000000000
123658  -46.640  -18.713  41.262 0.0000000000
59305  -47.114  -19.758  42.096 0.0000000000
59322  -45.769  -19.724  41.233 0.0000000000
58512  -43.916  -20.231  41.035 0.0000000000
59336  -43.506  -19.315  40.060 0.0000000000
59353  -42.330  -18.908  39.079 0.0000000000
60234  -43.440  -18.171  38.865 0.0000000000
62098  -45.628  -16.623  36.423 0.0000000000
61153  -44.223  -17.080  36.456 0.0000000000
61166  -45.049  -17.127  35.478 0.0000000000
62987  -52.046  -16.005  38.077 0.0000000000
62093  -50.899  -16.674  38.017 0.0000000000
61157  -50.697  -17.506  36.649 0.0000000000
36507  -27.186  -44.895  61.316 0.0000000000
121455  -26.015  -45.503  60.888 0.0000000000
37466  -26.678  -44.830  60.071 0.0000000000
37479  -26.776  -44.715  58.690 0.0000000000
37467  -27.889  -44.394  59.615 0.0000000000
40045  -30.377  -41.681  62.959 0.0000000000
38330  -30.560  -42.406  63.705 0.0000000000
39188  -31.212  -41.992  63.392 0.0000000000
38361  -30.297  -43.705  59.819 0.0000000000
35679  -31.311  -46.077  58.993 0.0000000000
43447  -32.149  -37.078  55.216 0.0000000000
43446  -30.028  -37.553  55.329 0.0000000000
42642  -31.640  -38.838  53.769 0.0000000000
131749  -35.526  -42.873  55.557 0.0000000000
39250  -33.840  -42.214  55.034 0.0000000000
39239  -34.891  -42.467  56.479 0.0000000000
123855  -35.269  -42.492  58.110 0.0000000000
39231  -36.841  -43.310  57.748 0.0000000000
36537  -36.516  -44.772  58.740 0.0000000000
50281  -36.632  -29.633  53.183 0.0000000000
122241  -36.616  -29.558  52.270 0.0000000000
50282  -37.343  -29.040  52.651 0.0000000000
124719  -39.353  -28.369  52.542 0.0000000000
51228  -40.135  -28.236  52.636 0.0000000000
49342  -39.896  -30.195  58.275 0.0000000000
48504  -39.356  -31.538  57.544 0.0000000000
49341  -39.033  -30.571  57.660 0.0000000000
48515  -37.665  -31.336  56.495 0.0000000000
48523  -36.512  -31.789  55.311 0.0000000000
47696  -35.808  -32.337  54.044 0.0000000000
48531  -36.315  -31.221  54.785 0.0000000000
49394  -36.293  -30.524  53.907 0.0000000000
60246  -39.848  -18.690  35.881 0.0000000000
133068  -26.720  -37.955  61.749 0.0000000000
41706  -26.024  -39.415  60.543 0.0000000000
42575  -26.506  -38.834  60.085 0.0000000000
129882  -27.126  -38.888  57.864 0.0000000000
41741  -27.927  -39.577  56.227 0.0000000000
51297  -38.049  -29.073  47.520 0.0000000000
51310  -37.001  -28.658  46.141 0.0000000000
119945  -37.884  -28.240  46.240 0.0000000000
52253  -38.146  -27.619  44.775 0.0000000000
52267  -37.831  -27.448  43.976 0.0000000000
52296  -38.498  -27.347  42.196 0.0000000000
141072  -39.069  -27.398  43.247 0.0000000000
52283  -40.613  -27.348  43.708 0.0000000000
135562  -41.698  -27.154  43.582 0.0000000000
45040  -35.470  -35.145  60.598 0.0000000000
45062  -35.004  -35.475  58.809 0.0000000000
45063  -36.203  -35.605  58.621 0.0000000000
44269  -37.444  -36.417  57.423 0.0000000000
43454  -39.069  -37.713  55.787 0.0000000000
44321  -39.075  -36.883  52.827 0.0000000000
43485  -40.206  -37.654  52.755 0.0000000000
43498  -38.830  -37.670  51.992 0.0000000000
41803  -38.877  -39.364  50.477 0.0000000000
41819  -38.691  -40.057  49.790 0.0000000000
41004  -38.291  -40.985  47.996 0.0000000000
41003  -37.853  -40.724  47.597 0.0000000000
137879  -32.491  -33.821  50.065 0.0000000000
46026  -32.097  -34.330  49.665 0.0000000000
52262  -48.485  -27.071  46.064 0.0000000000
53198  -46.881  -26.390  45.063 0.0000000000
53199  -48.122  -26.002  45.169 0.0000000000
55039  -48.230  -24.654  44.526 0.0000000000
55943  -48.397  -23.093  44.201 0.0000000000
61070  -49.686  -17.418  45.169 0.0000000000
60181  -49.068  -18.704  43.859 0.0000000000
61079  -49.007  -17.842  43.384 0.0000000000
61093  -48.127  -17.788  42.090 0.0000000000
61121  -46.635  -17.731  40.559 0.0000000000
118938  -45.005  -17.575  39.173 0.0000000000
61130  -46.550  -17.195  39.808 0.0000000000
62078  -46.680  -16.534  38.274 0.0000000000
62099  -47.394  -16.600  36.805 0.0000000000
130906  -52.621  -16.809  35.495 0.0000000000
61172  -51.874  -17.878  35.636 0.0000000000
60275  -51.514  -18.537  34.218 0.0000000000
36481  -27.231  -45.966  65.119 0.0000000000
35615  -26.335  -46.008  63.421 0.0000000000
36489  -27.722  -45.360  63.897 0.0000000000
37445  -27.920  -45.106  62.896 0.0000000000
124339  -28.416  -44.401  62.452 0.0000000000
39190  -32.097  -41.655  62.416 0.0000000000
141865  -32.101  -41.832  62.558 0.0000000000
39200  -32.649  -41.806  62.172 0.0000000000
38352  -32.674  -43.085  61.155 0.0000000000
37472  -32.266  -44.565  59.852 0.0000000000
35668  -32.107  -46.047  59.519 0.0000000000
36517  -33.201  -45.119  60.420 0.0000000000
41785  -34.965  -39.957  52.818 0.0000000000
40939  -33.549  -40.660  53.491 0.0000000000
40163  -35.205  -41.657  53.159 0.0000000000
38408  -35.719  -42.910  54.065 0.0000000000
38402  -37.198  -43.604  55.567 0.0000000000
131104  -33.394  -31.396  49.479 0.0000000000
49450  -33.768  -30.623  48.188 0.0000000000
49445  -34.586  -30.477  49.345 0.0000000000
49452  -35.314  -30.160  48.801 0.0000000000
50355  -36.861  -29.772  48.886 0.0000000000
124884  -37.306  -29.431  50.789 0.0000000000
50343  -37.669  -29.888  49.241 0.0000000000
118815  -37.769  -29.504  48.199 0.0000000000
124595  -38.857  -29.875  48.794 0.0000000000
51286  -39.923  -28.598  48.644 0.0000000000
51300  -40.599  -27.909  48.186 0.0000000000
46761  -40.165  -33.240  59.391 0.0000000000
45067  -39.963  -35.156  58.346 0.0000000000
45933  -40.627  -34.196  58.212 0.0000000000
45953  -40.942  -34.743  56.617 0.0000000000
45091  -39.876  -35.476  55.199 0.0000000000
46788  -38.710  -33.174  56.540 0.0000000000
45964  -39.495  -34.782  55.653 0.0000000000
45101  -39.223  -35.918  54.502 0.0000000000
44312  -38.231  -36.452  53.275 0.0000000000
44330  -36.836  -36.753  51.948 0.0000000000
43495  -36.125  -37.134  51.487 0.0000000000
43502  -34.523  -37.575  50.634 0.0000000000
44328  -34.848  -36.118  51.538 0.0000000000
45125  -34.502  -35.363  51.731 0.0000000000
46010  -34.155  -34.444  51.769 0.0000000000
47711  -34.923  -32.521  52.937 0.0000000000
46838  -34.362  -33.400  52.209 0.0000000000
46852  -33.528  -33.340  51.160 0.0000000000
47740  -33.236  -32.836  50.542 0.0000000000
47751  -33.054  -32.215  49.924 0.0000000000
62944  -51.197  -15.360  40.606 0.0000000000
63844  -51.537  -14.578  40.593 0.0000000000
63852  -51.715  -14.423  39.642 0.0000000000
63872  -52.274  -14.460  37.785 0.0000000000
63883  -52.459  -14.707  36.939 0.0000000000
63003  -52.925  -15.268  35.007 0.0000000000
39173  -26.337  -42.626  63.810 0.0000000000
39167  -28.845  -42.766  64.767 0.0000000000
39185  -27.414  -42.632  62.697 0.0000000000
39198  -28.268  -42.220  62.125 0.0000000000
40056  -29.830  -41.646  61.964 0.0000000000
40081  -26.622  -41.524  59.709 0.0000000000
40083  -28.525  -42.032  59.758 0.0000000000
40070  -31.138  -41.427  61.337 0.0000000000
123579  -32.419  -41.548  61.055 0.0000000000
40072  -33.294  -41.677  61.041 0.0000000000
40074  -34.383  -42.219  60.630 0.0000000000
49462  -33.333  -30.188  46.576 0.0000000000
50371  -33.088  -29.922  45.786 0.0000000000
51318  -35.868  -28.684  45.137 0.0000000000
55993  -39.316  -23.556  40.582 0.0000000000
56856  -40.359  -22.392  40.640 0.0000000000
44237  -30.944  -35.956  60.309 0.0000000000
44251  -29.799  -36.650  59.002 0.0000000000
44253  -31.366  -35.901  58.670 0.0000000000
44264  -32.221  -36.142  57.500 0.0000000000
43448  -33.118  -37.030  55.041 0.0000000000
44267  -34.933  -36.089  57.265 0.0000000000
43450  -35.093  -37.146  55.103 0.0000000000
42645  -34.642  -38.690  53.567 0.0000000000
41787  -36.189  -40.009  52.708 0.0000000000
137548  -38.211  -41.946  52.184 0.0000000000
39281  -40.719  -43.004  52.106 0.0000000000
137529  -40.002  -36.234  57.314 0.0000000000
136097  -40.485  -37.212  56.196 0.0000000000
42634  -41.066  -38.525  54.760 0.0000000000
43486  -41.003  -37.771  53.365 0.0000000000
123698  -41.916  -39.006  53.289 0.0000000000
41775  -40.905  -39.548  54.173 0.0000000000
40955  -41.793  -41.025  53.011 0.0000000000
39282  -42.116  -43.447  52.002 0.0000000000
42677  -33.787  -38.389  49.614 0.0000000000
52157  -39.289  -26.972  56.756 0.0000000000
53114  -40.003  -26.259  56.272 0.0000000000
36464  -27.275  -45.406  66.585 0.0000000000
39154  -26.581  -42.822  65.588 0.0000000000
39172  -25.673  -42.262  64.246 0.0000000000
129329  -25.218  -40.646  64.297 0.0000000000
43385  -27.269  -37.273  63.018 0.0000000000
43386  -27.873  -36.939  62.458 0.0000000000
122190  -29.037  -36.302  62.165 0.0000000000
44229  -30.346  -35.793  61.613 0.0000000000
45024  -31.792  -35.533  61.788 0.0000000000
137961  -33.222  -35.436  61.939 0.0000000000
45026  -33.862  -35.482  61.927 0.0000000000
45882  -34.342  -34.664  63.559 0.0000000000
45028  -35.411  -35.054  61.488 0.0000000000
143379  -35.942  -34.758  61.771 0.0000000000
45903  -37.287  -34.201  61.475 0.0000000000
46748  -37.910  -33.821  61.109 0.0000000000
47636  -38.699  -32.591  60.702 0.0000000000
47637  -39.494  -32.123  60.196 0.0000000000
129392  -40.044  -30.944  60.107 0.0000000000
52149  -39.610  -27.363  57.830 0.0000000000
53120  -40.167  -26.317  55.226 0.0000000000
52185  -41.495  -27.561  53.622 0.0000000000
141639  -41.848  -28.856  52.429 0.0000000000
137393  -43.748  -26.941  54.355 0.0000000000
143482  -42.886  -28.736  52.999 0.0000000000
50283  -41.949  -29.414  51.891 0.0000000000
50330  -42.090  -29.642  51.027 0.0000000000
50348  -42.653  -28.838  49.931 0.0000000000
51302  -42.538  -27.793  48.033 0.0000000000
51291  -44.669  -28.096  49.159 0.0000000000
52224  -43.393  -27.828  48.020 0.0000000000
52244  -42.523  -27.555  46.306 0.0000000000
121686  -43.027  -27.558  45.677 0.0000000000
52286  -42.973  -27.334  44.389 0.0000000000
121281  -43.134  -26.494  43.606 0.0000000000
121454  -45.721  -26.396  44.734 0.0000000000
54132  -43.616  -25.623  43.521 0.0000000000
54142  -41.948  -25.226  42.586 0.0000000000
55959  -41.828  -24.188  42.334 0.0000000000
56841  -41.531  -22.381  41.425 0.0000000000
57683  -41.405  -21.639  40.856 0.0000000000
137556  -49.001  -22.664  44.234 0.0000000000
57636  -47.074  -21.956  43.342 0.0000000000
122573  -48.553  -20.075  43.294 0.0000000000
57650  -46.893  -21.203  42.819 0.0000000000
57635  -46.097  -21.769  43.126 0.0000000000
57665  -44.143  -21.230  41.841 0.0000000000
123644  -42.649  -20.740  40.858 0.0000000000
58520  -40.648  -20.356  39.545 0.0000000000
59346  -41.037  -19.670  39.128 0.0000000000
60239  -41.174  -18.550  37.253 0.0000000000
60248  -41.257  -18.222  36.415 0.0000000000
61143  -43.546  -17.470  37.687 0.0000000000
61151  -42.888  -17.331  35.929 0.0000000000
61180  -41.683  -17.891  34.223 0.0000000000
62081  -49.623  -15.992  38.846 0.0000000000
62091  -48.655  -16.410  37.691 0.0000000000
61156  -47.948  -17.041  36.247 0.0000000000
60253  -49.404  -18.596  35.514 0.0000000000
134574  -48.536  -18.566  35.207 0.0000000000
60271  -47.118  -18.480  34.723 0.0000000000
36505  -25.904  -45.680  61.660 0.0000000000
38329  -30.066  -43.087  64.362 0.0000000000
38339  -29.354  -43.751  62.748 0.0000000000
131003  -29.537  -43.546  61.495 0.0000000000
38341  -30.970  -42.883  62.229 0.0000000000
38349  -29.854  -43.501  60.569 0.0000000000
38359  -28.654  -44.178  59.719 0.0000000000
37481  -28.586  -44.418  58.338 0.0000000000
43427  -29.552  -37.099  57.631 0.0000000000
42616  -28.839  -38.857  55.349 0.0000000000
40920  -29.802  -40.309  55.212 0.0000000000
40160  -32.811  -41.212  54.183 0.0000000000
40147  -31.780  -41.210  54.847 0.0000000000
40124  -31.712  -41.574  56.573 0.0000000000
136967  -32.896  -41.897  57.749 0.0000000000
40102  -34.304  -42.118  59.150 0.0000000000
39215  -35.649  -42.822  59.788 0.0000000000
120546  -39.009  -45.406  55.514 0.0000000000
122658  -38.347  -44.476  56.546 0.0000000000
38376  -37.878  -43.974  57.570 0.0000000000
38370  -37.236  -43.678  58.145 0.0000000000
37474  -36.166  -44.040  59.306 0.0000000000
38354  -35.225  -43.553  60.437 0.0000000000
51211  -38.081  -28.102  55.549 0.0000000000
51204  -38.288  -28.357  56.542 0.0000000000
57689  -38.815  -21.859  39.199 0.0000000000
57694  -39.169  -21.131  38.760 0.0000000000
58519  -39.839  -20.663  39.205 0.0000000000
44227  -28.796  -36.598  61.181 0.0000000000
44235  -28.943  -36.821  60.182 0.0000000000
48588  -32.107  -31.252  47.649 0.0000000000
52242  -41.020  -27.501  46.254 0.0000000000
45914  -38.339  -34.068  60.402 0.0000000000
45054  -38.518  -35.088  59.314 0.0000000000
42668  -36.212  -38.423  50.498 0.0000000000
136363  -37.044  -38.796  50.406 0.0000000000
135381  -31.599  -32.028  48.118 0.0000000000
62047  -50.356  -15.882  42.225 0.0000000000
62046  -49.682  -16.243  41.908 0.0000000000
38317  -29.032  -43.620  65.720 0.0000000000
142511  -29.290  -43.781  65.546 0.0000000000
39157  -29.116  -43.085  65.223 0.0000000000
39209  -34.587  -42.534  60.936 0.0000000000
38345  -34.310  -42.961  61.393 0.0000000000
37453  -34.289  -43.835  61.169 0.0000000000
38431  -39.908  -44.023  52.464 0.0000000000
37557  -40.442  -45.281  53.028 0.0000000000
49416  -35.358  -30.430  51.511 0.0000000000
50304  -39.359  -29.471  50.875 0.0000000000
119102  -40.309  -29.812  50.961 0.0000000000
119359  -40.267  -29.795  50.485 0.0000000000
50305  -41.171  -29.704  51.376 0.0000000000
122057  -40.761  -31.085  58.920 0.0000000000
48506  -40.826  -31.812  58.429 0.0000000000
48505  -40.580  -31.705  57.975 0.0000000000
46798  -36.634  -33.451  55.208 0.0000000000
133428  -36.295  -34.519  54.142 0.0000000000
46824  -35.759  -33.931  53.817 0.0000000000
49401  -35.531  -30.627  52.399 0.0000000000
41697  -25.561  -40.010  61.844 0.0000000000
40880  -25.558  -40.813  61.348 0.0000000000
40121  -28.756  -41.055  57.016 0.0000000000
40109  -28.488  -41.416  57.726 0.0000000000
40110  -29.440  -41.479  57.534 0.0000000000
40099  -31.304  -41.532  58.259 0.0000000000
140100  -30.896  -41.550  57.596 0.0000000000
119348  -36.262  -29.569  46.930 0.0000000000
52280  -36.851  -27.731  43.131 0.0000000000
51334  -36.215  -28.083  43.693 0.0000000000
141333  -40.555  -26.240  42.317 0.0000000000
54141  -40.724  -25.622  42.197 0.0000000000
138458  -41.347  -25.656  42.533 0.0000000000
45049  -33.973  -35.368  60.078 0.0000000000
45061  -33.421  -35.492  59.312 0.0000000000
129905  -34.241  -35.383  59.286 0.0000000000
42618  -38.639  -38.261  55.156 0.0000000000
42633  -37.529  -37.953  54.850 0.0000000000
41758  -38.818  -38.738  54.439 0.0000000000
41774  -38.895  -39.344  53.783 0.0000000000
127284  -40.791  -36.463  54.656 0.0000000000
40970  -39.935  -40.815  50.323 0.0000000000
41805  -40.696  -40.270  51.101 0.0000000000
40201  -41.173  -42.044  50.658 0.0000000000
40200  -40.140  -41.588  50.179 0.0000000000
44337  -32.776  -35.871  50.126 0.0000000000
51262  -44.129  -27.969  51.510 0.0000000000
51316  -47.756  -28.065  46.862 0.0000000000
51307  -47.842  -28.209  47.447 0.0000000000
51315  -47.135  -28.179  46.894 0.0000000000
130629  -45.782  -27.907  46.524 0.0000000000
52247  -46.408  -27.908  46.423 0.0000000000
52260  -46.408  -27.621  45.863 0.0000000000
124539  -46.317  -23.207  43.649 0.0000000000
55942  -45.369  -23.574  43.613 0.0000000000
56815  -44.736  -23.150  43.352 0.0000000000
60152  -49.268  -17.933  47.010 0.0000000000
59258  -49.301  -19.694  46.399 0.0000000000
58459  -49.392  -20.163  45.488 0.0000000000
59273  -49.427  -19.162  45.541 0.0000000000
60218  -46.270  -18.346  40.684 0.0000000000
59339  -46.013  -19.037  40.891 0.0000000000
59338  -45.204  -19.299  40.655 0.0000000000
60216  -44.513  -18.866  40.144 0.0000000000
60228  -43.917  -18.496  39.525 0.0000000000
60229  -44.741  -18.194  39.636 0.0000000000
142845  -46.206  -16.696  36.055 0.0000000000
62097  -44.962  -16.804  36.097 0.0000000000
62107  -45.644  -16.865  35.755 0.0000000000
61183  -45.700  -17.551  35.071 0.0000000000
62094  -51.647  -16.565  37.648 0.0000000000
61146  -51.236  -17.139  37.225 0.0000000000
62102  -51.849  -16.875  36.854 0.0000000000
35604  -25.586  -46.380  64.087 0.0000000000
127046  -27.783  -44.497  61.121 0.0000000000
37457  -27.323  -44.613  60.401 0.0000000000
131004  -27.111  -44.620  59.475 0.0000000000
40046  -31.092  -41.613  62.927 0.0000000000
40037  -30.856  -41.929  63.551 0.0000000000
39177  -31.326  -41.810  63.127 0.0000000000
36557  -30.992  -45.418  58.713 0.0000000000
43463  -32.531  -37.636  54.515 0.0000000000
43462  -31.565  -37.650  54.634 0.0000000000
42643  -32.372  -38.981  53.602 0.0000000000
39252  -35.439  -42.694  56.127 0.0000000000
39240  -35.799  -42.675  56.838 0.0000000000
39241  -36.765  -43.167  57.121 0.0000000000
50268  -37.111  -29.140  53.627 0.0000000000
51226  -37.717  -28.595  53.357 0.0000000000
52182  -38.606  -27.690  53.884 0.0000000000
51227  -38.555  -28.254  53.075 0.0000000000
50223  -38.880  -29.633  57.593 0.0000000000
50233  -37.627  -29.809  56.387 0.0000000000
49357  -37.742  -30.567  56.664 0.0000000000
48524  -36.995  -31.291  55.851 0.0000000000
49371  -36.617  -30.888  55.309 0.0000000000
50267  -36.653  -29.823  54.120 0.0000000000
130820  -36.335  -30.215  53.424 0.0000000000
57696  -37.349  -21.936  37.599 0.0000000000
59362  -38.744  -19.917  36.747 0.0000000000
59364  -39.922  -19.136  36.695 0.0000000000
42567  -26.935  -37.828  61.237 0.0000000000
42566  -26.486  -38.528  61.079 0.0000000000
42576  -26.976  -38.043  60.512 0.0000000000
43417  -27.615  -37.784  59.037 0.0000000000
42591  -27.064  -38.571  58.595 0.0000000000
42599  -27.486  -38.917  57.237 0.0000000000
42608  -27.740  -39.038  56.534 0.0000000000
49460  -31.630  -30.736  45.920 0.0000000000
51311  -37.572  -28.888  46.851 0.0000000000
51312  -38.350  -28.456  46.904 0.0000000000
51321  -38.363  -27.688  45.662 0.0000000000
52268  -38.874  -27.452  43.970 0.0000000000
52270  -40.956  -27.469  44.332 0.0000000000
52298  -41.040  -27.063  43.434 0.0000000000
45041  -36.424  -34.966  60.348 0.0000000000
45051  -35.789  -35.247  59.591 0.0000000000
45052  -36.793  -35.314  59.519 0.0000000000
45079  -38.681  -36.025  57.999 0.0000000000
45078  -37.799  -36.111  58.039 0.0000000000
44270  -38.320  -36.433  57.430 0.0000000000
43439  -38.507  -37.232  56.349 0.0000000000
43484  -39.310  -37.393  52.495 0.0000000000
42670  -38.681  -38.713  50.869 0.0000000000
41802  -38.221  -39.439  50.186 0.0000000000
40989  -38.163  -40.590  48.207 0.0000000000
46873  -32.127  -33.495  49.554 0.0000000000
53192  -49.081  -26.457  46.039 0.0000000000
54116  -48.786  -26.353  45.642 0.0000000000
55926  -49.880  -23.976  44.917 0.0000000000
55040  -49.447  -24.601  44.794 0.0000000000
55925  -49.023  -23.926  44.453 0.0000000000
55924  -47.441  -23.737  44.203 0.0000000000
134500  -50.547  -15.688  44.241 0.0000000000
61996  -50.263  -15.658  45.381 0.0000000000
61080  -50.162  -16.607  44.671 0.0000000000
135733  -49.593  -17.572  44.003 0.0000000000
61110  -48.477  -17.172  41.895 0.0000000000
61109  -47.775  -17.594  41.533 0.0000000000
61108  -47.186  -17.699  41.027 0.0000000000
61122  -47.180  -17.195  40.425 0.0000000000
62079  -47.423  -16.393  38.493 0.0000000000
62089  -46.949  -16.486  37.511 0.0000000000
62090  -47.720  -16.396  37.657 0.0000000000
139547  -52.941  -17.067  34.575 0.0000000000
61173  -52.464  -17.542  35.182 0.0000000000
125073  -27.642  -45.540  65.472 0.0000000000
36488  -27.188  -45.902  64.201 0.0000000000
36482  -27.737  -45.545  64.836 0.0000000000
37439  -28.952  -44.398  64.267 0.0000000000
36490  -28.271  -44.864  63.755 0.0000000000
40059  -32.778  -41.699  61.834 0.0000000000
38353  -33.624  -43.172  61.397 0.0000000000
127368  -34.124  -44.895  60.871 0.0000000000
36518  -33.855  -45.556  60.869 0.0000000000
40950  -35.874  -40.749  52.584 0.0000000000
40170  -34.887  -41.134  52.935 0.0000000000
39278  -35.932  -41.839  52.834 0.0000000000
38418  -37.451  -43.612  53.826 0.0000000000
38417  -36.430  -42.947  53.558 0.0000000000
38409  -36.730  -43.449  54.483 0.0000000000
38410  -38.076  -44.059  55.028 0.0000000000
49444  -33.874  -30.760  49.013 0.0000000000
50341  -35.930  -29.819  50.062 0.0000000000
50354  -36.062  -30.022  49.149 0.0000000000
118892  -36.153  -29.947  48.273 0.0000000000
50302  -37.424  -29.256  51.575 0.0000000000
142543  -37.819  -29.429  50.959 0.0000000000
133787  -38.134  -29.711  50.391 0.0000000000
121895  -38.483  -30.144  49.653 0.0000000000
50356  -37.558  -29.750  48.732 0.0000000000
50357  -38.326  -30.025  48.896 0.0000000000
50363  -38.456  -29.328  48.257 0.0000000000
50358  -40.178  -29.312  49.404 0.0000000000
51287  -40.587  -28.636  48.921 0.0000000000
47646  -40.252  -32.387  59.567 0.0000000000
45925  -40.263  -33.809  58.880 0.0000000000
46762  -40.942  -33.170  58.427 0.0000000000
46779  -40.974  -33.235  57.484 0.0000000000
46780  -41.021  -33.662  57.450 0.0000000000
46790  -41.001  -33.951  57.131 0.0000000000
45965  -40.477  -35.183  55.846 0.0000000000
45952  -40.029  -34.398  56.280 0.0000000000
47677  -39.154  -32.395  57.076 0.0000000000
45976  -37.706  -34.749  54.926 0.0000000000
124790  -38.374  -34.420  55.550 0.0000000000
45977  -38.769  -35.200  55.084 0.0000000000
45112  -38.388  -36.146  53.966 0.0000000000
45111  -37.530  -35.918  53.761 0.0000000000
45120  -36.231  -35.735  53.057 0.0000000000
44311  -37.195  -36.312  52.971 0.0000000000
44319  -36.552  -36.343  52.457 0.0000000000
44329  -35.782  -36.412  51.948 0.0000000000
43494  -35.166  -36.951  51.287 0.0000000000
45126  -35.191  -35.625  52.181 0.0000000000
45118  -34.698  -34.823  52.260 0.0000000000
135743  -34.346  -34.909  51.786 0.0000000000
47704  -35.454  -32.400  53.468 0.0000000000
47710  -34.471  -32.733  52.310 0.0000000000
126227  -34.003  -32.988  51.762 0.0000000000
46853  -33.980  -33.742  51.760 0.0000000000
47725  -33.673  -32.552  51.135 0.0000000000
48569  -34.260  -31.202  50.633 0.0000000000
48568  -33.660  -31.603  50.250 0.0000000000
139101  -51.633  -13.734  40.199 0.0000000000
64706  -51.728  -13.410  39.533 0.0000000000
63853  -51.979  -14.114  38.708 0.0000000000
143174  -51.951  -13.485  38.463 0.0000000000
120888  -52.355  -13.778  37.111 0.0000000000
121273  -52.600  -14.942  36.018 0.0000000000
64735  -52.488  -13.987  36.263 0.0000000000
136146  -27.016  -42.914  63.503 0.0000000000
39184  -26.353  -42.704  62.885 0.0000000000
39207  -26.685  -42.077  61.055 0.0000000000
39197  -27.267  -42.358  61.727 0.0000000000
119174  -28.857  -41.962  61.557 0.0000000000
41714  -26.112  -39.702  59.667 0.0000000000
125989  -26.223  -40.780  59.579 0.0000000000
40895  -26.673  -40.787  58.654 0.0000000000
121596  -29.410  -41.833  59.582 0.0000000000
119445  -30.284  -41.563  60.484 0.0000000000
40071  -31.664  -41.487  60.954 0.0000000000
119611  -31.018  -41.514  60.204 0.0000000000
40086  -32.750  -41.667  59.935 0.0000000000
142668  -33.488  -41.843  60.307 0.0000000000
40073  -33.931  -41.845  60.901 0.0000000000
40087  -33.983  -42.124  60.078 0.0000000000
49456  -33.580  -30.445  47.374 0.0000000000
119829  -34.826  -29.478  46.204 0.0000000000
135121  -33.853  -29.681  46.055 0.0000000000
119583  -33.585  -29.567  45.396 0.0000000000
51319  -36.327  -28.867  45.750 0.0000000000
51333  -35.413  -28.191  43.421 0.0000000000
52309  -39.087  -27.217  41.879 0.0000000000
54149  -38.797  -26.038  40.945 0.0000000000
130420  -38.721  -24.393  40.406 0.0000000000
55976  -39.900  -23.972  41.298 0.0000000000
55994  -40.122  -23.137  40.933 0.0000000000
56855  -39.651  -22.681  40.372 0.0000000000
44244  -31.145  -35.890  59.384 0.0000000000
45048  -31.872  -35.715  60.027 0.0000000000
45073  -32.777  -35.751  57.864 0.0000000000
44254  -32.136  -35.808  58.373 0.0000000000
44265  -33.095  -36.040  57.250 0.0000000000
44295  -32.769  -36.582  55.800 0.0000000000
44296  -33.752  -36.684  55.748 0.0000000000
45076  -35.458  -35.854  57.950 0.0000000000
134684  -35.807  -36.122  57.293 0.0000000000
43467  -36.542  -37.707  54.755 0.0000000000
43466  -35.601  -37.688  54.598 0.0000000000
43465  -34.557  -37.806  54.296 0.0000000000
42631  -35.292  -38.224  54.025 0.0000000000
42646  -35.634  -38.785  53.490 0.0000000000
41772  -36.386  -39.170  53.071 0.0000000000
40953  -38.792  -40.172  53.100 0.0000000000
40952  -37.694  -40.381  52.565 0.0000000000
40174  -38.496  -41.099  52.419 0.0000000000
132903  -38.823  -42.733  52.252 0.0000000000
45068  -40.698  -34.916  57.687 0.0000000000
125518  -40.387  -35.625  57.519 0.0000000000
44272  -40.788  -36.030  56.746 0.0000000000
44301  -41.324  -37.315  54.962 0.0000000000
44288  -41.104  -36.699  56.128 0.0000000000
135538  -41.063  -37.361  55.564 0.0000000000
42620  -40.680  -38.049  55.242 0.0000000000
43456  -41.285  -37.901  54.903 0.0000000000
141208  -40.304  -38.214  52.376 0.0000000000
41789  -41.775  -39.415  52.622 0.0000000000
41790  -42.242  -40.008  53.061 0.0000000000
41777  -41.936  -39.393  53.530 0.0000000000
40943  -42.048  -40.259  53.314 0.0000000000
40942  -41.280  -40.156  53.549 0.0000000000
40956  -42.237  -41.141  52.661 0.0000000000
38466  -42.021  -43.316  51.520 0.0000000000
39294  -42.225  -43.000  51.825 0.0000000000
38453  -42.101  -44.121  51.892 0.0000000000
37584  -41.568  -44.686  51.491 0.0000000000
42666  -34.263  -38.278  50.164 0.0000000000
43511  -33.798  -37.886  50.199 0.0000000000
35584  -26.609  -45.935  66.345 0.0000000000
40029  -25.376  -41.481  64.948 0.0000000000
43392  -26.746  -37.788  62.524 0.0000000000
45023  -30.958  -35.660  62.164 0.0000000000
45015  -33.379  -35.284  62.740 0.0000000000
45883  -35.062  -34.274  63.489 0.0000000000
45873  -34.361  -34.081  64.312 0.0000000000
45890  -34.895  -34.613  62.894 0.0000000000
45017  -35.294  -34.842  62.219 0.0000000000
45901  -36.165  -34.455  62.279 0.0000000000
46736  -36.878  -33.992  62.228 0.0000000000
46737  -37.507  -33.537  61.773 0.0000000000
47624  -38.304  -32.350  61.429 0.0000000000
48475  -38.547  -31.618  61.517 0.0000000000
47625  -38.921  -31.855  60.811 0.0000000000
49305  -39.849  -30.262  60.452 0.0000000000
49306  -40.389  -30.251  59.877 0.0000000000
53121  -40.984  -25.736  55.887 0.0000000000
52172  -41.971  -26.757  54.505 0.0000000000
132002  -43.551  -28.516  52.599 0.0000000000
51231  -43.445  -28.507  53.112 0.0000000000
51243  -43.200  -28.907  52.414 0.0000000000
51242  -42.572  -28.991  52.437 0.0000000000
50284  -42.685  -29.287  51.892 0.0000000000
50306  -42.000  -29.602  51.376 0.0000000000
50307  -42.704  -29.299  51.516 0.0000000000
51260  -43.221  -28.698  50.262 0.0000000000
51289  -42.181  -28.204  48.955 0.0000000000
127769  -43.085  -28.184  49.146 0.0000000000
51293  -47.062  -28.185  48.672 0.0000000000
51276  -45.449  -27.805  49.916 0.0000000000
51292  -45.863  -28.005  48.853 0.0000000000
136365  -44.750  -27.809  47.300 0.0000000000
51303  -44.276  -28.039  48.053 0.0000000000
121291  -43.913  -27.632  47.039 0.0000000000
52234  -42.928  -27.628  47.083 0.0000000000
52245  -43.240  -27.600  46.397 0.0000000000
52273  -43.687  -27.319  44.722 0.0000000000
142990  -43.176  -27.475  45.031 0.0000000000
53205  -43.466  -27.015  44.097 0.0000000000
124222  -42.818  -27.098  43.833 0.0000000000
55055  -44.159  -24.748  43.533 0.0000000000
54133  -44.496  -25.564  43.911 0.0000000000
55069  -42.607  -24.587  42.717 0.0000000000
142152  -43.336  -22.517  42.377 0.0000000000
56842  -42.381  -22.357  41.748 0.0000000000
57662  -42.085  -21.741  41.334 0.0000000000
57627  -49.268  -21.564  44.514 0.0000000000
57628  -49.665  -22.098  45.057 0.0000000000
56819  -48.804  -21.981  44.010 0.0000000000
56818  -48.094  -22.302  43.719 0.0000000000
57637  -47.875  -21.388  43.347 0.0000000000
59292  -48.564  -19.305  43.208 0.0000000000
58496  -46.309  -20.177  41.770 0.0000000000
58486  -46.770  -20.531  42.322 0.0000000000
58485  -45.977  -21.018  42.315 0.0000000000
57666  -44.974  -21.150  42.044 0.0000000000
58511  -43.162  -20.215  40.511 0.0000000000
58494  -43.255  -20.748  41.189 0.0000000000
58510  -42.188  -20.356  40.328 0.0000000000
58521  -41.509  -20.090  39.746 0.0000000000
59347  -41.849  -19.488  39.340 0.0000000000
60240  -41.782  -18.602  37.875 0.0000000000
61141  -41.948  -17.897  37.158 0.0000000000
61136  -45.410  -17.121  38.638 0.0000000000
61135  -44.760  -17.357  38.509 0.0000000000
127990  -43.652  -17.314  36.034 0.0000000000
61152  -43.418  -17.341  36.806 0.0000000000
61163  -42.503  -17.488  35.177 0.0000000000
61162  -41.723  -17.643  34.986 0.0000000000
62960  -51.062  -15.803  39.742 0.0000000000
62942  -50.358  -15.891  40.079 0.0000000000
62073  -50.420  -16.005  39.334 0.0000000000
61145  -49.769  -17.158  36.762 0.0000000000
62092  -49.754  -16.532  37.829 0.0000000000
62101  -49.033  -16.648  37.070 0.0000000000
62100  -48.261  -16.618  36.916 0.0000000000
123246  -48.802  -17.104  36.461 0.0000000000
60255  -51.284  -18.444  35.101 0.0000000000
61171  -50.990  -18.029  35.884 0.0000000000
60254  -50.406  -18.747  35.403 0.0000000000
60272  -48.020  -18.873  34.688 0.0000000000
60252  -47.836  -18.167  35.208 0.0000000000
120073  -27.196  -45.629  63.152 0.0000000000
36497  -26.487  -45.637  62.383 0.0000000000
120152  -26.143  -45.232  60.177 0.0000000000
36532  -25.299  -45.282  59.227 0.0000000000
36554  -26.246  -44.825  57.972 0.0000000000
36578  -27.647  -45.176  57.169 0.0000000000
130208  -29.517  -42.881  64.637 0.0000000000
39176  -30.216  -42.360  64.024 0.0000000000
38336  -30.915  -42.578  63.272 0.0000000000
38335  -30.328  -43.127  63.650 0.0000000000
38342  -32.385  -42.367  62.054 0.0000000000
133832  -31.595  -42.804  61.776 0.0000000000
38360  -29.451  -43.869  59.712 0.0000000000
139211  -28.373  -44.299  59.025 0.0000000000
37468  -29.041  -44.182  58.984 0.0000000000
35669  -32.820  -46.042  60.314 0.0000000000
44262  -30.383  -36.705  57.742 0.0000000000
44261  -29.890  -36.755  58.271 0.0000000000
43428  -30.021  -37.122  56.967 0.0000000000
138674  -30.317  -38.625  54.405 0.0000000000
42610  -29.165  -38.130  55.469 0.0000000000
42617  -29.437  -38.706  54.842 0.0000000000
41748  -29.173  -39.492  55.171 0.0000000000
41756  -29.881  -39.500  54.637 0.0000000000
40162  -34.316  -41.351  53.408 0.0000000000
40938  -32.774  -40.686  53.750 0.0000000000
40161  -33.412  -41.253  53.787 0.0000000000
40137  -33.088  -41.964  55.646 0.0000000000
40148  -32.520  -41.476  54.832 0.0000000000
40136  -32.200  -41.558  55.724 0.0000000000
40135  -31.397  -41.284  55.559 0.0000000000
40125  -32.655  -42.005  56.751 0.0000000000
40113  -32.240  -41.724  57.549 0.0000000000
40114  -33.473  -42.226  57.390 0.0000000000
39220  -34.962  -42.405  58.706 0.0000000000
39214  -35.080  -42.462  59.511 0.0000000000
36595  -38.886  -45.284  56.027 0.0000000000
37524  -38.919  -44.996  56.210 0.0000000000
36583  -37.905  -45.158  56.956 0.0000000000
37505  -38.000  -44.464  57.220 0.0000000000
37486  -37.602  -44.188  57.931 0.0000000000
38364  -35.722  -43.368  59.896 0.0000000000
37473  -35.481  -44.212  60.036 0.0000000000
52170  -39.412  -27.180  54.006 0.0000000000
51197  -38.753  -28.709  57.383 0.0000000000
50248  -37.326  -29.603  55.546 0.0000000000
50247  -36.826  -30.110  55.069 0.0000000000
51210  -37.619  -28.835  55.124 0.0000000000
56860  -38.517  -22.731  39.471 0.0000000000
56864  -38.151  -22.184  38.813 0.0000000000
136550  -37.825  -21.820  38.205 0.0000000000
57697  -37.939  -21.259  37.606 0.0000000000
58533  -37.681  -20.892  36.708 0.0000000000
58524  -38.723  -20.817  37.978 0.0000000000
58529  -38.961  -20.241  37.507 0.0000000000
43394  -28.068  -37.122  61.500 0.0000000000
43409  -28.315  -37.254  59.644 0.0000000000
43418  -28.406  -37.432  58.613 0.0000000000
51299  -39.632  -28.120  47.864 0.0000000000
51313  -39.219  -27.748  46.928 0.0000000000
52255  -39.827  -27.537  45.342 0.0000000000
52256  -40.745  -27.482  45.260 0.0000000000
52271  -41.697  -27.490  44.778 0.0000000000
45053  -37.700  -35.244  59.448 0.0000000000
43497  -37.977  -37.481  51.700 0.0000000000
43504  -37.300  -38.113  51.130 0.0000000000
41801  -37.414  -39.458  49.935 0.0000000000
41817  -37.155  -39.957  49.009 0.0000000000
41816  -36.303  -39.586  48.807 0.0000000000
47750  -32.365  -32.658  49.405 0.0000000000
62008  -50.114  -16.641  43.580 0.0000000000
61095  -49.492  -17.223  43.062 0.0000000000
62026  -49.931  -16.484  42.683 0.0000000000
62045  -48.946  -16.466  41.568 0.0000000000
62044  -48.212  -16.765  41.203 0.0000000000
134241  -47.889  -16.585  40.344 0.0000000000
62058  -48.883  -16.228  40.696 0.0000000000
140405  -48.551  -16.196  39.859 0.0000000000
62071  -48.778  -15.982  39.101 0.0000000000
37425  -28.419  -44.548  66.110 0.0000000000
37433  -29.104  -44.427  65.143 0.0000000000
37434  -29.484  -43.807  64.703 0.0000000000
40060  -33.624  -41.911  61.350 0.0000000000
39280  -37.716  -42.364  52.399 0.0000000000
39279  -36.767  -42.024  52.680 0.0000000000
142171  -38.093  -43.694  53.200 0.0000000000
49432  -34.619  -30.567  50.238 0.0000000000
49433  -35.280  -30.239  50.601 0.0000000000
51251  -39.006  -29.041  51.463 0.0000000000
50303  -38.438  -29.330  51.000 0.0000000000
137326  -39.148  -30.228  49.862 0.0000000000
50346  -40.574  -29.722  50.220 0.0000000000
47658  -41.041  -32.460  58.326 0.0000000000
133801  -41.089  -32.457  57.931 0.0000000000
131038  -37.648  -32.812  56.076 0.0000000000
143342  -37.264  -33.269  55.637 0.0000000000
45963  -37.396  -33.959  55.376 0.0000000000
45099  -36.978  -35.201  54.336 0.0000000000
141985  -36.413  -35.084  53.964 0.0000000000
48545  -35.342  -31.573  52.835 0.0000000000
48558  -34.444  -31.481  51.447 0.0000000000
40044  -25.550  -41.655  62.756 0.0000000000
39195  -25.909  -42.262  62.503 0.0000000000
40053  -25.729  -41.619  61.803 0.0000000000
40054  -26.167  -41.731  61.223 0.0000000000
40068  -26.246  -41.486  60.416 0.0000000000
40902  -26.767  -40.260  58.056 0.0000000000
40095  -27.152  -41.313  58.563 0.0000000000
40108  -27.602  -41.193  57.866 0.0000000000
40097  -29.376  -41.639  58.492 0.0000000000
119444  -31.117  -41.483  59.152 0.0000000000
40100  -32.685  -41.750  58.587 0.0000000000
138512  -35.254  -30.088  47.979 0.0000000000
130229  -34.982  -29.747  47.164 0.0000000000
51325  -36.419  -28.237  44.465 0.0000000000
53226  -40.160  -26.113  41.917 0.0000000000
54150  -39.527  -25.681  41.439 0.0000000000
54159  -39.123  -25.104  40.877 0.0000000000
55081  -39.711  -24.832  41.370 0.0000000000
55082  -40.542  -24.647  41.734 0.0000000000
55083  -41.175  -24.193  41.934 0.0000000000
45037  -32.619  -35.514  60.647 0.0000000000
44245  -31.941  -35.691  59.215 0.0000000000
120518  -32.744  -35.557  59.807 0.0000000000
45060  -33.064  -35.600  58.477 0.0000000000
45074  -33.561  -35.705  57.859 0.0000000000
44284  -37.110  -36.582  56.822 0.0000000000
44299  -36.648  -36.773  56.073 0.0000000000
43452  -37.084  -37.345  55.458 0.0000000000
121633  -36.806  -38.200  54.330 0.0000000000
41773  -37.229  -38.973  53.300 0.0000000000
42649  -38.015  -38.974  53.962 0.0000000000
40954  -40.038  -40.807  52.657 0.0000000000
45086  -40.989  -35.402  56.499 0.0000000000
123942  -41.317  -36.103  55.947 0.0000000000
133065  -41.259  -36.838  54.918 0.0000000000
43468  -41.224  -37.415  54.441 0.0000000000
41797  -40.336  -39.303  51.398 0.0000000000
42664  -40.900  -38.844  52.111 0.0000000000
40959  -41.780  -40.811  51.610 0.0000000000
40960  -42.366  -41.557  52.122 0.0000000000
40972  -41.787  -41.747  51.431 0.0000000000
45001  -31.656  -35.340  64.047 0.0000000000
142203  -35.744  -34.053  63.364 0.0000000000
45892  -36.311  -34.052  62.875 0.0000000000
46717  -36.113  -33.547  63.488 0.0000000000
137778  -38.763  -30.990  61.595 0.0000000000
54019  -42.105  -25.437  56.129 0.0000000000
130099  -42.841  -25.707  55.638 0.0000000000
129551  -43.025  -26.391  55.145 0.0000000000
129466  -43.915  -27.978  52.519 0.0000000000
50308  -43.285  -28.886  51.664 0.0000000000
138264  -43.673  -28.429  51.572 0.0000000000
52226  -48.235  -27.682  48.067 0.0000000000
51294  -47.723  -28.178  48.177 0.0000000000
51305  -46.173  -28.150  47.867 0.0000000000
52235  -45.511  -27.988  47.129 0.0000000000
52246  -44.920  -27.686  46.507 0.0000000000
52259  -44.727  -27.587  45.757 0.0000000000
52274  -44.516  -27.412  45.051 0.0000000000
123864  -45.108  -27.084  44.830 0.0000000000
55038  -46.899  -24.718  44.385 0.0000000000
55037  -45.922  -24.858  44.326 0.0000000000
55940  -43.817  -24.051  43.334 0.0000000000
55070  -43.219  -23.717  42.936 0.0000000000
55961  -44.024  -23.337  43.205 0.0000000000
134195  -43.597  -22.863  42.738 0.0000000000
57648  -43.771  -22.215  42.377 0.0000000000
57608  -49.182  -20.631  46.264 0.0000000000
58466  -48.749  -20.649  43.960 0.0000000000
59306  -47.534  -18.861  42.228 0.0000000000
59324  -46.966  -18.997  41.755 0.0000000000
59323  -46.473  -19.405  41.498 0.0000000000
118750  -44.504  -20.621  41.537 0.0000000000
59321  -44.882  -19.959  41.104 0.0000000000
59337  -44.295  -19.551  40.590 0.0000000000
59348  -42.624  -19.340  39.612 0.0000000000
60227  -43.074  -18.724  39.363 0.0000000000
60233  -42.753  -18.445  38.689 0.0000000000
61133  -43.068  -17.883  38.219 0.0000000000
62088  -45.651  -16.570  37.263 0.0000000000
62087  -44.893  -16.665  36.869 0.0000000000
61165  -44.275  -17.303  35.579 0.0000000000
61181  -43.809  -17.564  34.772 0.0000000000
62976  -51.580  -15.707  38.870 0.0000000000
140408  -50.510  -17.019  37.313 0.0000000000
60288  -50.047  -19.273  33.961 0.0000000000
60273  -49.844  -19.190  34.785 0.0000000000
35614  -25.037  -46.204  62.328 0.0000000000
36506  -26.575  -45.364  61.523 0.0000000000
36516  -26.641  -45.086  60.733 0.0000000000
36533  -26.383  -44.874  59.498 0.0000000000
37480  -27.715  -44.491  58.627 0.0000000000
39187  -30.048  -41.944  63.595 0.0000000000
38362  -31.140  -43.676  59.952 0.0000000000
37470  -30.659  -44.081  59.165 0.0000000000
37482  -29.391  -44.526  58.363 0.0000000000
36581  -30.005  -45.880  57.709 0.0000000000
35678  -30.671  -46.065  58.344 0.0000000000
121585  -30.903  -46.961  58.860 0.0000000000
44279  -31.189  -36.856  56.322 0.0000000000
43436  -30.435  -37.089  56.178 0.0000000000
43437  -31.079  -37.120  55.387 0.0000000000
43461  -30.574  -37.805  54.664 0.0000000000
41767  -30.990  -39.105  53.783 0.0000000000
39263  -35.162  -42.716  54.736 0.0000000000
39262  -34.459  -42.329  54.565 0.0000000000
39251  -34.729  -42.533  55.506 0.0000000000
39238  -34.019  -42.315  56.050 0.0000000000
39228  -34.154  -42.439  56.979 0.0000000000
39229  -35.115  -42.452  57.342 0.0000000000
39230  -36.059  -42.752  57.751 0.0000000000
39222  -36.505  -43.156  58.329 0.0000000000
36582  -37.128  -45.456  57.488 0.0000000000
143368  -37.211  -44.597  58.268 0.0000000000
49402  -36.161  -30.140  52.747 0.0000000000
143340  -38.050  -28.564  52.619 0.0000000000
51240  -38.972  -28.719  52.129 0.0000000000
51241  -39.913  -28.954  52.076 0.0000000000
132184  -40.984  -29.005  52.038 0.0000000000
49328  -40.605  -30.236  58.857 0.0000000000
120589  -39.920  -31.013  58.028 0.0000000000
48516  -38.482  -31.706  56.980 0.0000000000
125855  -38.168  -30.142  57.160 0.0000000000
125591  -38.256  -30.974  57.224 0.0000000000
126160  -37.227  -32.009  56.016 0.0000000000
47697  -36.167  -32.714  54.750 0.0000000000
46809  -35.704  -33.057  53.991 0.0000000000
48530  -36.117  -31.800  54.433 0.0000000000
48538  -36.111  -31.097  54.116 0.0000000000
49384  -36.450  -30.602  54.571 0.0000000000
58534  -38.173  -20.343  36.331 0.0000000000
123616  -26.395  -38.497  62.050 0.0000000000
41698  -25.960  -39.268  61.460 0.0000000000
42583  -26.504  -39.128  59.088 0.0000000000
42584  -27.043  -38.309  59.592 0.0000000000
41723  -26.708  -39.445  58.249 0.0000000000
41732  -27.070  -39.633  57.557 0.0000000000
40911  -27.790  -40.236  56.655 0.0000000000
124477  -28.818  -40.705  56.278 0.0000000000
50362  -37.328  -29.367  47.483 0.0000000000
50369  -36.860  -29.278  46.851 0.0000000000
51320  -37.530  -28.043  45.470 0.0000000000
142672  -38.592  -27.828  46.353 0.0000000000
51326  -37.243  -27.814  44.648 0.0000000000
52281  -37.529  -27.584  43.270 0.0000000000
52295  -37.598  -27.482  42.514 0.0000000000
126073  -38.381  -27.423  43.085 0.0000000000
120580  -39.265  -27.290  42.663 0.0000000000
52282  -39.695  -27.364  43.455 0.0000000000
52297  -40.214  -27.087  43.004 0.0000000000
124221  -40.798  -26.752  43.016 0.0000000000
53216  -41.427  -26.735  43.225 0.0000000000
45050  -34.857  -35.312  59.805 0.0000000000
134765  -36.242  -35.949  57.799 0.0000000000
45064  -37.276  -35.683  58.700 0.0000000000
45077  -36.936  -36.085  57.984 0.0000000000
43438  -37.590  -37.001  56.233 0.0000000000
44313  -39.928  -36.798  53.407 0.0000000000
44322  -39.777  -37.204  52.938 0.0000000000
42655  -39.550  -37.919  52.244 0.0000000000
42662  -38.323  -38.155  51.428 0.0000000000
124475  -39.122  -38.243  51.612 0.0000000000
42671  -39.392  -38.934  51.097 0.0000000000
40991  -39.141  -40.635  49.623 0.0000000000
126643  -38.809  -41.060  49.139 0.0000000000
40990  -38.474  -40.652  48.937 0.0000000000
40232  -37.664  -40.790  47.391 0.0000000000
41834  -37.811  -40.365  48.169 0.0000000000
46021  -32.754  -34.549  50.289 0.0000000000
138620  -32.771  -35.232  50.195 0.0000000000
46025  -31.586  -34.822  49.120 0.0000000000
46872  -31.535  -33.967  49.094 0.0000000000
52249  -48.032  -27.656  46.503 0.0000000000
52261  -47.466  -27.473  45.955 0.0000000000
53190  -46.877  -27.179  45.496 0.0000000000
53191  -47.761  -26.807  45.530 0.0000000000
54124  -47.558  -25.482  44.703 0.0000000000
54126  -49.433  -25.092  45.086 0.0000000000
54125  -48.823  -25.346  44.813 0.0000000000
56817  -47.243  -22.777  43.712 0.0000000000
60164  -49.484  -18.153  45.835 0.0000000000
60172  -49.412  -18.439  44.726 0.0000000000
60180  -48.536  -18.407  43.086 0.0000000000
61094  -48.648  -17.646  42.652 0.0000000000
60192  -48.088  -18.293  42.461 0.0000000000
60204  -47.163  -18.286  41.615 0.0000000000
60203  -46.790  -18.175  41.060 0.0000000000
140977  -45.342  -17.877  39.760 0.0000000000
61120  -45.943  -17.782  40.188 0.0000000000
61129  -45.723  -17.403  39.429 0.0000000000
62068  -46.166  -16.849  38.942 0.0000000000
61131  -47.259  -16.751  39.834 0.0000000000
62069  -46.982  -16.616  39.127 0.0000000000
62077  -45.820  -16.630  38.105 0.0000000000
138424  -46.285  -16.522  37.596 0.0000000000
61154  -46.455  -16.558  36.791 0.0000000000
62103  -52.314  -16.500  36.405 0.0000000000
61158  -51.542  -17.511  36.428 0.0000000000
61159  -52.214  -17.319  36.082 0.0000000000
35605  -26.552  -46.220  64.606 0.0000000000
37451  -27.792  -44.659  61.902 0.0000000000
37452  -28.542  -44.094  61.557 0.0000000000
39189  -31.598  -41.792  62.837 0.0000000000
38343  -33.138  -42.292  61.702 0.0000000000
38363  -32.036  -43.730  60.215 0.0000000000
36535  -32.412  -45.371  59.753 0.0000000000
128966  -33.440  -46.100  60.791 0.0000000000
128927  -33.957  -39.092  53.476 0.0000000000
42644  -33.217  -39.018  53.474 0.0000000000
40940  -34.404  -40.533  53.105 0.0000000000
39270  -34.880  -42.199  53.795 0.0000000000
123086  -36.359  -42.374  53.065 0.0000000000
39271  -35.704  -42.339  53.362 0.0000000000
38401  -36.023  -43.234  55.070 0.0000000000
48584  -33.207  -31.179  48.668 0.0000000000
49449  -33.000  -30.960  47.896 0.0000000000
49451  -34.536  -30.368  48.504 0.0000000000
119246  -37.034  -29.631  48.206 0.0000000000
130125  -36.566  -29.553  51.363 0.0000000000
50325  -36.619  -29.576  50.442 0.0000000000
50326  -37.539  -29.678  49.946 0.0000000000
119675  -39.389  -29.700  49.077 0.0000000000
50364  -39.169  -28.992  48.378 0.0000000000
46760  -39.113  -33.673  59.949 0.0000000000
45924  -39.606  -34.076  59.381 0.0000000000
45941  -41.070  -34.293  57.326 0.0000000000
46771  -41.108  -33.570  57.781 0.0000000000
45942  -41.197  -34.777  56.904 0.0000000000
45966  -41.067  -35.649  55.924 0.0000000000
45092  -40.778  -35.709  55.414 0.0000000000
45102  -40.481  -35.966  54.824 0.0000000000
47678  -39.954  -33.136  57.031 0.0000000000
139783  -39.616  -33.722  56.556 0.0000000000
45951  -38.973  -34.071  56.166 0.0000000000
44305  -39.122  -36.461  53.687 0.0000000000
119151  -38.133  -36.687  52.553 0.0000000000
44320  -37.509  -36.674  52.241 0.0000000000
44331  -37.650  -36.923  51.911 0.0000000000
141764  -36.453  -37.771  51.175 0.0000000000
43503  -35.565  -37.694  50.908 0.0000000000
42667  -35.039  -38.378  50.337 0.0000000000
45124  -33.997  -35.792  51.199 0.0000000000
46009  -33.875  -35.001  51.424 0.0000000000
46022  -33.470  -34.292  51.118 0.0000000000
46823  -35.286  -33.269  53.439 0.0000000000
46839  -34.738  -33.511  52.878 0.0000000000
46002  -34.459  -34.049  52.334 0.0000000000
46867  -33.032  -33.662  50.542 0.0000000000
143283  -33.481  -32.191  50.557 0.0000000000
48579  -32.700  -31.832  49.144 0.0000000000
62927  -50.912  -15.421  41.564 0.0000000000
62928  -51.358  -14.968  41.281 0.0000000000
62961  -51.523  -15.272  39.737 0.0000000000
63863  -51.947  -15.045  39.103 0.0000000000
62977  -52.127  -15.199  38.380 0.0000000000
62988  -52.320  -15.445  37.586 0.0000000000
64714  -51.869  -12.951  38.775 0.0000000000
64722  -52.088  -13.332  37.914 0.0000000000
62995  -52.436  -15.639  36.708 0.0000000000
120681  -52.665  -15.910  35.766 0.0000000000
136762  -53.075  -16.262  34.671 0.0000000000
63895  -52.704  -14.261  35.178 0.0000000000
63010  -53.420  -15.603  33.916 0.0000000000
39166  -27.401  -42.857  64.728 0.0000000000
39174  -28.311  -42.657  63.955 0.0000000000
39186  -28.847  -42.302  63.190 0.0000000000
40055  -29.478  -41.936  62.615 0.0000000000
127508  -30.593  -41.521  62.336 0.0000000000
40884  -25.791  -40.808  60.526 0.0000000000
40069  -27.019  -41.949  60.312 0.0000000000
40082  -27.419  -41.769  59.470 0.0000000000
121535  -28.146  -42.078  60.477 0.0000000000
119612  -29.364  -41.792  60.766 0.0000000000
119841  -30.403  -41.516  61.527 0.0000000000
40057  -31.285  -41.429  62.245 0.0000000000
40058  -31.955  -41.322  62.026 0.0000000000
40085  -31.811  -41.517  60.032 0.0000000000
40061  -34.150  -42.039  61.103 0.0000000000
37558  -40.797  -45.632  52.593 0.0000000000
50378  -33.033  -29.747  44.878 0.0000000000
50368  -36.323  -29.252  46.347 0.0000000000
50374  -35.731  -29.225  45.877 0.0000000000
50373  -35.141  -29.074  45.354 0.0000000000
142040  -35.310  -28.758  44.865 0.0000000000
50380  -34.681  -28.887  44.658 0.0000000000
53234  -38.682  -26.919  41.306 0.0000000000
55992  -38.613  -23.552  39.947 0.0000000000
56854  -38.996  -22.909  40.122 0.0000000000
57681  -39.943  -21.925  40.115 0.0000000000
123236  -30.280  -36.101  60.893 0.0000000000
44242  -29.619  -36.512  59.798 0.0000000000
44243  -30.343  -36.247  59.552 0.0000000000
44252  -30.608  -36.337  58.641 0.0000000000
44263  -31.300  -36.274  57.843 0.0000000000
124604  -31.650  -36.479  56.918 0.0000000000
44294  -31.880  -36.640  55.987 0.0000000000
43464  -33.463  -37.655  54.314 0.0000000000
45075  -34.499  -35.781  57.934 0.0000000000
44266  -34.004  -35.984  57.174 0.0000000000
44298  -35.586  -36.695  55.960 0.0000000000
141038  -34.995  -36.472  56.160 0.0000000000
44297  -34.663  -36.697  55.699 0.0000000000
43449  -34.106  -37.113  54.984 0.0000000000
42630  -33.755  -38.359  53.727 0.0000000000
125371  -35.022  -39.290  53.173 0.0000000000
41786  -35.529  -40.243  52.713 0.0000000000
40951  -36.729  -40.601  52.472 0.0000000000
131879  -37.048  -39.686  52.704 0.0000000000
40173  -37.352  -41.426  52.372 0.0000000000
45055  -39.296  -34.809  59.089 0.0000000000
45080  -39.523  -35.863  57.860 0.0000000000
44271  -39.248  -36.381  57.374 0.0000000000
44287  -40.062  -36.721  56.762 0.0000000000
43440  -39.538  -37.286  56.348 0.0000000000
42619  -39.704  -38.166  55.319 0.0000000000
41759  -40.280  -38.509  54.819 0.0000000000
43475  -40.401  -37.230  53.339 0.0000000000
43476  -40.975  -37.402  53.831 0.0000000000
43477  -41.474  -37.855  53.948 0.0000000000
42656  -41.200  -38.384  52.839 0.0000000000
42657  -41.548  -38.326  53.510 0.0000000000
42650  -41.697  -38.528  53.877 0.0000000000
41760  -41.481  -39.076  54.270 0.0000000000
138812  -40.758  -38.990  54.557 0.0000000000
125783  -39.866  -39.048  54.330 0.0000000000
40175  -40.932  -41.750  52.404 0.0000000000
39283  -42.437  -42.219  51.950 0.0000000000
40176  -42.056  -42.087  52.396 0.0000000000
132833  -41.787  -44.343  52.245 0.0000000000
37559  -41.759  -45.348  52.129 0.0000000000
121435  -32.281  -36.225  49.531 0.0000000000
52163  -39.284  -26.750  55.633 0.0000000000
53115  -40.674  -25.691  56.937 0.0000000000
35594  -26.648  -46.166  65.569 0.0000000000
36472  -27.240  -45.784  65.857 0.0000000000
36473  -27.825  -45.173  66.051 0.0000000000
37418  -27.810  -44.558  66.678 0.0000000000
37419  -28.594  -44.059  66.289 0.0000000000
38316  -28.307  -43.630  66.178 0.0000000000
39155  -27.665  -43.114  65.766 0.0000000000
40036  -25.341  -41.690  63.746 0.0000000000
40865  -25.332  -40.725  63.292 0.0000000000
41689  -25.583  -39.862  62.887 0.0000000000
42550  -25.779  -38.895  63.528 0.0000000000
43393  -27.340  -37.480  61.906 0.0000000000
44228  -29.628  -36.132  61.443 0.0000000000
45035  -31.016  -35.730  61.260 0.0000000000
45013  -31.726  -35.417  62.767 0.0000000000
45025  -32.575  -35.471  61.457 0.0000000000
121944  -33.292  -35.405  61.264 0.0000000000
45038  -34.064  -35.229  61.081 0.0000000000
45016  -34.302  -35.103  62.637 0.0000000000
45027  -34.629  -35.285  61.787 0.0000000000
123889  -34.840  -35.191  61.169 0.0000000000
45029  -36.176  -34.906  61.195 0.0000000000
45912  -36.932  -34.637  60.985 0.0000000000
45902  -36.586  -34.510  61.677 0.0000000000
45913  -37.663  -34.389  60.753 0.0000000000
47623  -37.734  -32.815  61.974 0.0000000000
46738  -38.113  -33.113  61.317 0.0000000000
46749  -38.524  -33.367  60.584 0.0000000000
46750  -39.347  -32.886  60.067 0.0000000000
48476  -39.315  -31.093  60.884 0.0000000000
138280  -39.611  -31.508  60.341 0.0000000000
48483  -40.190  -31.622  59.773 0.0000000000
48484  -40.523  -31.003  59.466 0.0000000000
49315  -40.589  -30.330  59.375 0.0000000000
50185  -40.448  -29.562  59.786 0.0000000000
50199  -40.515  -29.736  59.344 0.0000000000
50212  -40.397  -29.354  59.051 0.0000000000
139560  -40.092  -29.007  58.725 0.0000000000
51198  -39.337  -28.248  57.760 0.0000000000
143201  -39.491  -26.715  54.759 0.0000000000
53131  -41.056  -26.219  54.990 0.0000000000
52171  -40.498  -26.780  54.273 0.0000000000
52184  -40.302  -27.532  53.349 0.0000000000
51229  -41.186  -28.270  52.830 0.0000000000
53133  -43.549  -26.423  54.814 0.0000000000
52173  -43.158  -27.126  54.500 0.0000000000
52174  -43.969  -27.405  53.900 0.0000000000
52186  -43.515  -27.854  53.815 0.0000000000
51230  -43.122  -28.419  53.442 0.0000000000
139700  -42.377  -28.471  53.124 0.0000000000
50347  -41.465  -29.549  50.376 0.0000000000
50331  -42.840  -29.087  50.934 0.0000000000
135240  -42.197  -29.266  50.425 0.0000000000
51273  -41.825  -28.907  49.689 0.0000000000
51288  -41.322  -28.416  48.851 0.0000000000
51301  -41.663  -27.803  48.033 0.0000000000
51263  -44.635  -27.776  50.785 0.0000000000
51275  -44.342  -28.120  50.366 0.0000000000
51290  -43.834  -28.154  48.853 0.0000000000
52233  -42.115  -27.614  47.110 0.0000000000
52243  -41.798  -27.500  46.303 0.0000000000
52258  -42.206  -27.493  45.595 0.0000000000
52272  -42.541  -27.479  44.896 0.0000000000
52285  -42.228  -27.367  44.041 0.0000000000
53204  -42.258  -26.793  43.422 0.0000000000
53217  -41.765  -26.125  42.973 0.0000000000
53197  -46.034  -27.063  45.280 0.0000000000
54122  -44.786  -26.357  44.389 0.0000000000
54134  -45.362  -25.555  44.346 0.0000000000
53206  -43.946  -26.367  43.967 0.0000000000
54131  -42.643  -25.699  43.159 0.0000000000
137449  -41.427  -23.657  41.890 0.0000000000
55960  -42.502  -23.702  42.503 0.0000000000
55979  -41.974  -23.171  42.043 0.0000000000
55978  -41.267  -23.059  41.654 0.0000000000
56840  -40.776  -22.728  41.270 0.0000000000
56857  -40.944  -22.148  40.903 0.0000000000
57682  -40.672  -21.670  40.443 0.0000000000
134167  -46.370  -22.417  43.452 0.0000000000
59283  -49.316  -19.536  44.630 0.0000000000
59293  -48.869  -19.826  43.988 0.0000000000
58477  -48.259  -20.623  43.219 0.0000000000
59307  -48.078  -19.803  42.632 0.0000000000
124378  -47.544  -20.548  42.669 0.0000000000
119219  -45.215  -21.789  42.684 0.0000000000
57649  -44.401  -21.771  42.323 0.0000000000
142065  -43.762  -21.695  42.048 0.0000000000
136572  -43.817  -20.801  41.482 0.0000000000
57664  -43.464  -21.325  41.624 0.0000000000
57663  -42.715  -21.337  41.358 0.0000000000
57684  -42.014  -21.077  40.865 0.0000000000
58509  -41.174  -20.808  40.339 0.0000000000
57691  -40.267  -21.115  39.890 0.0000000000
58526  -40.291  -20.003  38.771 0.0000000000
59350  -40.045  -19.624  38.098 0.0000000000
59352  -41.611  -19.113  38.562 0.0000000000
59357  -41.163  -18.919  37.930 0.0000000000
59356  -40.457  -19.153  37.469 0.0000000000
60247  -40.542  -18.681  36.617 0.0000000000
127895  -40.661  -18.388  35.935 0.0000000000
60235  -44.190  -17.753  38.966 0.0000000000
61134  -43.664  -17.696  38.383 0.0000000000
61142  -42.827  -17.685  37.448 0.0000000000
61144  -44.189  -17.031  37.278 0.0000000000
136429  -42.629  -17.567  36.680 0.0000000000
61150  -42.018  -17.740  35.964 0.0000000000
60251  -41.187  -17.986  35.517 0.0000000000
62072  -49.515  -15.974  39.820 0.0000000000
137808  -48.995  -16.183  38.375 0.0000000000
140895  -50.393  -16.318  38.594 0.0000000000
61155  -47.033  -17.061  36.048 0.0000000000
61170  -50.103  -18.062  36.100 0.0000000000
128098  -48.902  -19.066  34.757 0.0000000000
61169  -48.504  -17.810  35.780 0.0000000000
124856  -47.695  -17.504  35.682 0.0000000000
61168  -47.111  -17.698  35.336 0.0000000000
61184  -46.519  -17.836  34.998 0.0000000000
36496  -25.712  -45.911  62.434 0.0000000000
35630  -25.209  -45.942  61.714 0.0000000000
127098  -24.910  -45.307  57.791 0.0000000000
132448  -25.977  -44.902  58.887 0.0000000000
38323  -29.553  -43.403  64.821 0.0000000000
37440  -29.555  -43.722  63.933 0.0000000000
39199  -31.647  -42.178  62.785 0.0000000000
38350  -30.837  -43.397  60.921 0.0000000000
136339  -30.269  -43.323  61.492 0.0000000000
38348  -28.993  -43.877  60.568 0.0000000000
37503  -28.089  -44.682  57.746 0.0000000000
37504  -28.905  -44.827  57.729 0.0000000000
43419  -29.223  -37.080  58.388 0.0000000000
43426  -28.634  -37.551  57.503 0.0000000000
43435  -29.523  -37.437  56.142 0.0000000000
43434  -28.736  -37.847  56.413 0.0000000000
42600  -28.080  -38.320  56.908 0.0000000000
42609  -28.290  -38.707  55.965 0.0000000000
40919  -28.906  -40.219  55.616 0.0000000000
40913  -29.537  -40.818  55.932 0.0000000000
126260  -32.728  -39.908  53.508 0.0000000000
41768  -31.753  -39.620  53.644 0.0000000000
139802  -31.577  -40.109  53.745 0.0000000000
40149  -33.255  -41.631  54.567 0.0000000000
40930  -32.228  -40.909  54.229 0.0000000000
40928  -30.628  -40.257  54.595 0.0000000000
40921  -30.686  -40.853  55.317 0.0000000000
40134  -30.894  -41.288  56.064 0.0000000000
121782  -30.929  -41.540  56.865 0.0000000000
40112  -31.523  -41.606  57.489 0.0000000000
124710  -33.534  -41.952  58.371 0.0000000000
40115  -34.387  -42.255  57.999 0.0000000000
40088  -34.576  -42.279  59.983 0.0000000000
125173  -34.970  -42.508  60.282 0.0000000000
39210  -35.238  -42.920  60.439 0.0000000000
37540  -39.946  -45.510  53.953 0.0000000000
37532  -39.415  -45.565  54.717 0.0000000000
37531  -39.034  -44.895  55.537 0.0000000000
38403  -38.263  -44.355  56.013 0.0000000000
38389  -37.685  -43.696  56.658 0.0000000000
36594  -38.511  -44.916  56.555 0.0000000000
38390  -38.181  -44.153  57.088 0.0000000000
38375  -37.618  -43.650  57.446 0.0000000000
37485  -36.970  -44.044  58.600 0.0000000000
39216  -36.363  -43.380  59.044 0.0000000000
38318  -29.313  -43.432  65.220 0.0000000000
40094  -26.709  -41.302  59.114 0.0000000000
40111  -30.229  -41.546  57.199 0.0000000000
40123  -30.215  -41.289  56.402 0.0000000000
40171  -35.521  -41.269  52.735 0.0000000000
40202  -41.980  -42.613  51.434 0.0000000000
40896  -27.072  -40.820  58.094 0.0000000000
40903  -27.342  -40.437  57.428 0.0000000000
40912  -28.261  -40.160  56.081 0.0000000000
40914  -30.257  -40.931  55.749 0.0000000000
40922  -31.163  -40.879  54.872 0.0000000000
40929  -31.482  -40.518  54.218 0.0000000000
40937  -32.035  -40.283  53.699 0.0000000000
40949  -35.158  -40.699  52.745 0.0000000000
41705  -25.659  -40.112  60.929 0.0000000000
41713  -25.802  -40.189  60.189 0.0000000000
41740  -27.493  -39.682  56.870 0.0000000000
41747  -28.479  -39.524  55.664 0.0000000000
41757  -31.085  -39.912  53.930 0.0000000000
41769  -33.709  -39.851  53.396 0.0000000000
41770  -34.418  -39.577  53.247 0.0000000000
41771  -35.612  -39.538  52.961 0.0000000000
41776  -41.571  -39.674  53.766 0.0000000000
42627  -31.172  -38.325  54.173 0.0000000000
42628  -32.055  -38.298  54.169 0.0000000000
42635  -41.456  -38.381  54.446 0.0000000000
42647  -36.556  -38.611  53.729 0.0000000000
42648  -37.348  -38.554  54.147 0.0000000000
43455  -40.142  -37.669  55.797 0.0000000000
44280  -32.523  -36.388  56.700 0.0000000000
44282  -34.445  -36.374  56.452 0.0000000000
44283  -35.324  -36.340  56.640 0.0000000000
44285  -37.966  -36.767  56.884 0.0000000000
45932  -39.905  -34.414  58.814 0.0000000000
50211  -40.248  -29.638  58.645 0.0000000000
50285  -43.364  -28.816  52.145 0.0000000000
51314  -46.334  -28.195  47.004 0.0000000000
58522  -42.182  -19.837  39.808 0.0000000000
59351  -40.734  -19.391  38.363 0.0000000000
59363  -39.226  -19.327  36.297 0.0000000000
60191  -47.662  -18.144  42.018 0.0000000000
60232  -42.174  -18.688  38.438 0.0000000000
61161  -41.051  -17.956  34.767 0.0000000000
61164  -43.317  -17.385  35.299 0.0000000000
62083  -51.479  -16.320  38.334 0.0000000000
62114  -53.421  -16.353  33.541 0.0000000000
62943  -50.640  -15.627  40.687 0.0000000000
118818  -44.216  -17.365  38.072 0.0000000000
125409  -29.250  -37.408  56.920 0.0000000000
125806  -49.425  -20.986  45.419 0.0000000000
127745  -52.037  -18.028  34.741 0.0000000000
130684  -36.182  -36.432  56.698 0.0000000000
135369  -48.862  -25.734  45.191 0.0000000000
136867  -49.951  -23.928  45.033 0.0000000000
138580  -41.101  -34.248  57.050 0.0000000000
140181  -29.830  -38.135  54.835 0.0000000000
140547  -31.633  -32.559  48.515 0.0000000000
141021  -33.377  -35.466  59.929 0.0000000000
141160  -47.183  -16.424  37.995 0.0000000000
141378  -43.702  -19.840  40.575 0.0000000000
141772  -28.276  -40.587  56.618 0.0000000000
142606  -37.091  -29.235  54.146 0.0000000000
143333  -30.115  -36.217  60.217 0.0000000000
143643  -42.579  -21.864  41.583 0.0000000000
