#!ascii label  , from subject sub-032304 vox2ras=TkReg
1739
85804  -37.589  10.239  35.511 0.0000000000
90469  -48.000  16.847  14.934 0.0000000000
89460  -39.899  16.115  42.728 0.0000000000
86674  -43.430  11.614  25.239 0.0000000000
81757  -44.445  5.847  29.636 0.0000000000
89538  -47.053  15.143  31.302 0.0000000000
90295  -39.590  16.233  32.101 0.0000000000
94857  -39.077  22.602  31.179 0.0000000000
79124  -39.023  2.734  35.641 0.0000000000
127479  -41.289  10.533  31.221 0.0000000000
88870  -43.260  14.430  27.384 0.0000000000
88145  -42.094  13.502  34.650 0.0000000000
93254  -38.900  19.371  45.971 0.0000000000
130831  -42.320  16.600  39.523 0.0000000000
92495  -36.494  19.585  40.333 0.0000000000
91042  -33.542  17.715  32.870 0.0000000000
94813  -39.486  22.725  36.889 0.0000000000
91950  -44.786  19.406  17.576 0.0000000000
87363  -33.967  12.323  39.413 0.0000000000
86592  -39.610  11.089  40.108 0.0000000000
85888  -49.648  11.159  24.858 0.0000000000
84234  -43.906  8.039  27.073 0.0000000000
83378  -39.408  7.173  31.030 0.0000000000
80859  -38.599  4.347  33.033 0.0000000000
91892  -47.512  18.373  23.049 0.0000000000
92574  -45.771  19.234  25.968 0.0000000000
88124  -45.209  13.203  38.378 0.0000000000
90285  -45.924  17.004  33.619 0.0000000000
118792  -40.963  18.384  25.198 0.0000000000
91155  -36.183  17.982  24.585 0.0000000000
94906  -35.057  23.112  25.269 0.0000000000
85812  -39.233  10.791  33.169 0.0000000000
86619  -41.612  11.657  32.249 0.0000000000
87391  -39.652  12.196  34.726 0.0000000000
94757  -41.330  22.607  45.134 0.0000000000
93260  -37.562  20.502  43.274 0.0000000000
119802  -38.867  23.265  42.102 0.0000000000
119127  -36.504  22.584  39.137 0.0000000000
91223  -46.529  18.338  16.347 0.0000000000
89489  -31.693  15.096  39.598 0.0000000000
88793  -34.273  14.650  39.495 0.0000000000
82612  -44.572  6.708  28.320 0.0000000000
83413  -41.939  7.324  28.588 0.0000000000
81754  -41.866  6.009  29.655 0.0000000000
80022  -38.979  3.604  34.287 0.0000000000
81688  -34.244  5.689  35.505 0.0000000000
84166  -33.551  8.058  38.730 0.0000000000
82525  -32.708  6.881  38.319 0.0000000000
88226  -44.993  13.303  22.887 0.0000000000
88854  -44.868  14.405  29.516 0.0000000000
89583  -44.749  15.967  26.598 0.0000000000
128723  -46.808  15.908  28.615 0.0000000000
91865  -48.385  18.392  25.154 0.0000000000
90351  -48.399  17.191  29.932 0.0000000000
88104  -40.192  13.188  40.467 0.0000000000
86594  -42.597  11.112  39.844 0.0000000000
88092  -42.715  13.701  41.330 0.0000000000
132900  -41.021  16.040  36.485 0.0000000000
122147  -44.360  15.862  36.866 0.0000000000
119298  -42.352  16.514  32.642 0.0000000000
91086  -43.578  17.820  29.321 0.0000000000
90363  -40.476  16.658  28.613 0.0000000000
142293  -39.060  18.323  24.926 0.0000000000
136126  -38.119  16.610  28.501 0.0000000000
93327  -35.094  21.044  32.077 0.0000000000
137998  -33.538  19.941  28.563 0.0000000000
94875  -36.015  22.320  28.398 0.0000000000
95682  -36.163  24.116  25.741 0.0000000000
95657  -38.650  24.148  28.512 0.0000000000
134118  -41.771  11.057  27.514 0.0000000000
87459  -42.563  12.909  26.109 0.0000000000
87423  -42.682  12.226  29.737 0.0000000000
140007  -43.621  12.785  31.408 0.0000000000
88151  -44.136  13.948  33.261 0.0000000000
90954  -39.583  16.928  45.170 0.0000000000
90168  -42.125  16.736  43.025 0.0000000000
90982  -39.746  17.791  42.519 0.0000000000
91002  -38.830  17.503  39.515 0.0000000000
119108  -38.052  16.091  36.200 0.0000000000
127299  -36.939  15.824  31.863 0.0000000000
91021  -34.539  17.529  36.450 0.0000000000
118922  -35.478  21.337  35.988 0.0000000000
94829  -39.209  22.355  34.244 0.0000000000
92681  -42.351  19.845  17.602 0.0000000000
84164  -37.367  8.685  38.736 0.0000000000
85796  -39.142  9.287  38.231 0.0000000000
139835  -36.798  11.538  39.502 0.0000000000
88796  -37.489  14.323  39.918 0.0000000000
90184  -37.000  16.508  42.103 0.0000000000
91715  -34.672  18.204  44.208 0.0000000000
90953  -37.727  17.331  45.726 0.0000000000
85887  -46.603  10.843  24.693 0.0000000000
85056  -46.498  9.861  25.571 0.0000000000
85054  -43.768  9.884  25.825 0.0000000000
85024  -41.651  9.415  28.390 0.0000000000
84203  -40.489  8.828  30.726 0.0000000000
127418  -44.818  5.145  32.079 0.0000000000
80837  -41.616  4.186  34.729 0.0000000000
121915  -42.046  4.583  33.122 0.0000000000
80883  -41.945  4.742  31.533 0.0000000000
81723  -39.416  5.665  31.537 0.0000000000
84179  -36.086  8.622  35.707 0.0000000000
90455  -47.516  16.592  18.040 0.0000000000
89604  -44.127  15.321  23.337 0.0000000000
91183  -45.862  17.204  21.796 0.0000000000
91935  -48.200  19.126  18.570 0.0000000000
93449  -47.878  20.462  19.789 0.0000000000
93415  -45.576  20.673  21.407 0.0000000000
93413  -43.434  20.801  21.364 0.0000000000
87376  -41.107  12.095  37.238 0.0000000000
88134  -43.059  13.422  36.389 0.0000000000
88810  -46.425  14.333  35.506 0.0000000000
89482  -45.682  14.839  40.676 0.0000000000
89508  -47.906  15.229  37.163 0.0000000000
89526  -48.854  15.675  33.429 0.0000000000
91802  -46.250  18.515  30.179 0.0000000000
91863  -43.940  19.063  25.811 0.0000000000
93395  -41.424  20.445  22.091 0.0000000000
119529  -34.748  17.352  27.930 0.0000000000
129079  -33.390  20.059  24.559 0.0000000000
94927  -33.103  23.252  21.467 0.0000000000
95685  -32.318  23.944  23.687 0.0000000000
95669  -32.299  23.306  26.136 0.0000000000
123652  -38.194  10.657  34.258 0.0000000000
86611  -39.334  11.679  34.330 0.0000000000
86607  -38.606  11.338  35.453 0.0000000000
95508  -40.153  23.235  43.368 0.0000000000
119389  -40.040  23.541  41.036 0.0000000000
91234  -47.523  17.923  15.547 0.0000000000
82597  -45.060  6.359  28.980 0.0000000000
82596  -43.053  6.258  29.111 0.0000000000
81756  -43.475  5.770  29.574 0.0000000000
81687  -33.651  5.182  35.805 0.0000000000
82539  -33.724  6.112  37.113 0.0000000000
87468  -45.006  12.173  23.843 0.0000000000
87467  -44.140  12.547  24.172 0.0000000000
88847  -46.205  14.735  30.873 0.0000000000
89555  -46.159  15.282  29.211 0.0000000000
89556  -46.949  15.584  29.630 0.0000000000
90365  -47.509  16.721  28.497 0.0000000000
89549  -47.723  16.123  30.288 0.0000000000
88766  -39.862  14.875  40.897 0.0000000000
88106  -42.195  12.827  40.911 0.0000000000
143713  -41.448  15.231  41.518 0.0000000000
89518  -39.889  15.543  34.554 0.0000000000
89515  -42.028  15.744  34.780 0.0000000000
129595  -40.938  16.296  32.310 0.0000000000
90333  -41.573  16.738  30.347 0.0000000000
125894  -40.089  16.369  30.811 0.0000000000
90362  -39.596  16.618  28.504 0.0000000000
120386  -38.643  16.473  30.030 0.0000000000
94118  -37.387  21.763  31.767 0.0000000000
94126  -35.412  21.447  30.418 0.0000000000
94867  -37.463  22.319  30.303 0.0000000000
94885  -37.724  23.390  28.043 0.0000000000
94878  -38.916  23.505  29.369 0.0000000000
85852  -41.578  10.622  29.081 0.0000000000
86651  -41.884  11.791  28.422 0.0000000000
86633  -41.791  10.935  30.590 0.0000000000
87397  -41.906  12.801  33.231 0.0000000000
127615  -42.675  12.524  32.077 0.0000000000
87402  -42.731  13.052  32.807 0.0000000000
88163  -43.933  13.235  31.852 0.0000000000
88150  -43.284  13.721  33.539 0.0000000000
92461  -38.750  18.348  45.781 0.0000000000
91725  -39.463  17.407  45.010 0.0000000000
91724  -38.757  18.364  43.976 0.0000000000
93277  -36.954  20.376  41.882 0.0000000000
91743  -37.779  18.734  41.330 0.0000000000
91761  -37.583  18.238  39.800 0.0000000000
91018  -38.230  16.878  38.016 0.0000000000
91008  -36.870  17.668  38.383 0.0000000000
91023  -36.049  16.994  37.017 0.0000000000
91767  -35.518  18.683  38.666 0.0000000000
94805  -37.885  22.964  38.394 0.0000000000
94810  -35.743  22.211  37.847 0.0000000000
94816  -36.967  22.291  36.710 0.0000000000
120964  -37.117  21.653  35.058 0.0000000000
119148  -39.568  22.500  35.889 0.0000000000
92682  -43.371  20.341  17.695 0.0000000000
86588  -35.720  10.881  39.521 0.0000000000
85788  -37.262  9.876  39.374 0.0000000000
129920  -36.075  11.599  39.458 0.0000000000
90197  -34.709  16.273  40.702 0.0000000000
134758  -35.364  15.184  39.601 0.0000000000
90198  -35.718  16.343  40.858 0.0000000000
89479  -37.443  15.750  40.601 0.0000000000
90183  -35.871  16.672  42.120 0.0000000000
93258  -34.809  20.462  43.343 0.0000000000
90945  -36.201  17.773  45.313 0.0000000000
93253  -36.586  19.952  45.418 0.0000000000
92441  -38.060  19.243  46.754 0.0000000000
140485  -37.628  20.564  46.272 0.0000000000
121013  -48.249  11.466  24.064 0.0000000000
86682  -47.431  11.090  24.553 0.0000000000
84250  -46.542  8.734  26.576 0.0000000000
133587  -45.039  8.877  26.193 0.0000000000
141888  -45.298  9.374  25.825 0.0000000000
85040  -44.113  9.114  26.222 0.0000000000
85030  -42.454  9.489  26.930 0.0000000000
84232  -42.597  8.296  27.499 0.0000000000
83402  -41.014  7.421  29.597 0.0000000000
84211  -40.738  8.415  30.055 0.0000000000
131842  -40.162  8.175  30.641 0.0000000000
80012  -40.135  3.452  35.259 0.0000000000
80847  -40.752  4.268  34.042 0.0000000000
80861  -40.250  4.362  33.054 0.0000000000
80874  -41.512  4.572  32.279 0.0000000000
80872  -39.844  4.656  32.424 0.0000000000
80881  -40.145  5.087  31.676 0.0000000000
81713  -39.478  5.135  32.100 0.0000000000
84171  -35.956  7.929  37.423 0.0000000000
83336  -35.439  7.534  37.730 0.0000000000
89646  -47.710  15.675  17.548 0.0000000000
88869  -42.674  13.829  27.244 0.0000000000
88883  -42.901  14.325  25.808 0.0000000000
123787  -43.294  14.918  25.870 0.0000000000
91147  -46.167  17.281  25.059 0.0000000000
90412  -45.007  16.844  23.907 0.0000000000
91175  -46.604  17.825  22.342 0.0000000000
91196  -47.251  18.100  19.857 0.0000000000
91912  -47.685  18.591  21.295 0.0000000000
92676  -48.168  19.684  19.367 0.0000000000
91913  -48.132  19.332  21.153 0.0000000000
133217  -47.347  19.321  25.533 0.0000000000
93385  -47.186  20.126  23.131 0.0000000000
93384  -46.151  20.140  23.006 0.0000000000
93414  -44.446  20.823  21.220 0.0000000000
92620  -44.390  19.721  23.566 0.0000000000
125483  -40.112  9.375  39.115 0.0000000000
86600  -40.120  10.875  37.716 0.0000000000
85793  -41.312  10.234  39.170 0.0000000000
87373  -43.776  12.248  38.924 0.0000000000
87379  -43.512  12.528  37.997 0.0000000000
88129  -44.181  13.297  37.308 0.0000000000
138129  -44.831  14.097  35.946 0.0000000000
88136  -46.168  13.832  37.067 0.0000000000
90995  -42.423  16.865  41.711 0.0000000000
90189  -44.120  15.787  41.331 0.0000000000
90210  -43.886  16.326  40.049 0.0000000000
119599  -45.392  16.433  35.206 0.0000000000
90244  -46.281  15.986  36.692 0.0000000000
90257  -47.147  16.385  35.467 0.0000000000
89516  -48.762  15.190  35.121 0.0000000000
91039  -48.016  17.132  33.550 0.0000000000
91063  -48.437  17.414  32.068 0.0000000000
91046  -46.860  17.495  32.506 0.0000000000
91131  -41.914  17.860  26.777 0.0000000000
91116  -43.263  18.079  27.849 0.0000000000
91861  -41.926  18.658  25.390 0.0000000000
92618  -42.609  19.520  23.229 0.0000000000
92616  -41.022  19.460  23.548 0.0000000000
93393  -39.697  20.853  21.593 0.0000000000
91891  -40.173  19.227  23.852 0.0000000000
91872  -37.170  18.134  24.358 0.0000000000
92613  -37.810  19.172  23.154 0.0000000000
90291  -35.013  16.253  32.478 0.0000000000
122667  -36.103  16.457  29.807 0.0000000000
90327  -34.588  16.969  30.073 0.0000000000
94148  -33.851  21.158  27.413 0.0000000000
92565  -33.365  19.353  27.200 0.0000000000
94161  -33.609  21.190  25.492 0.0000000000
94171  -33.369  22.054  23.159 0.0000000000
94913  -33.891  22.742  23.820 0.0000000000
95693  -32.945  24.426  22.808 0.0000000000
95687  -34.788  24.207  24.015 0.0000000000
96388  -35.523  24.413  26.828 0.0000000000
96396  -34.574  24.356  25.517 0.0000000000
95663  -33.509  23.590  27.329 0.0000000000
94883  -32.083  22.837  27.723 0.0000000000
85816  -40.508  10.605  32.270 0.0000000000
85821  -41.233  10.822  31.962 0.0000000000
85817  -40.867  11.312  32.532 0.0000000000
87395  -40.114  12.219  34.080 0.0000000000
87393  -40.843  12.801  34.376 0.0000000000
135030  -38.445  20.383  44.557 0.0000000000
94755  -38.973  22.068  44.363 0.0000000000
94773  -37.730  22.054  42.620 0.0000000000
94044  -36.786  21.710  41.296 0.0000000000
93288  -35.789  21.169  40.063 0.0000000000
95543  -37.687  23.037  40.643 0.0000000000
122122  -39.342  23.533  39.865 0.0000000000
91951  -45.725  19.390  17.152 0.0000000000
88116  -33.074  13.872  39.315 0.0000000000
88117  -33.935  13.867  39.406 0.0000000000
89490  -32.902  15.353  39.621 0.0000000000
83429  -44.585  7.669  27.300 0.0000000000
83427  -42.911  7.594  27.704 0.0000000000
138988  -43.243  7.124  28.030 0.0000000000
125973  -41.838  6.470  29.260 0.0000000000
82583  -40.541  6.737  30.205 0.0000000000
80010  -38.566  2.931  34.796 0.0000000000
80029  -37.389  3.778  33.570 0.0000000000
123643  -34.490  6.387  36.012 0.0000000000
83340  -34.994  6.960  37.348 0.0000000000
82534  -34.196  6.730  37.607 0.0000000000
83334  -32.832  7.755  38.698 0.0000000000
88185  -44.173  14.050  29.019 0.0000000000
89572  -43.750  15.137  27.024 0.0000000000
89564  -44.824  15.277  28.185 0.0000000000
90378  -46.268  16.411  27.194 0.0000000000
90389  -46.952  16.782  26.715 0.0000000000
91878  -48.333  18.564  24.226 0.0000000000
90390  -47.833  17.216  26.952 0.0000000000
91117  -48.169  17.987  27.776 0.0000000000
91824  -47.587  18.565  28.402 0.0000000000
138984  -39.950  12.437  40.411 0.0000000000
85791  -41.504  10.475  39.663 0.0000000000
87350  -41.662  11.995  40.647 0.0000000000
128296  -43.415  12.059  40.676 0.0000000000
87353  -45.132  13.114  40.477 0.0000000000
119576  -41.052  16.564  38.172 0.0000000000
119391  -42.922  16.288  38.104 0.0000000000
90241  -42.781  15.912  36.452 0.0000000000
90269  -43.461  16.242  34.548 0.0000000000
90299  -44.357  16.854  33.019 0.0000000000
91059  -44.347  17.369  31.552 0.0000000000
90318  -42.646  17.022  31.346 0.0000000000
91085  -42.027  17.253  28.974 0.0000000000
91130  -40.953  17.584  26.605 0.0000000000
91860  -40.065  18.219  25.295 0.0000000000
91129  -40.059  17.432  26.492 0.0000000000
91127  -38.414  17.373  26.246 0.0000000000
91142  -37.141  17.479  25.627 0.0000000000
92533  -33.825  19.972  32.953 0.0000000000
121809  -33.343  18.936  30.200 0.0000000000
125643  -33.930  20.574  30.553 0.0000000000
94135  -34.452  21.123  29.263 0.0000000000
94891  -35.622  22.735  26.894 0.0000000000
94907  -35.767  23.862  25.280 0.0000000000
94899  -36.527  23.556  26.523 0.0000000000
95665  -37.125  24.225  26.743 0.0000000000
97051  -36.596  25.414  28.403 0.0000000000
86673  -42.896  11.549  25.848 0.0000000000
87460  -42.905  12.302  25.549 0.0000000000
87448  -42.273  12.538  26.890 0.0000000000
88189  -42.452  13.198  27.526 0.0000000000
88183  -42.644  13.053  28.436 0.0000000000
86624  -42.472  11.556  31.058 0.0000000000
87417  -42.906  12.112  30.599 0.0000000000
88177  -43.654  13.074  29.748 0.0000000000
88171  -44.692  13.549  30.798 0.0000000000
88165  -45.149  13.847  31.338 0.0000000000
137642  -46.002  14.465  32.099 0.0000000000
90147  -40.334  16.833  44.662 0.0000000000
89447  -41.368  16.309  43.337 0.0000000000
139407  -41.065  16.698  44.105 0.0000000000
90983  -41.544  17.393  42.524 0.0000000000
90993  -40.945  17.353  41.070 0.0000000000
140207  -38.102  18.904  43.160 0.0000000000
91753  -39.399  17.830  41.205 0.0000000000
91004  -40.660  17.212  39.901 0.0000000000
90214  -39.817  16.812  38.366 0.0000000000
90238  -39.264  16.044  36.441 0.0000000000
89522  -39.303  15.629  34.046 0.0000000000
133385  -37.957  15.994  32.079 0.0000000000
90277  -37.265  15.556  33.804 0.0000000000
90263  -35.479  16.237  34.759 0.0000000000
91030  -34.204  17.132  34.858 0.0000000000
93297  -35.097  20.879  38.695 0.0000000000
124355  -34.225  20.132  36.700 0.0000000000
92519  -34.029  19.487  34.720 0.0000000000
93311  -35.150  20.766  33.879 0.0000000000
94098  -37.339  21.681  33.496 0.0000000000
94846  -38.997  22.297  32.777 0.0000000000
141695  -37.630  8.856  37.690 0.0000000000
85801  -38.469  10.253  37.104 0.0000000000
84169  -38.273  8.794  38.810 0.0000000000
130343  -38.350  9.571  39.405 0.0000000000
86591  -38.838  10.585  39.681 0.0000000000
134457  -35.957  12.893  39.516 0.0000000000
137345  -37.288  12.884  39.615 0.0000000000
87347  -38.735  12.789  39.884 0.0000000000
88782  -38.329  14.442  40.222 0.0000000000
89459  -38.247  15.900  41.341 0.0000000000
90186  -38.940  16.257  42.281 0.0000000000
90142  -34.415  16.808  44.221 0.0000000000
90135  -35.457  16.818  44.499 0.0000000000
140716  -37.122  16.650  44.596 0.0000000000
90146  -39.246  16.562  44.765 0.0000000000
90132  -38.589  17.158  45.658 0.0000000000
91703  -38.688  19.101  46.565 0.0000000000
92455  -39.173  19.405  46.954 0.0000000000
86691  -46.336  11.826  23.634 0.0000000000
131222  -45.021  11.570  24.363 0.0000000000
85044  -47.864  9.618  26.087 0.0000000000
124304  -47.973  10.239  25.578 0.0000000000
85875  -46.177  10.437  25.096 0.0000000000
134845  -45.456  10.501  25.067 0.0000000000
85872  -43.444  10.780  25.638 0.0000000000
85861  -42.578  10.187  26.531 0.0000000000
85857  -42.054  10.287  27.222 0.0000000000
85007  -41.304  9.666  29.779 0.0000000000
84219  -41.716  8.022  28.503 0.0000000000
85017  -41.142  8.996  29.748 0.0000000000
85829  -40.878  9.971  30.946 0.0000000000
84992  -39.454  9.689  32.149 0.0000000000
119392  -43.246  4.506  34.278 0.0000000000
80023  -39.929  3.757  34.516 0.0000000000
80848  -41.787  4.488  33.904 0.0000000000
80864  -43.475  4.599  33.455 0.0000000000
80876  -43.362  4.618  32.496 0.0000000000
81714  -43.651  4.851  31.740 0.0000000000
81727  -43.340  5.156  30.998 0.0000000000
81725  -41.540  5.210  30.867 0.0000000000
81740  -40.249  5.976  30.622 0.0000000000
82569  -39.190  6.495  31.295 0.0000000000
84980  -36.681  9.268  35.953 0.0000000000
84172  -36.735  8.189  37.911 0.0000000000
84163  -36.424  8.771  38.815 0.0000000000
84963  -35.062  9.465  39.241 0.0000000000
129923  -33.452  11.581  39.474 0.0000000000
88955  -49.372  15.123  15.120 0.0000000000
89656  -48.974  15.870  15.256 0.0000000000
90463  -48.384  17.548  15.893 0.0000000000
88213  -43.456  13.384  24.443 0.0000000000
88900  -44.343  14.514  22.880 0.0000000000
89590  -44.067  15.905  25.103 0.0000000000
90426  -45.099  16.433  22.178 0.0000000000
90435  -46.065  16.351  20.540 0.0000000000
91204  -47.030  17.363  19.391 0.0000000000
126254  -47.893  17.616  17.573 0.0000000000
91229  -48.159  18.410  16.245 0.0000000000
92693  -48.022  19.691  17.051 0.0000000000
93467  -47.598  20.205  17.595 0.0000000000
135595  -46.180  20.814  17.937 0.0000000000
92622  -48.448  19.245  23.183 0.0000000000
139036  -47.387  20.498  20.970 0.0000000000
94198  -45.123  21.467  18.877 0.0000000000
94190  -44.243  21.632  19.193 0.0000000000
119088  -42.771  21.122  19.482 0.0000000000
93429  -42.133  20.644  20.340 0.0000000000
86603  -38.881  11.059  36.465 0.0000000000
87382  -39.998  12.113  36.215 0.0000000000
87389  -41.216  13.050  35.730 0.0000000000
137901  -42.172  11.518  38.352 0.0000000000
87385  -42.362  12.897  36.927 0.0000000000
88139  -42.551  13.602  35.446 0.0000000000
88820  -43.983  14.176  34.223 0.0000000000
88822  -45.642  14.481  33.799 0.0000000000
88823  -47.067  14.614  33.359 0.0000000000
137872  -43.090  15.606  41.986 0.0000000000
88093  -45.173  14.034  41.242 0.0000000000
88122  -46.258  13.843  39.967 0.0000000000
90218  -44.660  15.978  38.734 0.0000000000
89501  -47.336  14.892  38.513 0.0000000000
88131  -47.039  13.916  37.775 0.0000000000
88811  -47.579  14.414  36.053 0.0000000000
88824  -47.996  14.816  33.920 0.0000000000
89529  -48.353  15.528  32.211 0.0000000000
90319  -48.646  16.744  31.560 0.0000000000
91823  -46.532  18.963  28.779 0.0000000000
91074  -44.845  18.035  30.281 0.0000000000
91832  -44.612  18.759  27.433 0.0000000000
92573  -44.811  19.180  25.961 0.0000000000
92619  -43.400  19.494  23.626 0.0000000000
93396  -42.236  20.349  22.068 0.0000000000
92614  -38.744  19.464  22.856 0.0000000000
90330  -37.699  16.380  30.365 0.0000000000
90374  -36.672  16.745  27.740 0.0000000000
91125  -35.528  17.535  25.917 0.0000000000
91094  -33.591  18.270  28.431 0.0000000000
91843  -34.249  18.301  26.127 0.0000000000
91871  -34.546  18.557  24.681 0.0000000000
93391  -33.859  20.381  22.787 0.0000000000
126228  -33.234  22.945  21.092 0.0000000000
93403  -32.371  21.662  21.419 0.0000000000
96404  -34.057  24.472  24.721 0.0000000000
133459  -32.945  23.925  25.219 0.0000000000
94859  -40.823  23.220  31.602 0.0000000000
95640  -40.769  24.086  30.868 0.0000000000
96366  -39.429  24.549  29.897 0.0000000000
97045  -37.572  25.483  29.335 0.0000000000
97043  -35.724  25.825  29.049 0.0000000000
85808  -38.029  10.843  35.041 0.0000000000
85805  -38.171  10.695  35.999 0.0000000000
90468  -47.461  17.238  15.372 0.0000000000
81758  -45.468  6.064  29.928 0.0000000000
80835  -33.602  4.334  35.483 0.0000000000
143414  -44.589  12.010  24.265 0.0000000000
88856  -46.271  15.021  30.023 0.0000000000
89548  -47.011  15.358  30.583 0.0000000000
121551  -40.245  15.647  41.863 0.0000000000
88767  -40.717  15.078  41.152 0.0000000000
89461  -41.137  15.702  42.144 0.0000000000
89523  -40.093  15.679  33.703 0.0000000000
89524  -40.722  15.790  33.462 0.0000000000
89528  -40.336  16.104  32.756 0.0000000000
90296  -40.402  16.369  31.723 0.0000000000
90315  -39.637  16.342  31.353 0.0000000000
90331  -39.647  16.396  30.046 0.0000000000
126692  -39.215  16.388  30.743 0.0000000000
94856  -38.050  22.425  30.994 0.0000000000
94128  -37.191  21.890  31.055 0.0000000000
123779  -38.306  22.838  30.030 0.0000000000
94868  -39.006  23.115  30.305 0.0000000000
85841  -41.533  10.408  29.791 0.0000000000
86639  -41.806  11.120  29.604 0.0000000000
88148  -41.552  13.169  34.020 0.0000000000
88149  -42.376  13.480  33.787 0.0000000000
123562  -38.695  18.370  44.930 0.0000000000
92467  -38.440  19.231  44.796 0.0000000000
92485  -36.599  20.175  41.072 0.0000000000
92496  -37.151  19.217  40.852 0.0000000000
91750  -37.037  18.812  40.201 0.0000000000
91769  -37.294  18.005  39.061 0.0000000000
91760  -36.820  18.569  39.538 0.0000000000
91007  -35.974  17.922  38.219 0.0000000000
91759  -36.003  18.906  39.352 0.0000000000
95574  -39.363  23.101  37.725 0.0000000000
94812  -38.497  22.847  37.536 0.0000000000
94817  -38.659  22.503  36.467 0.0000000000
91944  -45.184  18.597  17.569 0.0000000000
130081  -44.376  18.634  18.056 0.0000000000
91943  -43.912  19.529  17.848 0.0000000000
92683  -44.425  20.250  17.637 0.0000000000
129921  -35.241  11.595  39.483 0.0000000000
90182  -34.155  16.463  41.824 0.0000000000
132898  -35.038  16.482  41.585 0.0000000000
90161  -34.708  16.552  42.598 0.0000000000
93247  -37.424  19.923  46.232 0.0000000000
86683  -49.363  11.526  24.225 0.0000000000
133553  -48.598  11.122  24.691 0.0000000000
84247  -43.614  8.623  26.724 0.0000000000
84233  -43.257  8.136  27.240 0.0000000000
83390  -39.935  7.385  30.619 0.0000000000
83391  -40.450  7.646  30.199 0.0000000000
84191  -39.457  8.027  31.161 0.0000000000
80860  -39.432  4.324  33.005 0.0000000000
80873  -40.640  4.597  32.314 0.0000000000
80871  -39.067  4.803  32.578 0.0000000000
84178  -35.537  7.992  35.410 0.0000000000
84175  -35.641  8.095  36.389 0.0000000000
83341  -35.472  7.323  37.014 0.0000000000
128608  -46.023  15.338  19.985 0.0000000000
88190  -42.933  13.780  27.991 0.0000000000
88877  -43.257  14.694  26.492 0.0000000000
91159  -46.901  17.570  24.606 0.0000000000
91158  -45.924  17.376  24.268 0.0000000000
91167  -46.943  17.829  23.837 0.0000000000
91904  -47.631  18.532  22.130 0.0000000000
123062  -48.305  19.067  21.986 0.0000000000
91905  -48.497  18.962  22.728 0.0000000000
92575  -46.779  19.332  26.091 0.0000000000
92602  -47.054  19.657  24.420 0.0000000000
120947  -46.053  19.611  24.542 0.0000000000
131857  -45.433  19.942  23.502 0.0000000000
92601  -45.292  19.715  24.195 0.0000000000
132171  -39.963  10.067  39.619 0.0000000000
84969  -40.317  9.439  38.999 0.0000000000
85790  -40.839  9.959  39.381 0.0000000000
87374  -44.621  12.756  39.169 0.0000000000
87380  -44.228  12.829  38.327 0.0000000000
130721  -45.322  13.528  37.459 0.0000000000
88130  -46.164  13.563  38.003 0.0000000000
90199  -42.241  16.828  40.691 0.0000000000
90209  -43.118  16.657  40.360 0.0000000000
120705  -45.591  16.669  34.360 0.0000000000
120212  -46.339  16.528  34.920 0.0000000000
90286  -46.577  16.818  34.149 0.0000000000
90271  -47.300  16.575  34.699 0.0000000000
91038  -46.996  17.127  33.359 0.0000000000
91037  -46.169  17.233  32.952 0.0000000000
91844  -41.443  18.084  25.971 0.0000000000
91845  -42.440  18.339  26.139 0.0000000000
91875  -41.472  18.882  24.726 0.0000000000
92596  -40.975  18.992  24.246 0.0000000000
132838  -40.400  19.707  23.134 0.0000000000
91887  -36.466  18.386  23.908 0.0000000000
91888  -37.090  18.612  23.537 0.0000000000
91902  -36.205  18.808  23.101 0.0000000000
92612  -35.213  19.054  23.199 0.0000000000
90290  -34.273  16.741  32.250 0.0000000000
90310  -34.666  16.732  30.891 0.0000000000
91072  -34.000  17.360  30.898 0.0000000000
94162  -34.258  21.891  25.886 0.0000000000
94155  -33.545  20.907  26.524 0.0000000000
94905  -33.904  22.227  24.920 0.0000000000
94165  -33.512  21.520  24.443 0.0000000000
94914  -34.623  23.926  23.734 0.0000000000
126819  -34.578  23.290  24.359 0.0000000000
120866  -35.961  24.742  27.527 0.0000000000
95655  -34.457  24.039  27.449 0.0000000000
86618  -40.029  11.113  32.839 0.0000000000
87392  -40.217  12.588  34.839 0.0000000000
94023  -39.422  21.607  45.203 0.0000000000
94756  -39.967  22.353  44.733 0.0000000000
95507  -39.171  23.060  43.064 0.0000000000
94766  -38.669  22.371  43.555 0.0000000000
94774  -38.401  22.600  42.766 0.0000000000
94780  -37.374  22.118  41.832 0.0000000000
94781  -37.990  22.759  42.027 0.0000000000
94794  -37.112  22.484  40.940 0.0000000000
95528  -38.260  23.224  41.283 0.0000000000
119388  -41.173  23.570  40.795 0.0000000000
95545  -39.442  23.526  40.535 0.0000000000
95555  -40.056  23.538  39.390 0.0000000000
133094  -46.285  17.223  16.637 0.0000000000
132538  -45.962  18.719  16.964 0.0000000000
88791  -32.501  14.598  39.411 0.0000000000
139913  -32.327  15.251  39.608 0.0000000000
82620  -45.006  7.085  27.851 0.0000000000
82619  -44.348  7.156  27.849 0.0000000000
133986  -43.843  6.892  28.189 0.0000000000
82595  -42.335  6.310  29.192 0.0000000000
82594  -41.334  6.528  29.671 0.0000000000
81741  -41.159  5.867  30.273 0.0000000000
81696  -34.606  5.458  34.635 0.0000000000
82545  -34.737  6.326  35.089 0.0000000000
82540  -34.393  6.495  36.860 0.0000000000
82533  -33.285  6.477  37.720 0.0000000000
88863  -44.464  14.637  28.614 0.0000000000
88864  -45.344  14.925  28.904 0.0000000000
89565  -45.815  15.471  28.421 0.0000000000
89575  -46.212  15.945  27.813 0.0000000000
91132  -47.633  17.357  26.149 0.0000000000
90379  -47.053  16.661  27.680 0.0000000000
133934  -47.835  16.871  29.063 0.0000000000
90380  -47.839  17.331  27.804 0.0000000000
90366  -47.959  17.352  28.652 0.0000000000
91102  -48.095  17.990  28.580 0.0000000000
91103  -48.189  17.728  29.377 0.0000000000
87349  -40.705  12.238  40.570 0.0000000000
88091  -41.891  13.706  41.159 0.0000000000
87338  -43.207  12.692  41.118 0.0000000000
87352  -44.294  12.495  40.537 0.0000000000
87339  -44.118  12.788  41.139 0.0000000000
121891  -41.113  16.320  37.305 0.0000000000
90240  -41.964  16.173  36.683 0.0000000000
90267  -42.127  15.954  33.925 0.0000000000
90268  -42.701  16.043  34.485 0.0000000000
119816  -43.001  16.275  33.824 0.0000000000
90283  -43.915  16.537  33.793 0.0000000000
90282  -43.282  16.587  32.980 0.0000000000
91043  -43.856  17.037  32.236 0.0000000000
90298  -42.942  16.888  32.101 0.0000000000
138371  -40.810  16.580  29.226 0.0000000000
90348  -41.443  16.770  29.505 0.0000000000
90364  -41.270  16.867  28.740 0.0000000000
91114  -41.407  17.384  27.405 0.0000000000
91097  -40.946  16.947  28.017 0.0000000000
120828  -40.393  17.146  27.302 0.0000000000
90361  -38.812  16.682  28.023 0.0000000000
90375  -38.893  17.009  27.276 0.0000000000
136374  -38.383  17.115  26.797 0.0000000000
91126  -37.593  17.176  26.443 0.0000000000
91112  -37.802  16.762  27.496 0.0000000000
93326  -34.408  20.545  32.590 0.0000000000
93334  -33.731  20.219  31.264 0.0000000000
127907  -34.363  20.545  31.840 0.0000000000
94137  -36.132  21.807  29.737 0.0000000000
94136  -35.264  21.504  29.593 0.0000000000
94143  -35.214  21.687  28.778 0.0000000000
94150  -35.351  22.135  27.863 0.0000000000
119082  -36.291  22.793  27.447 0.0000000000
95656  -38.179  24.028  27.916 0.0000000000
94893  -37.503  23.904  27.319 0.0000000000
96391  -37.496  24.397  27.463 0.0000000000
96383  -37.264  24.953  27.745 0.0000000000
96384  -37.969  24.524  28.105 0.0000000000
131881  -42.224  10.964  26.830 0.0000000000
86667  -42.435  11.640  26.513 0.0000000000
86663  -42.038  11.707  27.293 0.0000000000
86640  -42.224  11.683  29.245 0.0000000000
87438  -42.048  12.347  27.893 0.0000000000
87429  -42.442  12.322  28.841 0.0000000000
86623  -41.855  11.174  31.512 0.0000000000
87408  -43.006  12.316  31.372 0.0000000000
87418  -43.597  12.561  30.872 0.0000000000
87424  -43.352  12.578  30.167 0.0000000000
88170  -43.999  13.028  30.478 0.0000000000
131115  -44.123  13.059  31.162 0.0000000000
88155  -44.406  13.707  32.381 0.0000000000
88164  -44.594  13.547  31.587 0.0000000000
88156  -45.224  14.076  32.073 0.0000000000
88828  -44.948  14.315  33.023 0.0000000000
90960  -40.293  16.887  44.571 0.0000000000
91733  -39.640  17.669  43.887 0.0000000000
90969  -40.677  17.275  43.863 0.0000000000
128373  -40.814  17.573  42.899 0.0000000000
131815  -40.364  17.564  41.705 0.0000000000
93261  -37.850  20.755  43.717 0.0000000000
92466  -37.987  19.982  43.783 0.0000000000
92475  -37.597  19.700  43.038 0.0000000000
91752  -38.538  18.187  40.847 0.0000000000
90991  -39.119  17.701  40.324 0.0000000000
90992  -40.015  17.516  40.586 0.0000000000
91003  -39.673  17.389  39.685 0.0000000000
138780  -40.436  16.774  38.467 0.0000000000
91011  -39.378  17.230  38.888 0.0000000000
90222  -37.836  16.602  37.270 0.0000000000
90223  -38.858  16.470  37.344 0.0000000000
90250  -38.640  15.912  36.133 0.0000000000
89512  -39.155  15.721  35.679 0.0000000000
89511  -38.300  15.804  35.509 0.0000000000
90266  -38.280  15.623  34.339 0.0000000000
131533  -37.359  16.151  35.919 0.0000000000
91022  -35.192  17.204  36.823 0.0000000000
119789  -36.246  16.215  35.503 0.0000000000
90249  -35.108  16.568  35.613 0.0000000000
90262  -34.661  16.626  34.866 0.0000000000
90233  -34.424  17.161  35.627 0.0000000000
94797  -36.164  22.226  39.708 0.0000000000
94057  -35.650  21.593  39.373 0.0000000000
94796  -35.870  22.229  39.047 0.0000000000
94073  -35.302  21.445  36.854 0.0000000000
93300  -34.698  21.008  37.264 0.0000000000
138005  -34.778  20.891  36.393 0.0000000000
92515  -34.151  19.718  35.709 0.0000000000
93306  -34.544  20.236  35.132 0.0000000000
93310  -34.529  20.253  34.273 0.0000000000
94077  -35.668  21.168  35.119 0.0000000000
94080  -38.454  22.180  34.546 0.0000000000
94088  -37.223  21.642  34.269 0.0000000000
124217  -37.963  21.937  33.955 0.0000000000
94108  -38.156  21.983  33.112 0.0000000000
94838  -39.542  22.392  33.400 0.0000000000
91942  -43.034  19.584  17.720 0.0000000000
93454  -42.021  20.132  17.765 0.0000000000
84173  -37.414  8.560  38.325 0.0000000000
124267  -37.907  8.744  38.209 0.0000000000
86590  -37.583  10.856  39.545 0.0000000000
129919  -37.338  11.965  39.540 0.0000000000
123831  -35.247  12.990  39.523 0.0000000000
136354  -34.962  14.739  39.511 0.0000000000
89493  -36.077  15.194  39.680 0.0000000000
88795  -36.586  14.234  39.670 0.0000000000
141907  -37.208  13.656  39.713 0.0000000000
87367  -38.020  12.450  39.692 0.0000000000
88120  -37.980  13.476  39.846 0.0000000000
88781  -37.753  15.061  40.206 0.0000000000
135232  -37.506  16.229  41.412 0.0000000000
122974  -38.346  15.297  40.579 0.0000000000
125343  -39.216  15.594  41.369 0.0000000000
90185  -38.031  16.342  42.358 0.0000000000
92465  -35.135  19.757  43.899 0.0000000000
91723  -34.059  17.753  43.948 0.0000000000
90959  -34.493  17.173  44.341 0.0000000000
90952  -35.167  17.030  44.527 0.0000000000
90946  -36.918  17.565  45.541 0.0000000000
90136  -36.445  16.753  44.797 0.0000000000
137645  -36.923  17.103  45.262 0.0000000000
90145  -37.913  16.592  44.353 0.0000000000
90137  -37.661  16.884  45.178 0.0000000000
122235  -38.879  16.721  45.335 0.0000000000
91702  -38.037  18.580  46.589 0.0000000000
93232  -38.741  19.705  47.288 0.0000000000
92430  -39.204  19.781  47.360 0.0000000000
93233  -39.202  19.941  47.483 0.0000000000
87479  -48.013  11.792  23.214 0.0000000000
86692  -47.178  11.582  23.820 0.0000000000
86681  -46.516  11.353  24.235 0.0000000000
86680  -45.749  11.669  24.032 0.0000000000
85886  -45.775  11.024  24.596 0.0000000000
85043  -46.939  9.375  26.108 0.0000000000
85057  -47.260  9.902  25.694 0.0000000000
85876  -47.111  10.478  25.199 0.0000000000
85041  -44.693  9.651  25.711 0.0000000000
85874  -44.946  10.261  25.308 0.0000000000
85873  -44.260  10.407  25.401 0.0000000000
85862  -43.133  10.217  26.079 0.0000000000
128721  -42.364  8.929  27.343 0.0000000000
85029  -41.958  9.536  27.612 0.0000000000
133956  -41.518  9.937  29.041 0.0000000000
84220  -42.293  7.825  28.081 0.0000000000
83403  -41.509  7.561  28.990 0.0000000000
85006  -40.911  9.371  30.425 0.0000000000
84996  -40.516  9.423  31.131 0.0000000000
84995  -40.037  9.495  31.639 0.0000000000
81728  -44.323  5.245  31.373 0.0000000000
80838  -42.288  4.227  35.303 0.0000000000
119584  -43.018  4.419  35.067 0.0000000000
80849  -42.452  4.413  34.513 0.0000000000
80011  -39.440  3.252  35.090 0.0000000000
80862  -41.139  4.552  33.137 0.0000000000
80863  -42.654  4.516  33.740 0.0000000000
138408  -42.800  4.545  33.057 0.0000000000
80884  -42.854  4.715  31.617 0.0000000000
81726  -42.435  5.112  30.875 0.0000000000
81724  -40.666  5.403  30.970 0.0000000000
123470  -40.028  5.629  31.141 0.0000000000
126998  -39.725  6.040  31.042 0.0000000000
84182  -35.953  8.393  34.725 0.0000000000
84983  -36.462  8.678  34.095 0.0000000000
126068  -36.508  9.071  34.922 0.0000000000
84981  -37.100  9.673  35.153 0.0000000000
84176  -36.485  8.537  36.960 0.0000000000
119331  -36.065  7.944  38.079 0.0000000000
83335  -34.762  7.262  38.040 0.0000000000
84167  -34.374  7.926  38.550 0.0000000000
137667  -33.108  10.721  39.522 0.0000000000
86586  -33.976  10.809  39.435 0.0000000000
140802  -32.887  11.899  39.517 0.0000000000
87362  -33.152  12.378  39.480 0.0000000000
88281  -49.609  14.203  15.682 0.0000000000
88949  -49.002  14.877  16.123 0.0000000000
89651  -48.461  15.784  16.416 0.0000000000
90459  -48.076  16.847  16.797 0.0000000000
138164  -48.576  16.640  15.673 0.0000000000
88205  -42.845  13.231  25.307 0.0000000000
88884  -43.291  14.722  25.210 0.0000000000
88891  -43.481  14.391  24.376 0.0000000000
89573  -44.578  15.539  27.351 0.0000000000
89582  -44.126  15.721  25.990 0.0000000000
90387  -44.709  16.296  25.822 0.0000000000
91174  -45.695  17.204  22.615 0.0000000000
90419  -44.985  16.669  23.074 0.0000000000
90434  -45.588  16.417  21.341 0.0000000000
90445  -46.527  16.396  19.750 0.0000000000
125757  -46.613  17.250  20.211 0.0000000000
91205  -47.689  18.215  19.007 0.0000000000
91217  -48.044  18.369  18.059 0.0000000000
91224  -48.231  18.529  17.067 0.0000000000
91953  -48.100  19.090  16.656 0.0000000000
91945  -48.243  19.263  17.464 0.0000000000
92665  -48.297  19.899  20.455 0.0000000000
93459  -47.646  20.307  18.689 0.0000000000
93466  -46.815  20.479  17.480 0.0000000000
93448  -47.200  21.102  19.141 0.0000000000
91161  -48.369  18.165  24.922 0.0000000000
91894  -48.566  18.930  23.796 0.0000000000
92604  -48.566  19.053  23.693 0.0000000000
93416  -46.729  20.519  21.604 0.0000000000
123592  -46.391  20.808  20.727 0.0000000000
121160  -46.137  21.308  19.651 0.0000000000
94191  -45.015  21.471  19.664 0.0000000000
93446  -44.209  21.411  18.345 0.0000000000
125798  -43.928  20.275  22.063 0.0000000000
135645  -43.684  21.213  20.679 0.0000000000
118991  -43.008  21.175  20.597 0.0000000000
93444  -41.992  20.619  18.973 0.0000000000
93412  -42.605  20.679  21.376 0.0000000000
85802  -39.343  10.466  37.468 0.0000000000
86601  -40.857  11.316  37.835 0.0000000000
86605  -40.343  11.836  37.098 0.0000000000
87383  -40.744  12.455  36.418 0.0000000000
85777  -42.097  10.768  39.997 0.0000000000
123430  -42.042  10.740  38.954 0.0000000000
86598  -42.517  11.132  39.202 0.0000000000
88128  -43.129  12.971  37.267 0.0000000000
87378  -42.687  12.310  37.739 0.0000000000
88133  -42.020  13.360  36.117 0.0000000000
88140  -43.359  13.814  35.561 0.0000000000
88146  -43.059  13.911  34.611 0.0000000000
88809  -45.221  14.323  35.393 0.0000000000
88816  -45.517  14.459  34.671 0.0000000000
143538  -46.451  14.523  33.781 0.0000000000
89448  -41.909  16.495  43.130 0.0000000000
139152  -42.540  16.019  42.489 0.0000000000
89481  -44.954  15.323  41.038 0.0000000000
89464  -44.583  15.187  41.295 0.0000000000
135457  -45.259  14.913  41.111 0.0000000000
88108  -45.654  13.756  40.696 0.0000000000
88787  -46.037  14.286  40.420 0.0000000000
90227  -43.623  15.989  37.482 0.0000000000
90217  -43.808  16.159  38.399 0.0000000000
90228  -44.544  15.886  37.776 0.0000000000
90230  -47.174  15.571  37.278 0.0000000000
89504  -46.853  15.337  38.053 0.0000000000
89505  -47.819  15.118  37.843 0.0000000000
135380  -47.454  14.664  38.395 0.0000000000
88801  -47.761  14.606  37.523 0.0000000000
88804  -47.663  14.447  36.799 0.0000000000
88805  -48.195  14.823  36.622 0.0000000000
88818  -48.781  15.258  34.365 0.0000000000
88813  -48.700  14.892  35.046 0.0000000000
88825  -48.610  15.233  33.700 0.0000000000
88830  -47.925  15.081  32.922 0.0000000000
88831  -48.759  15.614  32.837 0.0000000000
89530  -48.875  15.988  32.026 0.0000000000
128232  -49.058  15.946  32.739 0.0000000000
91061  -47.444  18.325  31.193 0.0000000000
91062  -48.097  18.069  31.436 0.0000000000
91803  -47.183  18.582  30.395 0.0000000000
91815  -46.866  18.735  29.629 0.0000000000
120038  -44.017  17.567  30.697 0.0000000000
134512  -44.940  17.649  30.994 0.0000000000
91087  -44.144  17.949  29.809 0.0000000000
91846  -43.388  18.633  26.362 0.0000000000
91821  -44.011  18.459  27.806 0.0000000000
91847  -44.300  18.884  26.612 0.0000000000
92600  -44.444  19.560  24.629 0.0000000000
92599  -43.648  19.547  24.362 0.0000000000
92637  -41.913  20.090  22.697 0.0000000000
93411  -41.810  20.501  21.364 0.0000000000
134176  -40.134  21.089  21.039 0.0000000000
135066  -39.630  18.734  24.267 0.0000000000
125470  -38.825  18.420  24.284 0.0000000000
92649  -36.980  20.285  21.594 0.0000000000
92633  -37.392  19.660  22.355 0.0000000000
140465  -37.421  15.740  32.474 0.0000000000
90313  -37.857  16.206  31.180 0.0000000000
138552  -37.137  16.229  30.901 0.0000000000
120799  -35.703  16.710  29.009 0.0000000000
90359  -36.374  16.650  28.433 0.0000000000
90358  -35.661  16.869  28.032 0.0000000000
142364  -36.090  17.114  27.212 0.0000000000
135766  -35.464  17.412  26.752 0.0000000000
92552  -33.487  19.598  29.295 0.0000000000
91812  -33.434  18.592  29.285 0.0000000000
124621  -33.354  18.915  28.713 0.0000000000
92582  -33.440  19.618  25.303 0.0000000000
91842  -33.641  18.673  26.612 0.0000000000
91855  -33.733  18.857  25.768 0.0000000000
91856  -34.378  18.468  25.394 0.0000000000
91870  -33.858  18.914  24.970 0.0000000000
92611  -34.350  19.432  23.427 0.0000000000
92610  -33.522  19.973  23.827 0.0000000000
123053  -33.201  23.410  22.005 0.0000000000
94176  -33.174  23.174  21.302 0.0000000000
121208  -33.079  22.947  20.907 0.0000000000
94175  -32.978  23.124  21.005 0.0000000000
94926  -32.853  23.265  21.538 0.0000000000
95692  -32.265  23.666  22.962 0.0000000000
94912  -31.491  23.354  23.889 0.0000000000
130138  -31.611  23.559  24.531 0.0000000000
95681  -35.712  24.128  25.222 0.0000000000
95688  -35.231  24.357  24.680 0.0000000000
96405  -35.104  24.521  24.801 0.0000000000
95670  -33.206  23.577  26.287 0.0000000000
94897  -31.301  22.952  26.097 0.0000000000
96346  -39.670  24.729  31.616 0.0000000000
96367  -40.086  24.215  30.452 0.0000000000
96357  -39.649  24.670  30.721 0.0000000000
97036  -37.599  25.399  30.357 0.0000000000
97044  -36.640  25.864  29.083 0.0000000000
86613  -38.820  11.151  33.893 0.0000000000
86610  -38.608  11.323  34.646 0.0000000000
86608  -39.168  11.795  35.058 0.0000000000
94768  -40.645  22.987  44.194 0.0000000000
95529  -39.671  23.548  41.744 0.0000000000
95530  -40.760  23.588  41.880 0.0000000000
95531  -42.023  23.550  41.690 0.0000000000
95547  -42.273  23.593  40.975 0.0000000000
91958  -47.382  18.538  15.890 0.0000000000
89472  -30.404  15.603  40.588 0.0000000000
89473  -31.271  15.628  40.363 0.0000000000
132859  -43.954  6.280  28.855 0.0000000000
81755  -42.614  5.816  29.626 0.0000000000
81680  -33.999  5.867  36.365 0.0000000000
81679  -33.314  5.416  36.563 0.0000000000
86690  -45.730  12.121  23.574 0.0000000000
87476  -45.372  12.625  23.261 0.0000000000
87475  -44.588  12.917  23.494 0.0000000000
88855  -45.580  14.495  30.203 0.0000000000
139594  -45.669  14.798  29.576 0.0000000000
89557  -47.490  16.278  29.267 0.0000000000
90335  -48.357  16.763  30.334 0.0000000000
88105  -41.183  13.144  40.830 0.0000000000
88785  -41.274  14.347  41.066 0.0000000000
90252  -40.716  15.799  35.736 0.0000000000
89514  -41.174  15.625  34.984 0.0000000000
89519  -40.715  15.589  34.244 0.0000000000
89525  -41.324  15.814  33.667 0.0000000000
90297  -41.571  16.391  32.441 0.0000000000
123555  -42.087  16.607  31.888 0.0000000000
126234  -41.281  16.467  31.744 0.0000000000
90316  -40.937  16.584  30.985 0.0000000000
90347  -40.049  16.548  29.298 0.0000000000
90377  -40.218  16.689  27.973 0.0000000000
90346  -39.187  16.564  29.325 0.0000000000
90345  -38.394  16.549  29.242 0.0000000000
94106  -36.573  21.542  32.276 0.0000000000
94116  -35.629  21.401  31.279 0.0000000000
94117  -36.514  21.612  31.488 0.0000000000
94127  -36.479  21.732  30.569 0.0000000000
94866  -36.932  22.211  29.760 0.0000000000
94876  -36.750  22.479  28.909 0.0000000000
94877  -37.922  22.903  29.201 0.0000000000
95646  -38.582  23.800  28.568 0.0000000000
95647  -39.157  24.045  29.098 0.0000000000
86662  -41.645  11.478  27.956 0.0000000000
86650  -41.686  11.210  28.703 0.0000000000
86634  -42.297  11.615  30.169 0.0000000000
87400  -41.575  12.240  32.837 0.0000000000
86620  -42.308  11.921  31.757 0.0000000000
87401  -42.131  12.366  32.474 0.0000000000
87409  -43.259  12.893  32.013 0.0000000000
88154  -43.609  13.421  32.623 0.0000000000
91718  -38.954  17.512  45.642 0.0000000000
93268  -37.263  20.630  42.612 0.0000000000
92474  -37.276  19.827  42.316 0.0000000000
92486  -37.199  19.530  41.645 0.0000000000
91751  -37.737  18.490  40.536 0.0000000000
91762  -38.310  17.890  40.106 0.0000000000
91010  -38.562  17.283  38.727 0.0000000000
91001  -38.060  17.664  39.326 0.0000000000
91009  -37.740  17.427  38.562 0.0000000000
91017  -37.363  17.099  37.853 0.0000000000
120689  -36.609  16.535  36.464 0.0000000000
91016  -36.481  17.357  37.673 0.0000000000
91015  -35.585  17.575  37.498 0.0000000000
91772  -35.167  18.324  37.878 0.0000000000
94803  -36.070  22.424  38.460 0.0000000000
132818  -37.592  22.761  37.754 0.0000000000
94815  -36.278  22.267  37.291 0.0000000000
94074  -36.163  21.785  36.511 0.0000000000
94078  -36.295  21.546  35.545 0.0000000000
94075  -37.075  21.813  35.888 0.0000000000
94821  -38.693  22.345  35.412 0.0000000000
118805  -39.499  22.433  34.946 0.0000000000
131073  -43.446  18.789  18.166 0.0000000000
84965  -36.874  9.242  39.107 0.0000000000
85787  -36.271  10.095  39.388 0.0000000000
86589  -36.600  10.830  39.498 0.0000000000
89476  -34.141  15.961  40.153 0.0000000000
89492  -34.676  15.422  39.693 0.0000000000
141202  -34.747  15.956  40.047 0.0000000000
89477  -35.402  15.836  39.999 0.0000000000
89478  -36.401  15.842  40.297 0.0000000000
133182  -36.692  16.379  41.083 0.0000000000
120943  -35.838  16.606  43.421 0.0000000000
92459  -35.402  18.865  44.594 0.0000000000
91716  -35.416  17.721  44.765 0.0000000000
91717  -35.974  18.323  45.225 0.0000000000
92460  -36.275  19.091  45.279 0.0000000000
91709  -36.864  18.311  45.746 0.0000000000
91710  -37.762  17.900  46.225 0.0000000000
92453  -37.166  19.152  46.015 0.0000000000
86693  -49.077  11.618  23.660 0.0000000000
84249  -45.735  8.614  26.506 0.0000000000
85042  -45.939  9.178  25.966 0.0000000000
85039  -43.200  9.444  26.413 0.0000000000
84246  -42.880  8.786  26.959 0.0000000000
84192  -40.051  8.799  31.202 0.0000000000
84994  -39.375  8.922  31.664 0.0000000000
80031  -39.092  4.006  33.610 0.0000000000
142814  -39.469  3.901  34.075 0.0000000000
80032  -39.825  4.149  33.757 0.0000000000
80882  -41.053  4.854  31.554 0.0000000000
81712  -38.836  5.415  32.135 0.0000000000
83358  -35.995  7.816  33.933 0.0000000000
123901  -35.270  7.872  38.319 0.0000000000
88948  -48.044  14.787  17.219 0.0000000000
88942  -47.091  15.562  18.591 0.0000000000
88193  -42.466  13.435  26.737 0.0000000000
141094  -42.769  13.825  25.521 0.0000000000
89597  -43.612  15.207  24.710 0.0000000000
90395  -45.470  16.783  25.515 0.0000000000
141749  -44.656  16.514  25.119 0.0000000000
90404  -45.191  16.953  24.726 0.0000000000
91166  -45.764  17.320  23.441 0.0000000000
91194  -46.284  17.177  21.020 0.0000000000
91184  -46.828  17.859  21.532 0.0000000000
91926  -47.822  18.763  20.464 0.0000000000
91927  -48.108  18.906  19.608 0.0000000000
140126  -48.293  19.400  20.239 0.0000000000
92651  -48.136  19.780  21.268 0.0000000000
92586  -48.037  18.906  25.142 0.0000000000
92603  -48.103  19.274  24.241 0.0000000000
125078  -47.449  19.388  24.939 0.0000000000
93399  -45.898  20.465  22.277 0.0000000000
93398  -44.866  20.454  22.120 0.0000000000
92639  -44.303  19.896  22.626 0.0000000000
84972  -39.647  9.125  38.856 0.0000000000
85797  -39.954  9.691  38.389 0.0000000000
85798  -40.722  10.290  38.519 0.0000000000
86595  -43.242  11.586  39.527 0.0000000000
87372  -43.022  11.780  38.623 0.0000000000
88141  -44.086  13.797  36.183 0.0000000000
88135  -45.018  13.848  36.694 0.0000000000
88142  -45.749  14.083  36.167 0.0000000000
90187  -42.581  16.554  42.191 0.0000000000
89449  -42.662  16.153  42.362 0.0000000000
90188  -43.314  16.221  41.769 0.0000000000
90200  -43.753  16.397  41.075 0.0000000000
89495  -45.220  15.420  40.281 0.0000000000
90256  -44.580  16.252  35.466 0.0000000000
122207  -45.329  15.861  37.163 0.0000000000
90243  -45.174  16.239  36.189 0.0000000000
120700  -46.306  16.352  35.824 0.0000000000
90245  -47.578  15.898  36.367 0.0000000000
88806  -48.640  15.021  35.822 0.0000000000
90258  -48.044  16.147  35.364 0.0000000000
90259  -48.598  15.797  34.792 0.0000000000
90287  -48.482  16.664  33.574 0.0000000000
91040  -48.549  17.008  32.971 0.0000000000
91047  -47.873  17.475  32.801 0.0000000000
121981  -47.709  17.894  31.978 0.0000000000
91076  -46.476  18.393  30.947 0.0000000000
91099  -42.616  17.610  28.401 0.0000000000
91100  -43.414  17.912  28.665 0.0000000000
91831  -42.831  18.230  27.002 0.0000000000
91862  -43.018  18.888  25.480 0.0000000000
92598  -42.829  19.429  24.178 0.0000000000
91876  -42.360  19.194  24.811 0.0000000000
92617  -41.688  19.689  23.272 0.0000000000
92636  -41.023  20.054  22.733 0.0000000000
93394  -40.572  20.570  21.856 0.0000000000
92635  -40.112  20.216  22.449 0.0000000000
136901  -38.018  18.214  24.576 0.0000000000
118859  -37.926  18.460  23.882 0.0000000000
91903  -37.003  19.063  22.877 0.0000000000
125875  -35.779  16.111  31.747 0.0000000000
90312  -36.358  16.257  31.000 0.0000000000
90311  -35.463  16.433  30.988 0.0000000000
132769  -35.280  16.624  29.705 0.0000000000
91096  -34.881  17.100  28.693 0.0000000000
93356  -33.675  20.522  28.099 0.0000000000
125237  -33.409  19.703  27.962 0.0000000000
93362  -33.435  20.289  27.325 0.0000000000
129777  -33.331  20.285  25.924 0.0000000000
93371  -33.430  20.558  24.990 0.0000000000
93378  -33.303  20.772  24.013 0.0000000000
95698  -32.878  23.607  22.179 0.0000000000
94920  -33.852  23.740  22.891 0.0000000000
95694  -33.655  24.306  22.972 0.0000000000
96414  -33.451  24.424  23.257 0.0000000000
96398  -36.067  24.317  25.988 0.0000000000
96397  -35.444  24.332  25.581 0.0000000000
95672  -34.811  24.207  26.369 0.0000000000
95671  -34.028  23.954  26.429 0.0000000000
95662  -32.735  23.056  27.058 0.0000000000
95653  -32.926  23.288  28.279 0.0000000000
85820  -40.624  10.140  31.595 0.0000000000
86614  -39.649  11.467  33.584 0.0000000000
86615  -40.509  11.730  33.233 0.0000000000
86616  -41.145  11.877  32.843 0.0000000000
87396  -41.087  12.432  33.500 0.0000000000
93255  -39.143  20.602  45.567 0.0000000000
135632  -38.744  21.314  44.702 0.0000000000
94030  -38.280  21.453  43.880 0.0000000000
94767  -39.555  22.685  43.851 0.0000000000
94029  -37.601  21.283  43.171 0.0000000000
94037  -37.389  21.484  42.445 0.0000000000
133569  -36.644  20.921  41.482 0.0000000000
94056  -36.263  21.173  40.760 0.0000000000
93289  -36.044  20.417  40.261 0.0000000000
94793  -36.452  22.109  40.495 0.0000000000
94798  -36.951  22.706  40.004 0.0000000000
120344  -39.107  23.474  41.180 0.0000000000
95544  -38.588  23.395  40.404 0.0000000000
95553  -37.855  23.145  39.815 0.0000000000
136162  -39.310  23.461  39.150 0.0000000000
95563  -39.862  23.363  38.447 0.0000000000
134259  -40.696  23.304  38.003 0.0000000000
92690  -45.350  20.105  17.402 0.0000000000
123833  -33.546  13.110  39.427 0.0000000000
123832  -34.402  13.064  39.475 0.0000000000
88792  -33.413  14.620  39.436 0.0000000000
89491  -33.770  15.378  39.685 0.0000000000
89474  -32.254  15.752  40.035 0.0000000000
89475  -33.227  15.974  40.145 0.0000000000
83428  -43.716  7.496  27.599 0.0000000000
83414  -42.614  7.117  28.335 0.0000000000
82611  -43.216  6.665  28.502 0.0000000000
82610  -42.108  6.744  28.801 0.0000000000
82609  -41.615  6.947  29.115 0.0000000000
82582  -39.823  6.577  30.763 0.0000000000
79123  -38.160  2.501  35.375 0.0000000000
79133  -37.654  2.769  34.613 0.0000000000
120101  -37.988  3.336  34.115 0.0000000000
80021  -37.087  3.193  34.014 0.0000000000
80030  -38.281  3.869  33.576 0.0000000000
83351  -34.914  6.856  35.761 0.0000000000
83345  -34.950  6.876  36.554 0.0000000000
82526  -33.727  7.234  38.290 0.0000000000
88862  -43.638  14.298  28.325 0.0000000000
88871  -43.989  14.994  27.862 0.0000000000
128484  -45.410  15.636  27.796 0.0000000000
89574  -45.482  16.039  27.226 0.0000000000
90388  -45.718  16.515  26.450 0.0000000000
90396  -46.556  17.043  25.881 0.0000000000
91148  -47.341  17.468  25.305 0.0000000000
91160  -47.981  17.861  24.619 0.0000000000
91149  -48.230  17.780  25.491 0.0000000000
91133  -48.324  17.765  26.385 0.0000000000
126194  -48.258  17.660  27.128 0.0000000000
128569  -48.420  18.100  26.947 0.0000000000
91849  -48.130  18.546  26.607 0.0000000000
91835  -47.861  18.559  27.435 0.0000000000
92567  -47.124  19.101  26.878 0.0000000000
87348  -39.411  12.125  40.213 0.0000000000
86593  -40.556  10.621  40.010 0.0000000000
86575  -40.210  11.585  40.372 0.0000000000
85776  -41.673  10.678  40.052 0.0000000000
86577  -42.054  11.115  40.371 0.0000000000
87351  -42.580  11.877  40.687 0.0000000000
86578  -42.666  11.360  40.254 0.0000000000
86579  -43.392  11.685  40.180 0.0000000000
87369  -44.081  12.149  39.861 0.0000000000
87375  -45.539  13.186  39.389 0.0000000000
90215  -41.675  16.616  38.785 0.0000000000
137555  -42.384  16.461  38.648 0.0000000000
90225  -41.947  16.333  37.836 0.0000000000
90226  -42.754  16.141  37.187 0.0000000000
90242  -43.477  15.874  36.625 0.0000000000
90253  -41.750  15.837  35.707 0.0000000000
90254  -42.790  15.930  35.229 0.0000000000
119770  -44.096  15.958  36.043 0.0000000000
90270  -44.522  16.440  34.623 0.0000000000
90284  -44.944  16.743  33.743 0.0000000000
90300  -45.325  17.066  32.985 0.0000000000
91058  -43.480  17.237  31.466 0.0000000000
91073  -43.201  17.499  30.024 0.0000000000
90317  -41.805  16.734  31.156 0.0000000000
90349  -42.254  17.160  29.769 0.0000000000
120829  -42.842  17.555  29.192 0.0000000000
91115  -42.324  17.690  27.591 0.0000000000
91874  -40.336  18.668  24.637 0.0000000000
91146  -40.526  17.852  25.871 0.0000000000
91145  -39.683  17.680  25.835 0.0000000000
91859  -39.293  18.136  25.320 0.0000000000
91113  -39.609  17.201  27.068 0.0000000000
91128  -39.143  17.343  26.493 0.0000000000
91144  -38.864  17.655  25.771 0.0000000000
91143  -38.030  17.588  25.707 0.0000000000
91141  -36.275  17.581  25.408 0.0000000000
134173  -33.395  18.567  32.625 0.0000000000
91056  -33.467  17.970  31.348 0.0000000000
137309  -33.589  19.561  31.726 0.0000000000
93342  -33.505  19.921  30.372 0.0000000000
93343  -33.845  20.535  29.774 0.0000000000
93335  -34.610  20.950  31.097 0.0000000000
94125  -34.551  21.045  30.130 0.0000000000
93349  -33.822  20.558  28.902 0.0000000000
94142  -34.324  21.365  28.273 0.0000000000
94149  -34.738  21.913  27.266 0.0000000000
94890  -35.000  22.456  26.329 0.0000000000
94898  -35.862  23.381  25.887 0.0000000000
95673  -36.229  23.951  25.713 0.0000000000
95674  -36.673  24.020  26.273 0.0000000000
94892  -37.140  23.424  27.248 0.0000000000
95664  -37.129  23.898  26.712 0.0000000000
96399  -36.612  24.276  26.406 0.0000000000
96389  -36.461  24.567  26.810 0.0000000000
96382  -36.643  24.943  27.586 0.0000000000
97050  -35.705  25.171  28.401 0.0000000000
87466  -43.378  12.432  24.806 0.0000000000
134207  -42.591  12.186  26.173 0.0000000000
87430  -42.990  12.830  29.335 0.0000000000
88184  -43.487  13.506  28.935 0.0000000000
88178  -44.291  13.631  29.828 0.0000000000
88846  -44.952  14.065  30.288 0.0000000000
88172  -45.391  14.122  30.837 0.0000000000
88837  -45.721  14.340  31.474 0.0000000000
88838  -46.522  14.726  31.684 0.0000000000
90165  -40.528  16.578  43.840 0.0000000000
89446  -40.845  16.147  43.228 0.0000000000
90148  -41.210  16.683  44.055 0.0000000000
90166  -41.409  16.690  43.698 0.0000000000
90167  -41.674  16.777  43.556 0.0000000000
90970  -41.449  17.113  43.684 0.0000000000
90971  -41.889  17.111  43.313 0.0000000000
90984  -42.240  17.014  42.571 0.0000000000
90994  -41.873  17.154  41.547 0.0000000000
91005  -41.437  17.097  40.543 0.0000000000
134483  -38.231  19.150  43.863 0.0000000000
91732  -38.829  18.437  42.843 0.0000000000
91731  -37.796  18.994  42.300 0.0000000000
91744  -38.661  18.314  41.777 0.0000000000
90208  -41.512  16.829  39.734 0.0000000000
90207  -40.905  16.892  39.013 0.0000000000
90224  -40.313  16.507  37.735 0.0000000000
139389  -40.468  16.221  37.012 0.0000000000
90213  -39.052  16.785  38.210 0.0000000000
122255  -39.770  16.293  37.114 0.0000000000
90239  -40.172  16.043  36.420 0.0000000000
143695  -39.673  15.614  35.205 0.0000000000
90279  -39.453  15.773  33.068 0.0000000000
90294  -38.708  15.892  32.505 0.0000000000
90278  -38.599  15.621  33.410 0.0000000000
90293  -37.822  15.662  32.967 0.0000000000
123850  -36.967  15.645  32.889 0.0000000000
90264  -36.397  15.811  34.426 0.0000000000
90276  -36.311  15.705  33.511 0.0000000000
90275  -35.389  16.049  33.332 0.0000000000
90274  -34.431  16.590  33.227 0.0000000000
91035  -33.839  17.160  33.538 0.0000000000
92501  -35.425  19.393  39.027 0.0000000000
141099  -35.142  19.223  38.652 0.0000000000
91771  -34.352  18.878  37.485 0.0000000000
94064  -34.870  21.252  37.967 0.0000000000
92510  -34.176  19.709  37.326 0.0000000000
91774  -34.200  18.379  36.665 0.0000000000
91775  -33.692  18.346  35.566 0.0000000000
91777  -33.554  18.294  34.951 0.0000000000
91785  -33.435  18.457  33.457 0.0000000000
92525  -34.018  19.711  33.777 0.0000000000
93317  -34.459  20.424  33.432 0.0000000000
93318  -35.002  21.030  33.049 0.0000000000
125049  -36.422  21.428  34.684 0.0000000000
94087  -36.529  21.384  33.882 0.0000000000
94097  -36.556  21.487  33.083 0.0000000000
94107  -37.428  21.704  32.628 0.0000000000
94119  -38.393  21.979  32.034 0.0000000000
138030  -39.336  22.348  31.901 0.0000000000
85800  -37.709  10.031  36.531 0.0000000000
84978  -38.064  9.326  37.628 0.0000000000
84975  -38.587  8.884  38.492 0.0000000000
84971  -39.144  8.815  38.927 0.0000000000
84966  -37.955  8.944  39.132 0.0000000000
84967  -38.915  8.813  39.099 0.0000000000
85789  -39.399  9.329  39.314 0.0000000000
87368  -38.760  11.803  39.858 0.0000000000
87365  -35.633  12.283  39.456 0.0000000000
87366  -36.511  12.354  39.482 0.0000000000
88794  -35.638  14.476  39.536 0.0000000000
88119  -36.600  13.273  39.579 0.0000000000
128411  -38.066  11.569  39.639 0.0000000000
88103  -39.428  13.050  40.177 0.0000000000
88783  -39.525  13.976  40.410 0.0000000000
89480  -39.039  14.753  40.584 0.0000000000
141945  -35.146  16.603  43.208 0.0000000000
90143  -35.075  16.599  44.077 0.0000000000
90162  -36.555  16.662  42.884 0.0000000000
134140  -36.027  17.141  45.023 0.0000000000
90144  -36.668  16.515  43.980 0.0000000000
121892  -37.410  16.532  43.143 0.0000000000
90163  -38.489  16.457  43.526 0.0000000000
90164  -39.518  16.502  43.564 0.0000000000
90138  -39.476  16.879  45.180 0.0000000000
135786  -39.191  17.055  45.535 0.0000000000
90947  -38.348  17.569  46.029 0.0000000000
90948  -38.773  17.613  45.815 0.0000000000
91711  -38.676  18.193  46.118 0.0000000000
92454  -38.646  18.849  46.363 0.0000000000
93249  -39.604  19.956  46.750 0.0000000000
93224  -39.528  20.165  47.418 0.0000000000
87478  -46.811  12.109  23.164 0.0000000000
86679  -44.142  11.693  24.623 0.0000000000
85055  -45.568  9.871  25.479 0.0000000000
85885  -44.783  10.899  24.881 0.0000000000
86675  -43.986  11.047  25.115 0.0000000000
85871  -42.739  10.868  26.175 0.0000000000
85856  -41.587  10.509  28.138 0.0000000000
85830  -41.279  10.168  30.464 0.0000000000
84231  -41.958  8.654  27.944 0.0000000000
84212  -41.254  8.319  29.216 0.0000000000
124275  -41.577  8.706  28.616 0.0000000000
85018  -41.374  9.168  29.120 0.0000000000
85819  -40.087  10.044  32.061 0.0000000000
85815  -39.680  10.414  32.517 0.0000000000
85811  -38.462  10.425  33.463 0.0000000000
85807  -37.602  10.163  34.653 0.0000000000
81745  -44.884  5.613  30.555 0.0000000000
80850  -43.761  4.519  34.826 0.0000000000
120676  -44.057  4.665  34.015 0.0000000000
80024  -40.776  3.752  34.967 0.0000000000
142978  -44.031  4.700  33.484 0.0000000000
80877  -44.061  4.781  33.024 0.0000000000
81715  -44.196  4.891  32.284 0.0000000000
80875  -42.423  4.549  32.347 0.0000000000
81744  -43.890  5.467  30.328 0.0000000000
81743  -42.954  5.420  30.212 0.0000000000
81742  -42.080  5.519  30.212 0.0000000000
80870  -38.110  5.033  32.560 0.0000000000
131251  -38.201  5.740  32.192 0.0000000000
81721  -37.938  6.467  32.058 0.0000000000
81722  -38.620  6.032  31.664 0.0000000000
82568  -38.514  6.669  31.608 0.0000000000
83376  -38.159  7.083  31.782 0.0000000000
83377  -38.772  7.375  31.466 0.0000000000
126875  -37.246  9.734  35.975 0.0000000000
84977  -37.168  9.338  36.945 0.0000000000
84974  -37.290  8.527  37.768 0.0000000000
84168  -36.728  8.315  38.378 0.0000000000
85786  -35.370  10.176  39.414 0.0000000000
86587  -34.857  10.870  39.510 0.0000000000
85785  -34.497  10.118  39.437 0.0000000000
129922  -34.382  11.580  39.442 0.0000000000
123834  -32.693  13.129  39.394 0.0000000000
124239  -31.712  14.213  39.326 0.0000000000
88114  -31.708  13.244  39.294 0.0000000000
125306  -30.926  13.858  39.249 0.0000000000
89488  -30.782  15.130  39.818 0.0000000000
89660  -49.147  15.896  14.962 0.0000000000
136061  -48.779  16.447  15.096 0.0000000000
90464  -48.441  16.934  15.394 0.0000000000
139576  -48.236  17.361  15.513 0.0000000000
88214  -44.010  13.271  23.817 0.0000000000
88225  -44.282  13.741  23.266 0.0000000000
121121  -42.986  14.017  25.030 0.0000000000
88224  -43.741  13.849  23.844 0.0000000000
88232  -44.640  13.922  22.589 0.0000000000
89589  -43.616  15.333  25.529 0.0000000000
89598  -43.877  15.734  24.142 0.0000000000
90403  -44.416  16.394  24.420 0.0000000000
89622  -44.713  15.686  22.179 0.0000000000
89623  -45.112  15.676  21.641 0.0000000000
89641  -46.582  15.685  19.303 0.0000000000
90454  -46.936  16.529  18.915 0.0000000000
91216  -47.530  17.437  18.554 0.0000000000
133363  -48.207  17.852  16.699 0.0000000000
91230  -48.124  18.015  15.740 0.0000000000
91963  -47.821  18.163  15.676 0.0000000000
92700  -47.730  19.240  16.498 0.0000000000
92684  -48.040  19.737  18.018 0.0000000000
92692  -47.405  19.979  16.897 0.0000000000
92691  -46.375  20.069  17.115 0.0000000000
93465  -45.803  20.573  17.575 0.0000000000
91893  -48.478  18.837  23.526 0.0000000000
122497  -48.351  19.271  22.280 0.0000000000
93433  -47.953  20.270  20.729 0.0000000000
93386  -47.941  19.761  22.716 0.0000000000
93417  -47.847  20.081  21.711 0.0000000000
93432  -47.292  20.867  20.141 0.0000000000
93447  -46.168  21.185  18.600 0.0000000000
93464  -44.980  20.654  17.693 0.0000000000
93456  -44.224  20.892  17.844 0.0000000000
121148  -43.422  20.978  18.034 0.0000000000
93431  -44.381  21.317  20.211 0.0000000000
93430  -43.579  21.336  19.838 0.0000000000
93455  -42.723  20.852  18.342 0.0000000000
86604  -39.326  11.698  35.893 0.0000000000
137015  -39.620  11.433  36.853 0.0000000000
87387  -39.732  12.258  35.341 0.0000000000
87388  -40.427  12.603  35.583 0.0000000000
88138  -40.776  12.951  35.069 0.0000000000
88144  -41.340  13.241  34.853 0.0000000000
86597  -41.475  10.893  38.531 0.0000000000
135907  -41.515  11.599  37.859 0.0000000000
87377  -41.867  12.251  37.470 0.0000000000
87384  -41.543  12.708  36.628 0.0000000000
135897  -41.824  13.409  35.356 0.0000000000
88808  -44.150  14.191  35.251 0.0000000000
88815  -44.711  14.379  34.716 0.0000000000
88821  -44.771  14.380  33.930 0.0000000000
120575  -45.970  14.493  32.903 0.0000000000
88829  -46.804  14.689  32.474 0.0000000000
89462  -41.976  15.757  42.396 0.0000000000
124090  -42.645  15.478  42.015 0.0000000000
88769  -43.096  14.742  41.680 0.0000000000
89463  -43.676  15.643  41.691 0.0000000000
122802  -43.759  14.969  41.607 0.0000000000
134120  -44.540  13.632  41.260 0.0000000000
88107  -44.888  13.231  40.975 0.0000000000
87354  -45.703  13.359  40.054 0.0000000000
88121  -46.196  13.544  39.540 0.0000000000
90216  -43.186  16.431  39.158 0.0000000000
131806  -44.025  16.260  39.190 0.0000000000
89499  -45.404  15.542  39.266 0.0000000000
90219  -45.620  15.640  38.170 0.0000000000
89500  -46.440  15.225  38.926 0.0000000000
89496  -45.998  15.046  39.810 0.0000000000
88797  -46.533  14.237  39.620 0.0000000000
88126  -46.844  13.896  39.196 0.0000000000
88803  -46.784  14.213  36.434 0.0000000000
122124  -47.450  14.446  35.180 0.0000000000
88812  -48.298  14.690  35.610 0.0000000000
88817  -48.199  14.655  34.792 0.0000000000
135687  -47.256  14.551  34.267 0.0000000000
88839  -47.466  15.145  31.984 0.0000000000
89539  -47.965  15.680  31.364 0.0000000000
89540  -48.415  16.424  31.072 0.0000000000
90336  -48.586  17.061  30.680 0.0000000000
91834  -46.835  19.105  27.820 0.0000000000
92566  -46.168  19.234  27.259 0.0000000000
139049  -45.088  17.503  31.669 0.0000000000
91060  -45.728  17.900  31.371 0.0000000000
91801  -45.500  18.356  30.024 0.0000000000
138957  -43.892  18.305  28.312 0.0000000000
125741  -44.629  18.583  28.206 0.0000000000
91822  -45.325  18.698  28.829 0.0000000000
91833  -45.612  19.103  27.923 0.0000000000
91848  -45.324  19.127  26.846 0.0000000000
119390  -45.292  19.478  25.139 0.0000000000
92638  -43.512  19.600  22.701 0.0000000000
137561  -42.719  19.829  22.538 0.0000000000
93397  -43.104  20.146  22.025 0.0000000000
91890  -39.254  18.986  23.640 0.0000000000
126325  -38.080  19.717  22.402 0.0000000000
126389  -38.451  16.356  30.733 0.0000000000
120411  -37.905  16.471  29.700 0.0000000000
90344  -37.590  16.536  29.113 0.0000000000
90329  -36.741  16.392  30.367 0.0000000000
119345  -36.683  16.547  29.077 0.0000000000
90360  -37.209  16.608  28.387 0.0000000000
91111  -36.912  16.832  26.990 0.0000000000
123612  -36.431  17.282  26.321 0.0000000000
91140  -35.528  17.863  25.187 0.0000000000
91071  -33.931  17.633  29.983 0.0000000000
91083  -33.690  17.853  29.225 0.0000000000
91095  -34.100  17.564  28.551 0.0000000000
91109  -33.602  18.460  27.481 0.0000000000
91830  -34.059  17.997  26.904 0.0000000000
127086  -34.676  17.559  27.180 0.0000000000
91124  -34.753  17.715  26.399 0.0000000000
137522  -34.952  18.212  25.098 0.0000000000
91857  -35.295  18.270  24.557 0.0000000000
91885  -34.808  18.671  23.929 0.0000000000
143754  -33.657  21.373  22.070 0.0000000000
93383  -33.360  21.016  23.064 0.0000000000
93390  -33.655  22.322  21.037 0.0000000000
94931  -33.230  22.612  20.676 0.0000000000
94925  -32.315  23.153  22.210 0.0000000000
94170  -31.650  22.123  22.565 0.0000000000
95680  -35.327  24.005  24.514 0.0000000000
96409  -34.618  24.422  24.200 0.0000000000
96408  -33.784  24.445  23.841 0.0000000000
119176  -32.475  23.958  24.406 0.0000000000
94889  -31.385  22.557  27.194 0.0000000000
95576  -41.037  23.181  37.241 0.0000000000
94830  -40.163  22.467  34.118 0.0000000000
94839  -40.357  22.523  33.144 0.0000000000
94847  -40.065  22.468  32.312 0.0000000000
94858  -40.018  22.799  31.374 0.0000000000
96348  -41.384  24.258  31.558 0.0000000000
95629  -40.563  23.699  30.953 0.0000000000
94869  -39.805  23.396  30.636 0.0000000000
95638  -39.609  23.860  29.794 0.0000000000
95648  -39.625  24.125  29.760 0.0000000000
96375  -39.052  24.324  29.172 0.0000000000
96356  -38.672  25.034  30.495 0.0000000000
96365  -38.554  24.989  29.577 0.0000000000
96374  -38.313  24.778  28.779 0.0000000000
97052  -37.430  25.271  28.525 0.0000000000
84968  -39.572  9.049  38.986 0.0000000000
85775  -41.173  10.452  39.934 0.0000000000
85794  -42.004  10.667  39.502 0.0000000000
86576  -41.183  11.158  40.318 0.0000000000
87364  -34.810  12.296  39.467 0.0000000000
87370  -44.961  12.766  39.994 0.0000000000
88102  -38.784  13.646  40.180 0.0000000000
88115  -32.345  13.823  39.298 0.0000000000
88118  -34.897  13.894  39.494 0.0000000000
88125  -46.256  13.457  38.898 0.0000000000
88132  -47.388  14.338  38.377 0.0000000000
88137  -47.130  14.166  37.110 0.0000000000
88204  -42.617  13.674  26.010 0.0000000000
88768  -42.190  14.726  41.530 0.0000000000
88770  -44.488  14.538  41.383 0.0000000000
88771  -45.102  14.662  41.239 0.0000000000
88784  -40.459  14.088  40.653 0.0000000000
88786  -45.580  14.451  40.991 0.0000000000
88799  -47.129  14.443  38.877 0.0000000000
88876  -42.744  14.113  26.618 0.0000000000
88899  -43.849  14.495  23.567 0.0000000000
89483  -46.168  14.558  40.014 0.0000000000
89494  -36.988  15.107  40.001 0.0000000000
89497  -46.692  14.704  39.312 0.0000000000
89502  -47.812  14.881  38.045 0.0000000000
89506  -48.083  14.992  37.407 0.0000000000
89509  -48.233  15.180  36.619 0.0000000000
89513  -40.331  15.585  35.081 0.0000000000
89517  -39.126  15.632  34.929 0.0000000000
89520  -41.479  15.680  34.325 0.0000000000
89581  -43.628  15.284  26.266 0.0000000000
89632  -45.546  15.513  20.917 0.0000000000
90149  -41.364  16.717  43.785 0.0000000000
90160  -34.328  16.551  43.772 0.0000000000
90201  -44.466  15.892  40.716 0.0000000000
90211  -44.594  15.907  39.704 0.0000000000
90221  -36.962  16.822  37.143 0.0000000000
90229  -46.224  15.685  37.443 0.0000000000
90234  -34.900  16.924  36.207 0.0000000000
90235  -35.598  16.690  36.322 0.0000000000
90236  -37.510  16.416  36.609 0.0000000000
90237  -38.361  16.252  36.658 0.0000000000
90246  -48.303  15.587  35.984 0.0000000000
90247  -48.511  15.548  35.452 0.0000000000
90251  -39.876  15.787  35.752 0.0000000000
90255  -43.249  15.825  35.904 0.0000000000
90265  -37.288  15.747  34.931 0.0000000000
90272  -48.742  16.047  33.950 0.0000000000
90273  -33.930  17.066  32.758 0.0000000000
90280  -41.106  16.120  32.963 0.0000000000
90281  -41.800  16.285  33.169 0.0000000000
90288  -48.982  16.273  33.153 0.0000000000
90292  -36.064  15.734  32.633 0.0000000000
90301  -48.859  16.442  32.419 0.0000000000
90314  -38.800  16.285  31.485 0.0000000000
90328  -35.309  16.530  30.319 0.0000000000
90332  -40.660  16.438  30.030 0.0000000000
90334  -42.434  17.099  30.581 0.0000000000
90343  -34.897  16.879  29.354 0.0000000000
90350  -48.069  16.738  29.681 0.0000000000
90367  -48.137  17.201  29.328 0.0000000000
90376  -39.598  16.789  27.672 0.0000000000
90418  -44.551  15.947  22.804 0.0000000000
90470  -48.392  16.890  15.203 0.0000000000
90941  -38.491  18.119  46.263 0.0000000000
91012  -40.153  17.141  39.019 0.0000000000
91014  -34.760  17.892  37.201 0.0000000000
91020  -33.955  17.933  35.992 0.0000000000
91026  -33.853  17.705  35.258 0.0000000000
91029  -33.721  17.516  34.403 0.0000000000
91031  -47.448  16.899  34.008 0.0000000000
91032  -48.148  16.564  34.294 0.0000000000
91036  -34.231  16.765  34.157 0.0000000000
91044  -44.768  17.229  32.279 0.0000000000
91045  -45.766  17.496  32.216 0.0000000000
91057  -33.711  17.363  31.959 0.0000000000
91075  -45.597  18.184  30.638 0.0000000000
91084  -34.317  17.354  29.327 0.0000000000
91098  -41.762  17.331  28.202 0.0000000000
91101  -44.255  18.304  28.973 0.0000000000
91110  -34.024  17.796  27.724 0.0000000000
91134  -48.465  18.028  25.658 0.0000000000
91139  -34.892  17.954  25.667 0.0000000000
91156  -36.862  17.692  24.965 0.0000000000
91157  -37.624  17.832  25.051 0.0000000000
91168  -47.981  18.330  23.903 0.0000000000
91195  -47.030  17.928  20.699 0.0000000000
91235  -47.984  17.549  15.387 0.0000000000
91766  -34.767  19.021  38.292 0.0000000000
91768  -36.465  18.308  38.871 0.0000000000
91773  -33.762  18.762  36.109 0.0000000000
91779  -33.468  18.313  34.229 0.0000000000
91794  -33.407  18.763  31.736 0.0000000000
91800  -33.553  18.099  30.530 0.0000000000
91813  -44.976  18.382  29.571 0.0000000000
91814  -45.910  18.643  29.496 0.0000000000
91858  -38.530  18.118  25.142 0.0000000000
91864  -48.288  18.449  25.832 0.0000000000
91873  -39.549  18.436  24.800 0.0000000000
91877  -43.128  19.338  24.810 0.0000000000
91879  -48.414  18.756  24.397 0.0000000000
91886  -35.675  18.463  23.860 0.0000000000
91889  -38.517  18.831  23.569 0.0000000000
91952  -46.779  19.344  16.485 0.0000000000
91959  -47.941  18.612  16.068 0.0000000000
92502  -35.856  19.729  39.673 0.0000000000
92507  -34.426  19.577  37.920 0.0000000000
92508  -34.861  19.810  38.553 0.0000000000
92512  -33.660  18.992  35.446 0.0000000000
92513  -33.933  19.277  36.755 0.0000000000
92518  -33.577  18.815  34.693 0.0000000000
92524  -33.565  19.016  34.031 0.0000000000
92539  -33.400  19.389  31.052 0.0000000000
92572  -33.381  19.462  26.257 0.0000000000
92576  -47.714  19.014  26.057 0.0000000000
92583  -43.756  19.346  25.091 0.0000000000
92584  -44.424  19.351  25.337 0.0000000000
92585  -46.509  19.485  25.249 0.0000000000
92594  -33.641  19.492  24.592 0.0000000000
92595  -34.106  19.122  24.245 0.0000000000
92597  -41.848  19.223  23.953 0.0000000000
92621  -47.735  19.649  23.588 0.0000000000
92623  -48.579  19.035  23.242 0.0000000000
92640  -45.164  20.220  22.905 0.0000000000
93291  -35.567  20.666  39.559 0.0000000000
93296  -34.522  20.415  37.765 0.0000000000
93303  -34.490  20.378  35.918 0.0000000000
93304  -34.989  20.815  35.536 0.0000000000
93307  -35.119  20.721  34.687 0.0000000000
93325  -33.890  20.030  32.138 0.0000000000
93368  -33.244  20.062  26.658 0.0000000000
93400  -47.054  20.313  22.440 0.0000000000
93445  -43.464  21.445  18.763 0.0000000000
93457  -45.174  21.081  18.021 0.0000000000
93458  -47.044  20.827  18.193 0.0000000000
93984  -39.604  20.470  47.420 0.0000000000
94045  -37.057  21.220  41.960 0.0000000000
94058  -35.995  21.729  40.091 0.0000000000
94065  -35.439  21.824  38.441 0.0000000000
94070  -35.243  21.626  37.643 0.0000000000
94071  -35.712  21.893  37.248 0.0000000000
94079  -37.842  21.999  35.260 0.0000000000
94086  -35.795  21.083  34.284 0.0000000000
94096  -35.797  21.181  33.487 0.0000000000
94099  -38.715  22.209  33.696 0.0000000000
94105  -35.787  21.307  32.665 0.0000000000
94156  -34.279  21.669  26.690 0.0000000000
94765  -38.085  21.954  43.205 0.0000000000
94804  -37.365  22.898  39.136 0.0000000000
94811  -36.938  22.584  37.492 0.0000000000
94820  -37.825  22.256  36.123 0.0000000000
94884  -36.890  22.822  27.924 0.0000000000
94921  -34.277  24.104  23.433 0.0000000000
95527  -37.651  22.808  41.338 0.0000000000
95554  -38.645  23.381  39.480 0.0000000000
95561  -38.098  23.176  39.082 0.0000000000
95562  -38.795  23.277  38.529 0.0000000000
95575  -40.167  23.034  37.431 0.0000000000
95630  -41.354  23.997  31.150 0.0000000000
95631  -41.650  24.067  31.567 0.0000000000
95639  -40.150  24.026  30.378 0.0000000000
95661  -32.006  22.811  26.812 0.0000000000
95679  -33.740  24.111  25.630 0.0000000000
95686  -33.039  24.371  23.591 0.0000000000
95699  -33.191  23.816  22.371 0.0000000000
96359  -41.319  24.051  31.175 0.0000000000
96381  -35.152  24.490  27.946 0.0000000000
96390  -37.056  24.681  26.971 0.0000000000
96403  -33.242  24.268  24.319 0.0000000000
96406  -35.627  24.274  25.255 0.0000000000
96415  -34.126  24.366  23.591 0.0000000000
97034  -35.734  25.898  29.734 0.0000000000
97035  -36.643  25.728  30.048 0.0000000000
119058  -45.313  21.086  20.504 0.0000000000
119114  -34.865  16.341  34.074 0.0000000000
119234  -37.721  22.567  37.011 0.0000000000
119373  -43.785  16.088  35.284 0.0000000000
119771  -39.562  16.558  37.758 0.0000000000
119779  -46.640  17.919  31.707 0.0000000000
120069  -42.992  16.683  41.394 0.0000000000
120296  -43.735  18.504  27.183 0.0000000000
120412  -37.127  16.481  29.746 0.0000000000
120855  -46.379  19.821  23.769 0.0000000000
121595  -46.466  14.478  34.581 0.0000000000
121768  -43.719  13.824  41.388 0.0000000000
121876  -33.555  18.206  29.848 0.0000000000
122132  -34.810  16.480  31.629 0.0000000000
122420  -36.901  22.750  38.334 0.0000000000
122814  -33.360  18.967  28.050 0.0000000000
123192  -46.438  17.759  23.046 0.0000000000
123210  -33.404  18.629  30.966 0.0000000000
123786  -33.409  19.381  28.515 0.0000000000
124229  -35.832  13.615  39.530 0.0000000000
125201  -44.153  15.524  26.637 0.0000000000
126024  -42.649  6.601  28.758 0.0000000000
126622  -35.326  20.099  39.122 0.0000000000
127989  -36.478  19.118  39.830 0.0000000000
128528  -46.861  13.766  38.489 0.0000000000
128904  -33.531  19.238  33.224 0.0000000000
130358  -33.565  19.376  32.401 0.0000000000
130533  -33.318  17.975  32.087 0.0000000000
130962  -35.902  21.393  31.960 0.0000000000
131312  -35.824  16.576  44.273 0.0000000000
131808  -42.502  15.842  35.973 0.0000000000
132431  -37.662  18.554  46.377 0.0000000000
134484  -33.519  17.760  33.720 0.0000000000
134565  -31.077  14.563  39.481 0.0000000000
135020  -38.830  16.602  28.724 0.0000000000
135241  -35.852  21.959  29.126 0.0000000000
135483  -42.494  16.352  33.313 0.0000000000
136738  -34.233  16.906  31.524 0.0000000000
137370  -48.639  14.912  34.424 0.0000000000
137453  -47.984  17.644  28.177 0.0000000000
137472  -43.151  17.318  30.814 0.0000000000
137842  -33.894  19.362  36.175 0.0000000000
137944  -35.986  16.392  30.479 0.0000000000
139148  -42.736  20.439  17.762 0.0000000000
139190  -48.442  18.145  26.302 0.0000000000
139197  -34.709  19.070  43.925 0.0000000000
139590  -35.707  16.035  34.026 0.0000000000
139745  -41.391  20.503  20.643 0.0000000000
140295  -38.957  22.385  34.781 0.0000000000
140414  -48.360  19.275  23.642 0.0000000000
140713  -37.757  21.850  34.610 0.0000000000
140715  -36.342  22.492  37.898 0.0000000000
140769  -37.965  15.599  33.608 0.0000000000
141047  -35.336  17.291  27.422 0.0000000000
141327  -38.909  14.203  40.372 0.0000000000
141612  -46.181  19.248  26.615 0.0000000000
142488  -40.939  18.700  24.694 0.0000000000
142550  -44.170  15.144  41.468 0.0000000000
143801  -38.725  16.359  42.911 0.0000000000
