#!ascii label  , from subject sub-032304 vox2ras=TkReg
1442
55958  -36.274  -23.043  42.536 0.0000000000
69422  -49.057  -7.889  34.807 0.0000000000
121037  -42.056  -15.172  39.072 0.0000000000
34766  -13.967  -46.718  62.021 0.0000000000
55870  -31.552  -23.012  48.895 0.0000000000
44219  -25.133  -36.868  62.211 0.0000000000
47634  -33.183  -32.634  60.849 0.0000000000
53119  -34.723  -26.851  55.161 0.0000000000
55801  -34.249  -23.551  54.157 0.0000000000
38374  -21.255  -42.536  57.773 0.0000000000
131968  -23.150  -40.657  63.319 0.0000000000
42606  -23.202  -38.995  56.298 0.0000000000
46796  -29.758  -34.166  55.185 0.0000000000
49355  -33.653  -31.113  55.763 0.0000000000
54980  -38.625  -24.935  47.722 0.0000000000
56790  -41.821  -22.549  45.233 0.0000000000
65592  -46.454  -12.400  36.670 0.0000000000
60201  -38.156  -18.110  41.498 0.0000000000
71120  -44.773  -6.497  30.630 0.0000000000
33895  -10.752  -48.605  62.506 0.0000000000
119138  -37.092  -24.121  51.201 0.0000000000
134247  -34.085  -25.219  45.927 0.0000000000
45948  -25.350  -35.497  56.302 0.0000000000
46745  -28.235  -34.382  60.810 0.0000000000
119062  -43.766  -18.223  45.653 0.0000000000
73750  -52.364  -3.588  25.629 0.0000000000
127837  -33.694  -27.846  53.170 0.0000000000
54049  -33.467  -25.711  51.967 0.0000000000
40900  -22.056  -40.816  57.173 0.0000000000
47709  -30.989  -31.924  52.910 0.0000000000
138731  -32.791  -29.657  53.015 0.0000000000
50246  -34.363  -29.342  55.609 0.0000000000
55034  -37.790  -24.547  44.491 0.0000000000
55013  -40.250  -24.877  45.594 0.0000000000
56814  -39.136  -22.315  43.824 0.0000000000
67467  -48.048  -10.288  35.421 0.0000000000
66486  -50.039  -11.702  38.600 0.0000000000
71900  -49.971  -5.415  33.977 0.0000000000
35658  -11.929  -46.517  59.367 0.0000000000
34763  -11.982  -47.577  61.703 0.0000000000
56752  -33.093  -23.060  51.075 0.0000000000
56742  -35.867  -23.666  52.438 0.0000000000
55856  -34.116  -23.667  49.906 0.0000000000
55889  -35.949  -24.685  48.157 0.0000000000
54974  -33.545  -24.477  47.387 0.0000000000
42556  -23.993  -38.763  62.344 0.0000000000
41672  -23.862  -39.141  66.309 0.0000000000
43370  -24.762  -37.530  65.348 0.0000000000
44997  -26.127  -35.829  64.471 0.0000000000
45109  -23.242  -34.829  53.800 0.0000000000
46819  -25.166  -34.461  53.360 0.0000000000
47655  -31.444  -33.036  58.463 0.0000000000
46769  -29.169  -34.203  57.879 0.0000000000
47631  -30.719  -33.480  60.806 0.0000000000
46716  -30.053  -33.402  63.377 0.0000000000
36528  -18.613  -45.947  59.360 0.0000000000
36494  -20.863  -46.133  62.805 0.0000000000
35580  -20.671  -46.774  65.555 0.0000000000
62054  -39.256  -16.271  40.755 0.0000000000
61075  -40.780  -17.579  42.904 0.0000000000
62021  -42.393  -16.535  42.730 0.0000000000
121532  -53.895  -3.719  24.038 0.0000000000
33880  -13.986  -48.388  64.599 0.0000000000
53999  -36.117  -25.418  57.119 0.0000000000
55787  -36.097  -23.550  56.370 0.0000000000
54026  -34.136  -24.428  54.430 0.0000000000
54922  -32.759  -24.079  52.295 0.0000000000
118945  -21.960  -43.484  60.681 0.0000000000
39171  -22.373  -42.423  63.585 0.0000000000
40079  -22.054  -41.518  60.024 0.0000000000
130401  -23.513  -39.695  60.187 0.0000000000
43406  -24.236  -37.892  59.324 0.0000000000
46000  -27.589  -34.549  52.619 0.0000000000
46821  -29.697  -33.645  53.066 0.0000000000
47685  -31.774  -32.779  55.314 0.0000000000
48495  -34.084  -32.138  58.090 0.0000000000
50209  -35.192  -30.138  58.350 0.0000000000
127537  -35.774  -27.765  57.939 0.0000000000
37518  -19.931  -44.337  56.712 0.0000000000
55862  -41.003  -23.706  50.348 0.0000000000
54941  -44.265  -24.195  50.769 0.0000000000
54086  -42.562  -25.606  48.424 0.0000000000
135705  -43.551  -25.044  46.658 0.0000000000
63871  -44.414  -14.080  38.073 0.0000000000
62940  -45.309  -15.692  40.623 0.0000000000
125311  -47.653  -14.335  39.345 0.0000000000
30727  -6.289  -52.893  66.309 0.0000000000
140853  -37.270  -20.843  41.654 0.0000000000
62067  -36.920  -15.894  39.890 0.0000000000
122569  -40.723  -14.153  36.469 0.0000000000
130009  -42.660  -12.757  35.286 0.0000000000
67474  -44.401  -10.556  34.174 0.0000000000
69432  -45.182  -7.417  33.650 0.0000000000
71909  -45.713  -5.854  33.552 0.0000000000
71102  -43.313  -6.523  32.840 0.0000000000
33867  -12.636  -48.710  64.890 0.0000000000
33102  -10.206  -49.488  65.690 0.0000000000
32305  -8.303  -50.842  65.892 0.0000000000
56718  -41.600  -22.250  54.365 0.0000000000
119434  -36.828  -23.299  55.346 0.0000000000
56728  -38.294  -23.431  54.041 0.0000000000
55823  -40.469  -23.400  51.844 0.0000000000
55859  -38.690  -24.272  49.410 0.0000000000
54977  -37.032  -24.946  47.348 0.0000000000
55052  -35.521  -24.192  43.609 0.0000000000
40014  -23.399  -40.775  66.842 0.0000000000
44277  -23.961  -36.576  56.454 0.0000000000
45058  -25.093  -35.846  58.561 0.0000000000
134539  -27.263  -35.248  56.420 0.0000000000
46766  -26.897  -34.647  58.413 0.0000000000
45899  -26.505  -34.707  61.275 0.0000000000
45880  -27.521  -34.394  63.881 0.0000000000
36523  -13.219  -45.814  59.246 0.0000000000
36526  -15.634  -45.906  59.177 0.0000000000
34769  -16.751  -47.324  61.999 0.0000000000
58476  -40.152  -20.703  43.602 0.0000000000
58452  -41.977  -20.197  45.384 0.0000000000
58456  -44.826  -20.263  46.026 0.0000000000
61993  -45.397  -16.908  43.981 0.0000000000
71932  -47.779  -5.144  32.064 0.0000000000
135199  -50.375  -4.166  31.097 0.0000000000
73707  -52.325  -3.103  29.214 0.0000000000
72843  -50.453  -4.538  26.476 0.0000000000
138835  -53.724  -3.748  27.336 0.0000000000
51237  -32.653  -28.594  51.977 0.0000000000
52197  -32.899  -27.269  51.279 0.0000000000
52214  -32.046  -27.810  49.725 0.0000000000
49399  -31.590  -30.513  52.249 0.0000000000
50279  -32.423  -29.372  52.283 0.0000000000
50280  -32.926  -28.866  52.737 0.0000000000
55920  -37.255  -24.186  43.926 0.0000000000
126671  -38.445  -24.015  44.411 0.0000000000
137687  -37.666  -22.534  43.064 0.0000000000
68435  -47.951  -8.839  34.677 0.0000000000
68416  -49.893  -9.577  36.217 0.0000000000
69404  -50.157  -8.568  36.241 0.0000000000
70243  -50.606  -7.164  36.189 0.0000000000
71081  -49.164  -6.234  34.025 0.0000000000
35638  -12.860  -46.589  60.641 0.0000000000
35637  -12.259  -46.924  60.753 0.0000000000
34765  -13.233  -46.799  62.019 0.0000000000
56772  -32.107  -22.655  50.061 0.0000000000
56773  -33.834  -23.323  50.432 0.0000000000
55871  -33.420  -23.828  49.115 0.0000000000
143346  -34.071  -24.352  48.449 0.0000000000
128836  -32.755  -23.965  47.688 0.0000000000
37423  -22.336  -44.991  65.215 0.0000000000
43391  -24.667  -37.531  61.828 0.0000000000
42549  -24.274  -38.218  63.860 0.0000000000
44211  -25.039  -36.879  63.184 0.0000000000
44204  -25.632  -36.452  64.996 0.0000000000
44220  -25.521  -36.128  62.563 0.0000000000
138206  -32.212  -32.909  59.633 0.0000000000
46759  -30.824  -33.531  59.820 0.0000000000
121459  -31.400  -33.072  61.451 0.0000000000
122417  -30.864  -33.096  62.457 0.0000000000
36504  -21.770  -44.916  61.756 0.0000000000
36487  -21.498  -45.616  63.352 0.0000000000
36480  -21.695  -45.723  64.793 0.0000000000
57582  -43.053  -22.127  53.156 0.0000000000
62935  -40.659  -15.910  40.191 0.0000000000
62040  -41.257  -16.252  41.897 0.0000000000
62922  -42.783  -16.187  41.101 0.0000000000
53113  -35.672  -26.052  56.419 0.0000000000
54008  -35.311  -25.365  55.721 0.0000000000
54017  -35.002  -25.813  55.067 0.0000000000
54041  -33.014  -24.668  52.255 0.0000000000
54938  -32.342  -24.636  50.831 0.0000000000
54928  -32.204  -23.998  50.955 0.0000000000
38369  -21.478  -43.243  58.924 0.0000000000
39206  -21.952  -41.867  60.850 0.0000000000
130372  -21.716  -41.722  59.539 0.0000000000
41739  -22.562  -39.678  56.738 0.0000000000
40894  -22.247  -40.503  58.311 0.0000000000
41721  -23.316  -39.463  58.463 0.0000000000
42573  -24.017  -38.861  59.726 0.0000000000
42598  -23.761  -38.393  57.700 0.0000000000
46835  -28.664  -33.923  51.973 0.0000000000
48529  -32.590  -31.348  54.379 0.0000000000
47694  -31.514  -32.631  54.443 0.0000000000
47686  -32.507  -32.240  55.629 0.0000000000
47675  -32.687  -32.604  56.949 0.0000000000
48502  -33.940  -31.921  57.216 0.0000000000
48496  -34.640  -31.527  58.436 0.0000000000
126050  -34.501  -30.862  57.070 0.0000000000
52161  -34.943  -27.761  55.415 0.0000000000
51195  -35.109  -28.547  56.863 0.0000000000
52155  -35.255  -27.695  56.269 0.0000000000
52147  -36.140  -26.949  57.991 0.0000000000
38386  -20.473  -43.896  56.601 0.0000000000
54950  -39.613  -24.354  49.401 0.0000000000
54952  -41.396  -24.620  49.855 0.0000000000
54084  -40.489  -25.435  48.282 0.0000000000
55907  -41.431  -23.612  45.355 0.0000000000
136095  -42.014  -25.187  46.464 0.0000000000
55908  -42.279  -23.610  45.539 0.0000000000
55015  -44.285  -24.193  45.952 0.0000000000
136310  -42.640  -22.846  45.389 0.0000000000
64734  -45.096  -13.347  37.141 0.0000000000
64713  -46.268  -14.179  38.423 0.0000000000
65579  -47.195  -13.037  37.712 0.0000000000
66478  -50.507  -10.555  39.991 0.0000000000
64731  -41.941  -13.447  35.793 0.0000000000
65607  -41.382  -12.347  34.381 0.0000000000
133917  -43.149  -10.295  33.669 0.0000000000
140505  -43.767  -9.205  33.519 0.0000000000
68432  -45.389  -9.246  33.976 0.0000000000
125206  -43.856  -7.347  33.541 0.0000000000
127746  -44.037  -6.829  33.450 0.0000000000
33914  -10.596  -48.077  60.787 0.0000000000
122153  -10.007  -49.261  63.197 0.0000000000
33857  -14.789  -48.939  66.334 0.0000000000
33868  -13.516  -48.706  65.201 0.0000000000
33094  -13.540  -49.286  66.604 0.0000000000
33092  -11.367  -49.765  66.823 0.0000000000
32301  -9.836  -50.331  67.179 0.0000000000
32306  -8.896  -50.261  66.165 0.0000000000
32300  -8.984  -50.491  67.044 0.0000000000
31541  -7.943  -51.623  67.331 0.0000000000
55795  -34.915  -23.774  55.177 0.0000000000
56703  -36.315  -23.324  55.915 0.0000000000
56713  -35.804  -23.422  54.869 0.0000000000
56756  -36.271  -23.880  51.857 0.0000000000
56743  -36.945  -23.136  53.078 0.0000000000
55821  -38.249  -23.786  52.403 0.0000000000
55822  -39.792  -23.504  52.910 0.0000000000
55830  -38.772  -23.964  51.492 0.0000000000
122183  -39.826  -23.709  50.485 0.0000000000
119375  -37.834  -24.185  49.623 0.0000000000
54975  -35.299  -24.841  47.613 0.0000000000
55890  -36.750  -24.813  47.926 0.0000000000
132621  -35.935  -24.965  46.021 0.0000000000
55009  -36.494  -24.829  45.502 0.0000000000
55032  -35.133  -24.589  44.353 0.0000000000
40035  -22.542  -41.672  63.233 0.0000000000
39152  -22.681  -42.144  65.240 0.0000000000
40019  -23.209  -41.046  65.010 0.0000000000
45970  -24.208  -34.942  54.776 0.0000000000
45090  -23.831  -35.572  55.178 0.0000000000
45085  -24.194  -35.978  56.173 0.0000000000
44260  -24.690  -36.257  58.032 0.0000000000
119872  -25.155  -35.673  57.199 0.0000000000
46806  -28.887  -34.341  54.112 0.0000000000
45974  -27.923  -35.217  54.351 0.0000000000
45961  -28.839  -34.889  55.621 0.0000000000
46757  -28.633  -34.157  59.967 0.0000000000
46767  -27.859  -34.502  58.457 0.0000000000
46755  -27.350  -34.411  59.251 0.0000000000
121495  -26.393  -34.776  60.119 0.0000000000
45900  -27.277  -34.468  61.578 0.0000000000
45889  -26.852  -34.685  62.148 0.0000000000
46733  -27.926  -34.125  62.125 0.0000000000
130055  -35.915  -29.895  61.150 0.0000000000
140412  -17.284  -46.232  59.526 0.0000000000
35663  -16.956  -46.416  60.050 0.0000000000
129066  -16.135  -46.623  60.615 0.0000000000
34710  -20.646  -47.355  67.265 0.0000000000
59319  -38.038  -19.179  41.547 0.0000000000
58484  -38.689  -20.466  42.544 0.0000000000
59302  -38.785  -19.291  42.159 0.0000000000
61077  -42.440  -17.352  44.013 0.0000000000
60179  -41.229  -18.926  43.945 0.0000000000
59271  -43.155  -19.157  45.604 0.0000000000
58442  -43.629  -19.819  46.234 0.0000000000
59254  -44.023  -19.233  46.568 0.0000000000
62926  -47.249  -15.237  42.065 0.0000000000
62912  -45.815  -16.011  42.207 0.0000000000
62897  -46.857  -15.803  43.078 0.0000000000
71921  -45.316  -5.772  32.999 0.0000000000
71922  -46.527  -5.412  32.914 0.0000000000
71114  -46.007  -6.200  31.415 0.0000000000
123383  -48.516  -5.677  29.669 0.0000000000
130929  -49.254  -5.545  29.103 0.0000000000
72798  -51.185  -3.824  30.341 0.0000000000
72805  -50.037  -5.122  28.732 0.0000000000
72863  -49.631  -4.147  25.070 0.0000000000
72851  -48.652  -4.520  25.915 0.0000000000
130554  -51.352  -4.145  25.885 0.0000000000
73728  -52.760  -2.894  27.412 0.0000000000
73752  -53.648  -3.195  26.471 0.0000000000
72854  -53.869  -3.468  25.753 0.0000000000
72018  -54.167  -5.442  23.419 0.0000000000
52181  -34.250  -27.802  53.852 0.0000000000
53142  -34.606  -26.150  53.806 0.0000000000
52191  -33.577  -27.227  52.602 0.0000000000
53156  -33.114  -26.191  51.211 0.0000000000
40120  -21.733  -41.377  56.795 0.0000000000
48556  -30.970  -30.900  51.832 0.0000000000
48543  -32.007  -30.888  52.950 0.0000000000
49392  -32.784  -30.611  54.053 0.0000000000
49370  -34.057  -30.298  55.625 0.0000000000
50256  -33.738  -29.349  54.149 0.0000000000
51216  -34.196  -28.532  54.374 0.0000000000
54992  -38.640  -25.130  46.769 0.0000000000
54093  -39.417  -25.317  47.194 0.0000000000
55012  -39.395  -24.841  45.469 0.0000000000
55036  -39.693  -24.200  45.120 0.0000000000
55923  -40.020  -23.040  44.751 0.0000000000
66518  -46.739  -11.342  35.746 0.0000000000
122827  -47.958  -12.598  37.453 0.0000000000
66511  -48.601  -11.451  36.592 0.0000000000
67456  -50.458  -10.088  38.037 0.0000000000
72773  -51.125  -4.484  33.601 0.0000000000
34779  -11.094  -47.454  60.558 0.0000000000
34750  -11.530  -48.269  62.257 0.0000000000
56740  -33.911  -23.391  52.568 0.0000000000
126811  -35.034  -23.487  53.316 0.0000000000
56754  -34.615  -23.240  51.629 0.0000000000
56767  -34.943  -23.660  51.016 0.0000000000
55840  -35.259  -23.929  50.428 0.0000000000
140199  -36.054  -24.615  49.508 0.0000000000
55857  -35.183  -24.230  49.712 0.0000000000
138681  -34.303  -24.510  47.765 0.0000000000
54986  -33.430  -24.878  46.614 0.0000000000
133879  -23.393  -39.906  63.456 0.0000000000
40857  -23.337  -40.065  64.905 0.0000000000
42542  -23.896  -38.748  64.655 0.0000000000
42535  -24.091  -38.456  65.820 0.0000000000
44196  -25.849  -36.639  65.900 0.0000000000
45985  -24.232  -34.225  53.496 0.0000000000
45971  -24.825  -34.754  54.690 0.0000000000
46786  -30.607  -33.837  56.514 0.0000000000
46776  -28.963  -34.316  57.040 0.0000000000
121304  -30.064  -34.078  58.193 0.0000000000
46758  -29.442  -34.067  59.919 0.0000000000
47630  -29.423  -33.961  61.318 0.0000000000
46735  -29.097  -34.083  61.960 0.0000000000
47619  -29.967  -33.609  62.040 0.0000000000
36573  -19.252  -45.240  57.968 0.0000000000
36529  -19.446  -45.684  59.437 0.0000000000
35611  -19.900  -46.525  62.533 0.0000000000
35589  -19.801  -47.137  64.376 0.0000000000
35590  -20.416  -46.738  64.603 0.0000000000
61107  -39.241  -17.057  41.723 0.0000000000
141138  -39.582  -17.993  42.569 0.0000000000
62018  -39.813  -16.815  42.210 0.0000000000
61092  -41.422  -16.853  42.883 0.0000000000
61078  -42.750  -17.132  44.048 0.0000000000
71128  -43.570  -6.053  29.564 0.0000000000
71130  -45.251  -6.395  29.791 0.0000000000
71950  -44.831  -5.901  29.074 0.0000000000
132212  -49.991  -3.789  24.408 0.0000000000
73764  -53.185  -3.527  24.358 0.0000000000
123712  -51.835  -3.752  23.728 0.0000000000
73779  -51.704  -3.625  22.812 0.0000000000
34738  -15.026  -47.790  63.217 0.0000000000
34737  -14.009  -47.684  63.243 0.0000000000
55779  -36.768  -23.460  57.639 0.0000000000
54884  -36.078  -24.404  57.061 0.0000000000
54891  -35.287  -24.443  55.738 0.0000000000
54907  -33.971  -23.956  54.386 0.0000000000
54034  -34.179  -25.194  53.714 0.0000000000
54916  -33.756  -24.326  53.631 0.0000000000
54915  -33.512  -23.972  52.886 0.0000000000
55828  -32.781  -23.446  51.467 0.0000000000
55839  -32.444  -23.202  50.580 0.0000000000
37444  -22.249  -44.301  62.424 0.0000000000
38328  -22.312  -43.015  63.696 0.0000000000
39170  -22.205  -42.693  62.895 0.0000000000
40042  -22.006  -41.824  61.681 0.0000000000
140137  -22.258  -41.553  61.845 0.0000000000
143257  -21.855  -40.897  58.627 0.0000000000
40878  -22.493  -40.877  60.837 0.0000000000
40879  -23.208  -40.389  61.419 0.0000000000
41704  -23.610  -39.639  61.066 0.0000000000
42565  -24.379  -38.180  61.173 0.0000000000
43399  -24.543  -37.376  60.803 0.0000000000
46820  -28.967  -34.085  53.007 0.0000000000
46807  -29.547  -34.050  54.508 0.0000000000
121976  -30.676  -32.690  53.239 0.0000000000
47702  -30.853  -33.018  54.079 0.0000000000
46797  -30.448  -33.797  55.529 0.0000000000
47673  -31.309  -33.288  56.850 0.0000000000
47666  -32.554  -32.688  57.748 0.0000000000
47645  -33.582  -32.503  59.777 0.0000000000
48480  -34.098  -32.142  61.303 0.0000000000
47635  -34.399  -32.064  59.585 0.0000000000
49314  -35.260  -31.050  59.544 0.0000000000
50198  -35.923  -29.574  59.994 0.0000000000
123437  -34.578  -30.093  56.864 0.0000000000
50222  -35.366  -29.216  58.240 0.0000000000
131258  -35.966  -28.867  59.432 0.0000000000
52138  -36.464  -27.177  59.527 0.0000000000
37477  -20.124  -44.811  58.069 0.0000000000
132775  -41.447  -23.260  51.076 0.0000000000
54940  -43.071  -24.147  50.770 0.0000000000
54954  -43.628  -24.904  50.170 0.0000000000
54088  -44.500  -25.410  48.626 0.0000000000
54095  -41.188  -25.699  47.541 0.0000000000
124369  -43.033  -25.536  47.793 0.0000000000
62973  -42.994  -14.973  38.714 0.0000000000
62938  -43.427  -15.789  40.143 0.0000000000
63849  -45.054  -14.994  38.895 0.0000000000
63850  -46.940  -14.892  39.896 0.0000000000
63843  -48.147  -14.300  40.958 0.0000000000
65567  -48.704  -13.117  38.648 0.0000000000
64695  -48.815  -13.597  41.130 0.0000000000
56838  -35.272  -22.182  41.395 0.0000000000
57645  -37.155  -21.547  42.020 0.0000000000
58508  -36.264  -20.794  40.740 0.0000000000
59334  -36.493  -19.931  40.538 0.0000000000
60215  -37.486  -18.534  40.914 0.0000000000
61118  -37.317  -16.938  40.520 0.0000000000
62053  -38.447  -16.275  40.437 0.0000000000
62953  -39.260  -15.560  39.194 0.0000000000
62971  -40.518  -15.075  38.236 0.0000000000
62985  -41.196  -14.781  37.911 0.0000000000
122922  -42.343  -13.927  37.295 0.0000000000
64732  -43.516  -13.281  36.604 0.0000000000
65601  -44.211  -12.407  35.414 0.0000000000
66531  -41.764  -10.906  33.936 0.0000000000
66515  -44.167  -11.869  34.742 0.0000000000
66516  -45.453  -11.665  35.236 0.0000000000
67476  -46.025  -9.985  34.495 0.0000000000
130651  -46.674  -8.948  34.473 0.0000000000
70249  -46.659  -7.154  33.807 0.0000000000
71079  -47.129  -6.453  33.906 0.0000000000
137202  -45.828  -6.294  33.739 0.0000000000
71908  -44.947  -6.183  33.248 0.0000000000
71111  -43.435  -6.523  31.769 0.0000000000
140044  -43.036  -6.216  30.005 0.0000000000
34736  -13.181  -47.662  63.311 0.0000000000
129661  -12.611  -48.197  63.777 0.0000000000
33887  -11.116  -48.663  63.525 0.0000000000
33093  -12.178  -49.398  66.336 0.0000000000
33103  -11.202  -49.272  65.840 0.0000000000
33876  -10.537  -48.994  64.135 0.0000000000
33109  -9.421  -49.635  64.749 0.0000000000
32311  -8.723  -50.400  64.412 0.0000000000
32314  -7.817  -51.177  64.394 0.0000000000
31546  -6.817  -52.045  65.935 0.0000000000
56732  -42.540  -22.247  53.150 0.0000000000
56705  -38.626  -22.659  55.819 0.0000000000
56725  -35.849  -23.386  53.780 0.0000000000
56714  -37.462  -23.115  54.683 0.0000000000
135748  -40.206  -22.799  54.395 0.0000000000
56744  -40.764  -23.045  52.946 0.0000000000
56758  -41.716  -22.930  51.806 0.0000000000
134096  -40.587  -23.408  50.816 0.0000000000
120862  -39.964  -24.018  49.889 0.0000000000
55876  -39.016  -24.428  48.839 0.0000000000
55874  -36.869  -24.653  48.395 0.0000000000
55891  -37.358  -24.730  47.981 0.0000000000
54979  -38.109  -24.793  47.563 0.0000000000
54990  -37.269  -24.881  46.286 0.0000000000
55033  -36.771  -24.580  44.464 0.0000000000
55936  -35.907  -23.649  43.015 0.0000000000
55899  -31.069  -23.796  47.039 0.0000000000
54984  -31.690  -24.617  46.396 0.0000000000
55005  -32.227  -25.040  45.714 0.0000000000
126695  -32.819  -25.246  44.869 0.0000000000
55030  -33.420  -25.306  44.108 0.0000000000
55067  -34.323  -24.030  42.857 0.0000000000
55956  -34.685  -23.475  42.326 0.0000000000
55975  -35.034  -22.911  41.842 0.0000000000
40850  -23.412  -40.001  66.444 0.0000000000
43444  -23.167  -37.746  55.061 0.0000000000
44303  -23.202  -36.760  54.881 0.0000000000
43433  -23.804  -37.406  56.638 0.0000000000
44259  -24.271  -36.854  57.452 0.0000000000
141161  -24.698  -36.651  58.907 0.0000000000
45033  -25.329  -35.963  59.977 0.0000000000
45987  -26.386  -34.793  53.476 0.0000000000
45973  -26.590  -35.212  54.347 0.0000000000
136907  -25.910  -35.429  56.255 0.0000000000
46784  -28.060  -34.802  57.009 0.0000000000
46774  -27.009  -35.051  57.493 0.0000000000
125467  -25.826  -35.516  57.016 0.0000000000
45930  -25.556  -35.386  58.655 0.0000000000
45047  -25.587  -35.482  59.866 0.0000000000
45022  -25.739  -35.554  61.526 0.0000000000
45010  -26.471  -35.070  62.727 0.0000000000
44998  -26.624  -35.269  63.863 0.0000000000
36522  -12.617  -46.123  59.356 0.0000000000
35639  -13.433  -46.427  60.375 0.0000000000
36569  -15.780  -45.391  57.799 0.0000000000
36567  -13.914  -45.238  57.854 0.0000000000
36525  -14.776  -45.767  59.205 0.0000000000
35641  -15.098  -46.427  60.383 0.0000000000
34767  -14.909  -47.185  61.826 0.0000000000
34739  -16.185  -47.769  63.212 0.0000000000
34716  -19.933  -47.341  65.299 0.0000000000
56812  -38.184  -21.882  42.947 0.0000000000
57634  -39.456  -21.433  43.653 0.0000000000
141234  -40.891  -21.459  44.621 0.0000000000
59291  -40.692  -19.220  43.369 0.0000000000
58464  -40.911  -20.649  44.229 0.0000000000
123731  -41.797  -21.459  45.317 0.0000000000
57616  -43.129  -21.500  45.557 0.0000000000
62043  -44.024  -16.518  41.989 0.0000000000
140517  -43.868  -16.731  43.100 0.0000000000
61992  -44.240  -17.287  44.143 0.0000000000
71898  -47.579  -5.354  33.561 0.0000000000
72771  -48.726  -4.613  33.184 0.0000000000
72782  -49.490  -4.332  32.603 0.0000000000
71939  -47.036  -5.830  30.858 0.0000000000
72796  -48.886  -4.826  31.475 0.0000000000
73690  -51.433  -3.668  32.121 0.0000000000
73697  -52.000  -3.408  31.286 0.0000000000
73703  -53.294  -3.047  29.971 0.0000000000
71975  -49.207  -5.399  27.408 0.0000000000
72831  -51.702  -3.803  27.818 0.0000000000
127317  -53.475  -3.237  28.264 0.0000000000
120256  -54.261  -3.705  24.892 0.0000000000
51249  -32.448  -28.254  51.089 0.0000000000
50299  -31.641  -29.645  51.048 0.0000000000
50300  -32.120  -29.092  51.498 0.0000000000
55937  -36.621  -23.408  43.083 0.0000000000
55938  -37.319  -23.302  43.405 0.0000000000
56811  -37.014  -22.789  42.819 0.0000000000
69421  -48.139  -8.105  34.438 0.0000000000
69409  -48.707  -8.682  34.960 0.0000000000
69410  -49.563  -8.320  35.522 0.0000000000
143394  -50.190  -7.914  36.015 0.0000000000
70242  -49.990  -7.621  35.391 0.0000000000
70252  -49.613  -7.052  34.616 0.0000000000
70251  -48.423  -7.141  34.060 0.0000000000
35620  -13.519  -46.697  61.142 0.0000000000
35619  -12.772  -46.799  61.341 0.0000000000
56779  -32.293  -22.914  49.536 0.0000000000
55855  -33.027  -23.126  50.107 0.0000000000
119135  -32.573  -23.492  48.528 0.0000000000
55886  -32.028  -23.571  48.016 0.0000000000
37424  -22.567  -44.247  65.798 0.0000000000
37432  -22.470  -44.056  64.824 0.0000000000
43383  -24.715  -37.299  62.721 0.0000000000
140535  -32.854  -32.781  59.985 0.0000000000
47633  -32.210  -32.907  60.657 0.0000000000
47621  -32.212  -32.573  61.707 0.0000000000
129131  -21.741  -45.440  63.960 0.0000000000
62955  -41.323  -15.471  39.503 0.0000000000
62936  -41.536  -15.937  40.252 0.0000000000
132028  -42.022  -15.629  39.654 0.0000000000
128240  -35.208  -26.347  55.704 0.0000000000
53130  -34.796  -26.242  54.506 0.0000000000
54057  -31.828  -25.010  50.164 0.0000000000
39219  -21.397  -42.220  58.766 0.0000000000
42597  -23.124  -39.027  57.157 0.0000000000
133176  -22.741  -39.579  57.418 0.0000000000
143181  -23.673  -38.782  58.210 0.0000000000
48522  -32.983  -31.469  55.161 0.0000000000
47695  -32.344  -32.185  54.734 0.0000000000
48513  -33.124  -31.797  56.016 0.0000000000
136835  -33.773  -31.561  56.498 0.0000000000
48514  -34.241  -31.361  56.945 0.0000000000
138751  -34.961  -27.076  55.766 0.0000000000
138743  -35.259  -26.842  56.199 0.0000000000
38387  -21.011  -42.890  56.754 0.0000000000
38373  -20.905  -43.496  57.450 0.0000000000
54967  -39.091  -24.688  48.423 0.0000000000
143244  -40.294  -25.132  48.984 0.0000000000
54083  -39.753  -25.252  47.949 0.0000000000
65577  -45.781  -12.890  36.906 0.0000000000
64719  -45.788  -13.414  37.446 0.0000000000
65578  -46.483  -12.915  37.298 0.0000000000
66469  -50.591  -10.819  40.788 0.0000000000
64752  -40.725  -13.087  34.640 0.0000000000
69430  -43.628  -8.395  33.495 0.0000000000
120617  -43.154  -7.690  33.468 0.0000000000
70261  -43.238  -7.072  33.496 0.0000000000
33904  -10.528  -48.506  61.720 0.0000000000
33903  -9.966  -49.008  61.736 0.0000000000
33894  -10.260  -48.871  62.528 0.0000000000
33095  -14.220  -49.183  66.990 0.0000000000
33085  -14.462  -49.308  67.844 0.0000000000
129055  -9.311  -50.823  67.838 0.0000000000
56712  -34.878  -23.495  54.745 0.0000000000
119169  -34.904  -23.293  54.160 0.0000000000
55819  -36.958  -23.975  52.120 0.0000000000
55829  -37.761  -24.071  51.825 0.0000000000
55842  -38.234  -24.211  50.937 0.0000000000
142205  -37.736  -24.223  50.406 0.0000000000
55008  -35.106  -25.209  46.009 0.0000000000
54988  -35.631  -25.254  46.839 0.0000000000
55007  -34.684  -25.076  45.139 0.0000000000
40863  -22.952  -41.074  63.684 0.0000000000
40028  -22.819  -41.480  64.203 0.0000000000
40856  -23.182  -40.753  64.544 0.0000000000
45957  -24.832  -35.219  55.466 0.0000000000
45956  -24.372  -35.469  55.556 0.0000000000
45947  -24.757  -35.664  56.294 0.0000000000
139122  -24.651  -35.976  56.981 0.0000000000
46795  -29.280  -34.500  54.955 0.0000000000
45975  -28.705  -35.127  54.895 0.0000000000
136925  -29.282  -34.553  55.638 0.0000000000
46756  -27.768  -34.246  60.068 0.0000000000
46744  -26.977  -34.465  60.121 0.0000000000
45911  -27.444  -34.423  60.893 0.0000000000
119289  -27.938  -34.347  61.481 0.0000000000
35599  -18.672  -47.280  63.078 0.0000000000
60202  -38.559  -18.510  41.892 0.0000000000
125351  -42.905  -17.452  44.459 0.0000000000
60171  -42.539  -18.820  44.864 0.0000000000
60162  -43.215  -18.295  45.036 0.0000000000
130209  -43.706  -19.030  46.255 0.0000000000
60163  -43.679  -18.663  45.944 0.0000000000
63831  -47.732  -14.731  42.439 0.0000000000
62913  -46.622  -15.665  42.426 0.0000000000
71113  -45.271  -6.377  31.727 0.0000000000
71961  -48.286  -5.758  28.582 0.0000000000
137739  -49.985  -5.080  29.497 0.0000000000
71962  -49.202  -5.492  28.198 0.0000000000
72864  -50.717  -3.962  25.053 0.0000000000
72853  -50.079  -4.382  25.723 0.0000000000
73740  -52.633  -3.246  26.532 0.0000000000
73751  -53.407  -3.190  26.211 0.0000000000
134248  -53.813  -3.382  25.859 0.0000000000
52180  -34.116  -26.930  53.326 0.0000000000
52206  -32.361  -27.602  50.417 0.0000000000
53164  -32.501  -26.667  50.538 0.0000000000
49412  -30.820  -30.771  50.950 0.0000000000
139893  -32.197  -30.112  52.650 0.0000000000
49400  -32.533  -30.393  53.361 0.0000000000
49383  -33.388  -30.207  54.399 0.0000000000
50266  -33.077  -29.886  53.739 0.0000000000
51224  -33.378  -28.486  53.094 0.0000000000
51225  -33.798  -28.541  53.650 0.0000000000
55011  -37.979  -24.882  45.353 0.0000000000
121027  -38.713  -24.959  45.765 0.0000000000
55035  -38.744  -24.587  44.948 0.0000000000
56801  -38.707  -23.179  44.115 0.0000000000
55922  -39.157  -23.653  44.623 0.0000000000
123956  -39.441  -22.841  44.275 0.0000000000
67466  -47.463  -10.987  35.644 0.0000000000
134230  -47.860  -11.467  36.255 0.0000000000
67460  -48.395  -10.886  35.950 0.0000000000
124754  -50.511  -10.234  38.793 0.0000000000
68406  -50.769  -9.324  38.965 0.0000000000
71894  -51.618  -5.443  35.102 0.0000000000
72765  -51.884  -4.764  34.336 0.0000000000
71901  -51.238  -5.033  34.333 0.0000000000
141887  -12.286  -47.137  61.322 0.0000000000
34780  -11.715  -47.287  60.949 0.0000000000
34762  -11.210  -47.923  61.401 0.0000000000
56739  -33.463  -23.385  51.942 0.0000000000
120499  -34.270  -23.232  52.095 0.0000000000
56753  -33.818  -23.296  51.392 0.0000000000
56766  -34.164  -23.389  50.925 0.0000000000
56774  -34.586  -23.611  50.362 0.0000000000
55887  -33.436  -23.979  48.074 0.0000000000
54987  -34.500  -24.950  46.898 0.0000000000
41688  -23.691  -39.388  62.804 0.0000000000
42548  -23.798  -39.091  63.666 0.0000000000
43377  -24.565  -37.621  64.438 0.0000000000
42543  -24.281  -37.995  65.055 0.0000000000
42536  -24.634  -37.924  66.088 0.0000000000
44976  -26.076  -35.888  65.190 0.0000000000
46805  -24.807  -34.406  53.950 0.0000000000
120401  -24.299  -34.416  54.064 0.0000000000
46778  -30.738  -33.686  57.475 0.0000000000
46770  -30.835  -33.519  58.345 0.0000000000
125188  -30.220  -33.848  59.249 0.0000000000
46747  -29.930  -33.795  60.426 0.0000000000
141761  -30.105  -33.604  61.244 0.0000000000
123390  -30.757  -32.958  63.295 0.0000000000
36549  -19.784  -45.272  58.787 0.0000000000
120063  -19.123  -45.584  58.776 0.0000000000
35626  -20.358  -46.079  61.849 0.0000000000
35601  -20.122  -46.705  63.549 0.0000000000
36479  -20.976  -46.098  63.985 0.0000000000
36470  -21.961  -45.676  65.798 0.0000000000
35581  -21.347  -46.275  65.641 0.0000000000
62037  -38.930  -16.587  41.082 0.0000000000
62038  -39.741  -16.442  41.585 0.0000000000
62041  -42.178  -16.435  41.914 0.0000000000
62019  -40.927  -16.461  42.273 0.0000000000
131221  -42.081  -16.544  43.069 0.0000000000
62002  -42.214  -16.951  43.441 0.0000000000
62003  -42.608  -16.811  43.268 0.0000000000
71949  -44.000  -5.601  29.039 0.0000000000
73761  -49.179  -3.646  24.575 0.0000000000
73762  -50.886  -3.704  24.186 0.0000000000
143125  -50.243  -3.520  23.780 0.0000000000
34724  -15.535  -48.092  64.016 0.0000000000
33848  -15.844  -48.747  67.605 0.0000000000
53993  -36.420  -24.853  57.952 0.0000000000
127056  -34.703  -24.617  55.050 0.0000000000
54908  -34.227  -24.089  54.835 0.0000000000
53147  -33.777  -26.296  52.636 0.0000000000
137111  -34.138  -25.969  53.223 0.0000000000
54923  -33.388  -24.405  52.743 0.0000000000
55818  -32.883  -23.771  52.247 0.0000000000
123226  -32.482  -23.888  51.790 0.0000000000
55838  -31.768  -23.258  50.335 0.0000000000
38334  -22.232  -43.092  62.232 0.0000000000
121563  -22.009  -42.506  61.293 0.0000000000
39213  -21.913  -41.800  60.287 0.0000000000
39194  -21.965  -41.895  61.208 0.0000000000
141465  -22.054  -41.788  61.041 0.0000000000
40043  -22.293  -41.729  62.424 0.0000000000
40052  -22.180  -41.561  61.060 0.0000000000
40107  -21.635  -41.266  57.695 0.0000000000
40893  -21.848  -40.796  57.977 0.0000000000
41720  -22.787  -40.211  58.808 0.0000000000
40889  -22.151  -40.773  59.124 0.0000000000
137117  -22.583  -40.564  59.892 0.0000000000
137861  -23.104  -40.289  60.647 0.0000000000
42564  -24.124  -38.944  60.655 0.0000000000
42574  -24.206  -38.035  60.270 0.0000000000
43407  -24.494  -37.363  59.972 0.0000000000
46836  -29.369  -33.491  52.312 0.0000000000
139531  -29.583  -33.856  53.858 0.0000000000
47708  -30.369  -32.340  52.439 0.0000000000
47693  -31.003  -33.248  54.964 0.0000000000
46808  -30.184  -33.635  54.532 0.0000000000
47684  -31.172  -33.255  55.921 0.0000000000
47667  -33.354  -32.415  57.496 0.0000000000
47657  -33.249  -32.613  58.328 0.0000000000
47644  -33.051  -32.779  59.180 0.0000000000
48488  -33.825  -32.346  58.941 0.0000000000
141786  -34.389  -31.943  58.820 0.0000000000
134385  -34.857  -30.937  58.159 0.0000000000
49326  -35.045  -30.946  58.811 0.0000000000
49327  -35.417  -30.281  59.283 0.0000000000
136994  -34.348  -29.886  56.206 0.0000000000
50232  -34.732  -29.305  56.470 0.0000000000
51196  -35.372  -28.549  57.739 0.0000000000
51189  -35.731  -28.492  58.631 0.0000000000
51183  -36.159  -28.064  59.430 0.0000000000
52142  -36.119  -27.517  58.706 0.0000000000
53099  -36.321  -25.989  57.984 0.0000000000
52143  -36.469  -26.585  58.772 0.0000000000
37500  -19.649  -44.678  57.300 0.0000000000
37456  -21.533  -44.270  60.200 0.0000000000
55847  -42.469  -23.336  51.299 0.0000000000
54939  -41.748  -23.732  50.659 0.0000000000
54069  -41.990  -25.407  49.255 0.0000000000
54953  -42.509  -24.807  50.074 0.0000000000
54070  -43.063  -25.383  49.351 0.0000000000
54071  -44.102  -25.304  49.442 0.0000000000
54087  -43.543  -25.492  48.560 0.0000000000
54106  -40.306  -25.399  46.459 0.0000000000
54094  -40.384  -25.527  47.320 0.0000000000
54107  -41.210  -25.533  46.810 0.0000000000
54995  -42.863  -25.118  46.517 0.0000000000
141608  -42.508  -25.413  46.816 0.0000000000
122832  -43.129  -25.384  47.091 0.0000000000
54097  -43.872  -25.376  47.820 0.0000000000
54108  -44.134  -25.129  47.141 0.0000000000
54996  -44.266  -24.701  46.511 0.0000000000
55016  -45.153  -24.101  45.823 0.0000000000
63860  -43.705  -14.456  38.308 0.0000000000
62974  -43.857  -15.042  38.729 0.0000000000
63861  -44.452  -14.689  38.559 0.0000000000
63862  -46.839  -14.508  38.963 0.0000000000
133040  -45.931  -14.837  39.155 0.0000000000
63842  -47.427  -14.824  40.858 0.0000000000
63851  -47.790  -14.542  40.207 0.0000000000
137804  -49.400  -12.193  38.068 0.0000000000
65580  -48.714  -12.655  38.056 0.0000000000
65568  -49.498  -12.559  38.879 0.0000000000
125984  -49.686  -12.548  40.717 0.0000000000
31545  -6.098  -52.726  65.623 0.0000000000
30735  -6.016  -52.827  64.505 0.0000000000
125084  -5.948  -53.565  65.176 0.0000000000
59345  -36.214  -19.071  40.228 0.0000000000
121061  -36.883  -19.124  40.596 0.0000000000
60214  -36.766  -18.346  40.398 0.0000000000
62052  -37.542  -16.195  40.231 0.0000000000
61119  -38.081  -16.792  40.758 0.0000000000
62952  -38.237  -15.695  39.337 0.0000000000
62954  -40.396  -15.442  39.245 0.0000000000
122631  -39.831  -15.291  38.482 0.0000000000
62984  -40.421  -14.760  37.442 0.0000000000
63868  -40.987  -14.350  37.221 0.0000000000
63869  -41.798  -14.287  37.628 0.0000000000
63881  -41.606  -13.867  36.789 0.0000000000
64746  -42.870  -13.230  35.994 0.0000000000
64747  -43.505  -12.801  35.770 0.0000000000
65590  -44.287  -12.852  36.178 0.0000000000
67484  -43.900  -9.909  33.640 0.0000000000
67473  -43.588  -10.794  34.050 0.0000000000
121956  -44.085  -11.233  34.404 0.0000000000
66527  -44.862  -11.253  34.641 0.0000000000
66528  -45.743  -10.860  34.900 0.0000000000
67475  -45.214  -10.274  34.389 0.0000000000
68444  -45.065  -8.332  33.686 0.0000000000
122512  -46.131  -8.996  34.378 0.0000000000
69418  -45.680  -8.176  33.893 0.0000000000
69419  -46.318  -8.136  34.031 0.0000000000
70248  -45.859  -7.091  33.673 0.0000000000
71078  -46.132  -6.216  33.894 0.0000000000
70263  -45.317  -6.669  33.572 0.0000000000
119811  -44.132  -6.559  33.229 0.0000000000
122709  -44.121  -6.434  32.696 0.0000000000
129698  -9.615  -49.578  62.255 0.0000000000
34723  -14.498  -48.203  63.889 0.0000000000
34722  -13.532  -48.028  63.847 0.0000000000
143070  -12.761  -48.314  64.166 0.0000000000
33878  -12.135  -48.536  64.282 0.0000000000
33888  -11.934  -48.453  63.655 0.0000000000
33084  -13.510  -49.505  67.448 0.0000000000
33091  -10.436  -49.799  66.529 0.0000000000
33865  -10.825  -49.113  64.962 0.0000000000
33110  -10.044  -49.469  64.795 0.0000000000
33116  -9.799  -49.303  64.028 0.0000000000
33100  -8.914  -50.074  65.273 0.0000000000
137570  -8.313  -50.729  65.140 0.0000000000
32310  -7.582  -51.299  65.570 0.0000000000
32298  -7.603  -51.453  66.258 0.0000000000
31536  -8.276  -51.836  67.724 0.0000000000
57571  -42.064  -21.972  54.409 0.0000000000
57576  -42.442  -22.079  53.956 0.0000000000
56731  -41.926  -22.347  53.697 0.0000000000
55778  -36.256  -23.703  57.018 0.0000000000
135112  -36.587  -23.278  57.039 0.0000000000
119608  -37.029  -22.923  56.273 0.0000000000
122123  -37.847  -22.702  56.438 0.0000000000
56704  -37.640  -22.818  55.570 0.0000000000
139118  -35.627  -23.609  52.989 0.0000000000
125045  -36.344  -23.385  53.073 0.0000000000
55810  -37.737  -23.446  53.177 0.0000000000
56727  -37.241  -23.203  53.811 0.0000000000
56715  -38.382  -22.832  54.954 0.0000000000
130226  -39.314  -23.206  54.402 0.0000000000
136267  -39.243  -23.458  53.656 0.0000000000
122690  -39.326  -23.727  52.140 0.0000000000
56745  -41.281  -23.012  52.255 0.0000000000
56757  -41.137  -23.232  51.386 0.0000000000
55844  -39.603  -24.126  50.013 0.0000000000
55860  -39.297  -24.360  49.406 0.0000000000
55875  -38.492  -24.406  48.740 0.0000000000
120278  -36.076  -24.805  48.968 0.0000000000
55858  -37.021  -24.378  49.211 0.0000000000
54965  -37.963  -24.611  48.116 0.0000000000
54978  -37.612  -24.847  47.389 0.0000000000
123181  -35.934  -24.543  44.307 0.0000000000
141729  -36.191  -24.683  44.844 0.0000000000
55053  -36.472  -24.096  43.625 0.0000000000
55900  -32.032  -24.028  47.198 0.0000000000
54983  -30.764  -24.529  46.156 0.0000000000
127149  -31.817  -25.095  44.807 0.0000000000
55006  -33.129  -25.031  45.779 0.0000000000
55051  -33.002  -24.981  43.306 0.0000000000
124309  -33.903  -24.589  43.501 0.0000000000
55066  -33.458  -24.320  42.719 0.0000000000
139821  -22.418  -43.279  64.432 0.0000000000
38322  -22.476  -42.634  64.429 0.0000000000
40013  -23.220  -41.548  66.011 0.0000000000
123752  -23.374  -39.791  65.748 0.0000000000
40849  -23.296  -40.408  65.455 0.0000000000
44293  -23.643  -36.280  55.499 0.0000000000
44304  -23.244  -35.917  54.710 0.0000000000
132597  -24.022  -37.699  57.349 0.0000000000
135681  -24.848  -36.225  58.761 0.0000000000
44241  -24.973  -36.340  59.403 0.0000000000
45046  -25.192  -35.920  59.305 0.0000000000
45999  -26.671  -34.533  52.768 0.0000000000
45960  -27.382  -35.390  55.363 0.0000000000
45959  -26.325  -35.380  55.596 0.0000000000
122312  -28.410  -34.464  57.748 0.0000000000
46775  -27.646  -34.713  57.830 0.0000000000
45940  -26.246  -35.270  57.458 0.0000000000
134526  -26.296  -34.868  58.029 0.0000000000
45939  -25.664  -35.217  57.921 0.0000000000
45931  -26.051  -34.914  58.624 0.0000000000
45909  -26.064  -34.953  60.530 0.0000000000
45920  -25.889  -35.132  59.512 0.0000000000
45034  -25.677  -35.419  60.631 0.0000000000
45898  -26.053  -34.970  61.109 0.0000000000
136192  -26.044  -35.486  62.323 0.0000000000
45888  -26.392  -35.112  61.718 0.0000000000
134689  -27.464  -34.378  62.662 0.0000000000
45879  -26.987  -34.659  63.307 0.0000000000
46725  -29.562  -33.744  62.608 0.0000000000
46724  -28.702  -34.059  62.432 0.0000000000
129508  -29.138  -33.837  63.182 0.0000000000
131632  -34.749  -31.626  61.131 0.0000000000
35659  -13.096  -46.289  59.878 0.0000000000
35660  -13.709  -46.090  59.810 0.0000000000
36548  -18.374  -45.650  58.363 0.0000000000
36570  -16.835  -45.459  57.697 0.0000000000
36547  -17.350  -45.736  58.312 0.0000000000
137070  -16.644  -46.129  59.239 0.0000000000
36546  -16.328  -45.748  58.509 0.0000000000
36545  -15.238  -45.606  58.562 0.0000000000
36568  -14.814  -45.324  57.830 0.0000000000
36544  -14.315  -45.569  58.603 0.0000000000
35622  -16.402  -47.007  61.303 0.0000000000
35621  -15.469  -46.886  61.148 0.0000000000
34768  -15.863  -47.320  61.833 0.0000000000
126475  -16.292  -47.530  62.460 0.0000000000
55849  -44.804  -23.882  51.296 0.0000000000
57646  -37.788  -21.521  42.463 0.0000000000
58475  -39.340  -20.632  43.183 0.0000000000
57633  -38.791  -21.231  43.127 0.0000000000
138438  -40.332  -21.311  44.022 0.0000000000
60190  -40.292  -18.344  42.772 0.0000000000
59282  -41.796  -19.446  44.664 0.0000000000
59281  -41.131  -19.745  44.112 0.0000000000
122278  -41.466  -20.189  44.734 0.0000000000
58465  -41.506  -20.790  45.018 0.0000000000
57614  -41.881  -20.748  45.383 0.0000000000
57615  -42.396  -20.980  45.576 0.0000000000
58453  -42.484  -20.344  45.639 0.0000000000
58443  -44.282  -19.643  46.601 0.0000000000
58455  -43.930  -20.352  46.136 0.0000000000
62939  -44.410  -15.798  40.368 0.0000000000
62923  -43.720  -16.172  41.135 0.0000000000
62924  -44.681  -16.132  41.256 0.0000000000
62006  -45.442  -16.456  43.187 0.0000000000
62024  -45.180  -16.367  42.733 0.0000000000
62005  -44.515  -16.718  43.289 0.0000000000
71093  -46.087  -5.961  33.968 0.0000000000
71080  -47.942  -6.101  33.668 0.0000000000
71094  -46.750  -5.753  33.899 0.0000000000
118946  -47.217  -5.262  32.457 0.0000000000
72770  -47.846  -4.781  33.205 0.0000000000
72780  -47.755  -4.789  32.765 0.0000000000
72781  -48.481  -4.567  32.765 0.0000000000
71122  -46.403  -6.167  30.702 0.0000000000
71123  -46.922  -6.074  30.035 0.0000000000
72797  -49.503  -4.703  30.847 0.0000000000
71941  -48.740  -5.348  30.630 0.0000000000
72790  -49.598  -4.331  31.742 0.0000000000
73691  -52.123  -3.631  31.902 0.0000000000
73696  -51.271  -3.582  31.310 0.0000000000
72807  -51.526  -3.681  29.517 0.0000000000
73702  -52.698  -3.201  30.475 0.0000000000
123927  -53.091  -2.812  29.857 0.0000000000
72808  -53.330  -3.669  30.021 0.0000000000
73709  -53.429  -3.128  29.431 0.0000000000
72842  -49.339  -4.747  26.275 0.0000000000
72841  -48.574  -4.972  26.435 0.0000000000
71985  -48.911  -5.354  26.870 0.0000000000
72829  -49.714  -4.999  26.991 0.0000000000
72814  -49.911  -5.025  27.834 0.0000000000
72830  -50.737  -4.561  27.371 0.0000000000
133476  -53.272  -2.832  27.468 0.0000000000
73729  -53.078  -2.781  28.035 0.0000000000
72832  -53.559  -3.206  27.523 0.0000000000
120945  -53.630  -3.718  28.091 0.0000000000
125905  -53.632  -4.735  27.738 0.0000000000
73765  -54.048  -3.503  24.990 0.0000000000
72865  -54.237  -3.826  24.180 0.0000000000
51238  -33.231  -28.066  52.476 0.0000000000
52198  -33.255  -27.443  52.004 0.0000000000
51250  -32.932  -27.926  51.766 0.0000000000
49413  -31.341  -30.290  51.423 0.0000000000
49414  -31.845  -29.819  51.882 0.0000000000
55921  -37.950  -23.688  43.940 0.0000000000
55939  -38.258  -22.656  43.500 0.0000000000
142927  -47.733  -9.832  35.138 0.0000000000
68425  -49.293  -9.100  35.547 0.0000000000
71066  -51.421  -6.308  36.278 0.0000000000
71071  -50.501  -6.680  35.393 0.0000000000
71082  -50.267  -6.175  34.604 0.0000000000
119284  -12.454  -46.676  59.941 0.0000000000
34764  -12.608  -47.091  61.952 0.0000000000
56764  -32.591  -22.987  50.322 0.0000000000
56765  -33.332  -23.114  50.762 0.0000000000
55872  -34.460  -24.414  49.096 0.0000000000
36471  -22.411  -45.059  66.064 0.0000000000
42557  -24.398  -38.006  62.755 0.0000000000
134767  -24.646  -37.488  63.537 0.0000000000
44203  -25.149  -37.179  64.372 0.0000000000
44212  -25.605  -36.401  63.787 0.0000000000
47654  -30.970  -33.413  58.999 0.0000000000
47643  -31.521  -33.086  59.257 0.0000000000
47632  -31.491  -33.247  60.271 0.0000000000
47620  -30.603  -33.393  61.620 0.0000000000
47610  -31.604  -32.666  62.338 0.0000000000
121996  -21.063  -45.604  62.045 0.0000000000
62055  -40.080  -16.244  40.986 0.0000000000
62039  -40.426  -16.237  41.812 0.0000000000
62056  -40.938  -16.254  41.076 0.0000000000
62057  -41.847  -16.204  41.096 0.0000000000
54027  -34.700  -25.414  54.389 0.0000000000
54048  -32.868  -25.146  51.438 0.0000000000
54929  -32.482  -24.211  51.804 0.0000000000
37465  -21.622  -43.459  59.811 0.0000000000
38347  -21.830  -42.399  60.499 0.0000000000
38358  -21.653  -42.345  59.683 0.0000000000
40910  -22.279  -40.327  56.777 0.0000000000
40901  -22.368  -40.241  57.467 0.0000000000
41730  -22.700  -39.839  58.016 0.0000000000
41712  -23.431  -39.683  59.279 0.0000000000
42582  -23.830  -38.789  58.869 0.0000000000
42590  -24.137  -38.132  58.434 0.0000000000
48528  -32.101  -32.030  53.937 0.0000000000
47703  -31.268  -32.293  53.646 0.0000000000
47674  -31.971  -32.735  56.309 0.0000000000
138405  -32.693  -32.311  56.327 0.0000000000
47676  -33.290  -32.179  56.746 0.0000000000
48503  -34.503  -31.389  57.623 0.0000000000
49340  -34.799  -30.497  57.586 0.0000000000
51209  -34.506  -28.510  55.137 0.0000000000
51201  -34.998  -28.584  55.877 0.0000000000
51202  -35.452  -27.803  57.182 0.0000000000
142783  -35.790  -27.219  57.421 0.0000000000
52156  -35.526  -27.011  56.802 0.0000000000
53106  -36.033  -26.474  57.248 0.0000000000
37501  -20.353  -44.290  57.357 0.0000000000
55861  -40.236  -23.774  50.105 0.0000000000
54951  -40.353  -24.452  49.550 0.0000000000
54068  -40.968  -25.303  49.129 0.0000000000
54085  -41.565  -25.659  48.334 0.0000000000
124226  -41.043  -24.425  45.572 0.0000000000
54993  -41.109  -25.066  46.063 0.0000000000
54994  -41.762  -24.444  45.812 0.0000000000
55014  -42.617  -24.477  46.016 0.0000000000
135788  -43.479  -24.583  46.207 0.0000000000
140689  -43.380  -23.644  45.666 0.0000000000
132896  -44.028  -22.965  45.461 0.0000000000
64718  -44.407  -13.628  37.514 0.0000000000
140741  -45.273  -14.335  38.369 0.0000000000
64712  -45.779  -13.863  37.935 0.0000000000
64721  -47.267  -13.828  38.426 0.0000000000
66487  -50.399  -10.840  39.139 0.0000000000
66477  -50.153  -11.586  39.709 0.0000000000
71943  -52.791  -4.906  31.372 0.0000000000
62951  -37.420  -15.780  39.751 0.0000000000
63894  -41.130  -13.820  36.010 0.0000000000
64745  -40.997  -13.572  35.301 0.0000000000
65599  -41.697  -13.074  34.867 0.0000000000
65608  -42.237  -12.307  34.643 0.0000000000
68442  -43.062  -9.396  33.498 0.0000000000
68431  -44.733  -9.850  33.901 0.0000000000
68443  -44.449  -9.006  33.583 0.0000000000
69431  -44.471  -7.859  33.587 0.0000000000
70262  -44.620  -6.990  33.587 0.0000000000
71091  -43.326  -6.724  33.263 0.0000000000
33869  -14.437  -48.738  65.421 0.0000000000
33856  -13.917  -49.130  66.028 0.0000000000
33855  -12.957  -48.935  65.932 0.0000000000
33083  -11.437  -50.114  67.572 0.0000000000
33101  -9.463  -49.736  65.529 0.0000000000
33090  -9.564  -49.941  66.337 0.0000000000
32299  -8.274  -51.046  66.746 0.0000000000
32290  -8.576  -51.260  67.552 0.0000000000
55786  -35.383  -23.877  55.733 0.0000000000
56702  -35.578  -23.606  55.467 0.0000000000
138658  -36.604  -23.570  52.588 0.0000000000
55820  -37.297  -23.562  52.603 0.0000000000
55811  -38.760  -23.676  53.101 0.0000000000
55831  -39.789  -23.540  51.064 0.0000000000
121592  -39.278  -24.017  50.599 0.0000000000
55843  -38.621  -24.236  50.103 0.0000000000
54976  -36.235  -25.156  47.535 0.0000000000
54989  -36.502  -25.152  46.650 0.0000000000
135433  -35.662  -24.836  45.142 0.0000000000
125097  -22.456  -41.989  63.610 0.0000000000
39163  -22.584  -42.038  64.340 0.0000000000
121321  -22.909  -41.510  65.092 0.0000000000
40020  -23.276  -40.850  65.826 0.0000000000
143350  -24.392  -38.861  66.884 0.0000000000
41667  -24.190  -39.485  66.996 0.0000000000
130946  -23.806  -34.605  54.139 0.0000000000
45098  -23.491  -35.173  54.455 0.0000000000
45071  -24.472  -36.275  57.196 0.0000000000
45072  -24.849  -35.946  57.756 0.0000000000
45989  -28.166  -34.688  53.315 0.0000000000
45988  -27.222  -34.957  53.455 0.0000000000
141498  -28.296  -35.352  55.235 0.0000000000
45950  -28.153  -35.139  56.096 0.0000000000
140714  -28.597  -34.349  58.418 0.0000000000
136626  -28.245  -34.326  59.182 0.0000000000
45921  -26.528  -34.684  59.362 0.0000000000
45910  -26.682  -34.532  60.828 0.0000000000
35644  -18.544  -46.240  60.237 0.0000000000
36527  -17.590  -46.052  59.018 0.0000000000
35664  -17.835  -46.199  59.817 0.0000000000
133355  -15.913  -46.369  59.810 0.0000000000
35642  -17.059  -46.735  60.901 0.0000000000
142601  -17.166  -47.075  61.549 0.0000000000
126432  -17.015  -47.607  62.671 0.0000000000
35572  -21.107  -46.760  66.586 0.0000000000
34717  -20.344  -47.291  66.359 0.0000000000
123329  -37.606  -20.144  41.578 0.0000000000
57661  -37.877  -20.842  42.103 0.0000000000
59320  -38.266  -20.031  41.886 0.0000000000
59303  -39.463  -19.759  42.655 0.0000000000
61076  -41.622  -17.673  43.449 0.0000000000
60178  -41.025  -18.403  43.263 0.0000000000
60170  -41.977  -18.359  44.114 0.0000000000
59270  -42.392  -19.611  45.338 0.0000000000
142865  -43.070  -19.986  45.890 0.0000000000
59272  -43.473  -19.537  46.050 0.0000000000
120264  -46.417  -15.529  41.652 0.0000000000
62925  -45.566  -15.887  41.464 0.0000000000
62896  -46.045  -16.177  42.756 0.0000000000
62007  -46.274  -16.391  43.502 0.0000000000
71910  -46.447  -5.580  33.610 0.0000000000
71930  -45.945  -5.902  32.377 0.0000000000
71931  -46.649  -5.717  31.744 0.0000000000
71942  -49.418  -5.339  30.000 0.0000000000
72806  -50.815  -4.492  29.326 0.0000000000
72816  -51.580  -3.806  28.739 0.0000000000
73749  -48.722  -4.015  25.273 0.0000000000
72852  -49.279  -4.402  25.648 0.0000000000
72844  -51.665  -3.824  26.882 0.0000000000
73741  -53.389  -2.839  26.930 0.0000000000
73742  -53.522  -2.938  27.117 0.0000000000
72845  -53.752  -3.347  26.605 0.0000000000
143279  -54.133  -3.910  23.807 0.0000000000
138930  -54.205  -4.214  23.655 0.0000000000
127145  -34.518  -26.958  54.244 0.0000000000
128409  -33.413  -26.700  51.927 0.0000000000
126729  -21.367  -41.932  57.309 0.0000000000
127914  -22.197  -40.081  56.141 0.0000000000
41746  -22.579  -39.505  55.877 0.0000000000
47724  -30.102  -32.057  51.590 0.0000000000
48541  -30.656  -31.590  52.151 0.0000000000
48542  -31.242  -31.169  52.624 0.0000000000
48535  -31.659  -31.583  53.284 0.0000000000
48536  -32.293  -31.158  53.667 0.0000000000
49382  -33.022  -30.834  54.619 0.0000000000
49369  -33.554  -30.643  55.056 0.0000000000
50245  -34.040  -29.901  54.857 0.0000000000
51208  -34.162  -29.128  54.819 0.0000000000
120643  -33.293  -29.130  53.399 0.0000000000
52168  -34.554  -27.727  54.713 0.0000000000
54105  -39.407  -25.262  46.170 0.0000000000
55906  -40.568  -23.850  45.225 0.0000000000
56789  -40.981  -22.845  44.882 0.0000000000
66509  -46.362  -11.856  36.099 0.0000000000
65593  -47.186  -12.470  37.024 0.0000000000
66497  -47.908  -12.012  36.784 0.0000000000
66498  -48.853  -12.094  37.268 0.0000000000
66499  -49.731  -11.584  37.710 0.0000000000
67461  -49.434  -10.644  36.486 0.0000000000
67455  -50.063  -10.812  37.377 0.0000000000
66500  -50.343  -10.940  38.245 0.0000000000
67447  -50.707  -9.971  39.588 0.0000000000
71073  -51.962  -5.572  35.784 0.0000000000
72766  -52.280  -5.008  34.520 0.0000000000
72774  -51.996  -4.563  33.866 0.0000000000
34792  -11.635  -47.044  60.109 0.0000000000
34791  -10.893  -47.343  59.681 0.0000000000
139615  -11.059  -48.397  61.973 0.0000000000
55809  -33.924  -23.552  53.295 0.0000000000
56724  -34.400  -23.439  53.649 0.0000000000
123369  -34.428  -23.444  52.889 0.0000000000
56741  -35.023  -23.267  52.345 0.0000000000
56755  -35.385  -23.460  51.703 0.0000000000
55841  -35.896  -23.999  50.974 0.0000000000
119350  -36.916  -24.335  50.249 0.0000000000
128881  -36.009  -24.411  50.058 0.0000000000
55873  -35.304  -24.677  48.820 0.0000000000
55888  -34.910  -24.578  48.249 0.0000000000
40864  -23.129  -40.316  64.061 0.0000000000
41682  -23.486  -39.576  64.318 0.0000000000
41676  -23.647  -39.304  65.282 0.0000000000
42527  -24.527  -38.231  66.777 0.0000000000
44195  -25.355  -37.170  65.549 0.0000000000
45984  -23.783  -34.280  53.475 0.0000000000
45958  -25.447  -35.284  55.448 0.0000000000
46785  -29.740  -34.362  56.188 0.0000000000
46777  -29.929  -34.221  57.197 0.0000000000
46768  -29.243  -34.310  58.978 0.0000000000
46746  -29.053  -34.203  60.686 0.0000000000
124185  -28.633  -34.251  61.404 0.0000000000
46734  -28.394  -34.184  61.853 0.0000000000
47609  -30.304  -33.403  62.816 0.0000000000
36572  -18.587  -45.394  57.543 0.0000000000
36512  -19.134  -46.037  59.973 0.0000000000
35610  -19.094  -46.839  62.331 0.0000000000
35600  -19.281  -47.095  63.800 0.0000000000
130017  -19.429  -46.916  63.036 0.0000000000
35591  -21.054  -46.363  64.892 0.0000000000
61106  -38.513  -17.283  41.325 0.0000000000
61089  -38.766  -17.795  41.928 0.0000000000
61090  -39.396  -17.526  42.289 0.0000000000
124219  -39.994  -17.463  42.583 0.0000000000
143703  -40.202  -16.400  42.095 0.0000000000
61091  -40.484  -16.868  42.490 0.0000000000
61067  -43.298  -17.745  44.691 0.0000000000
71129  -44.395  -6.297  29.731 0.0000000000
126999  -53.381  -3.392  25.364 0.0000000000
73763  -51.978  -3.789  24.778 0.0000000000
73778  -50.875  -3.569  23.294 0.0000000000
73780  -52.758  -3.813  23.320 0.0000000000
34754  -14.460  -47.334  62.562 0.0000000000
54885  -36.463  -24.025  57.584 0.0000000000
54892  -35.681  -24.039  56.459 0.0000000000
54009  -35.627  -24.865  56.454 0.0000000000
54900  -34.639  -24.061  55.213 0.0000000000
55802  -34.366  -23.849  54.781 0.0000000000
122878  -33.690  -25.174  52.873 0.0000000000
125271  -33.851  -23.808  53.777 0.0000000000
55808  -33.577  -23.604  52.582 0.0000000000
143814  -32.420  -23.570  50.945 0.0000000000
56771  -31.659  -22.713  49.805 0.0000000000
37438  -22.351  -43.873  63.916 0.0000000000
39181  -21.983  -42.256  61.998 0.0000000000
39182  -22.229  -42.118  62.749 0.0000000000
130933  -22.738  -41.234  62.678 0.0000000000
39227  -21.457  -41.770  58.169 0.0000000000
40093  -21.547  -41.623  58.863 0.0000000000
40888  -21.814  -41.253  59.233 0.0000000000
40080  -22.121  -41.151  59.784 0.0000000000
40066  -22.199  -41.341  60.371 0.0000000000
40872  -22.612  -41.091  61.686 0.0000000000
40873  -23.334  -40.410  62.460 0.0000000000
41696  -23.615  -39.582  61.930 0.0000000000
134477  -24.006  -38.887  61.554 0.0000000000
134741  -24.301  -38.280  61.977 0.0000000000
44225  -24.899  -36.706  61.271 0.0000000000
46834  -27.903  -34.116  51.817 0.0000000000
46001  -28.288  -34.359  52.530 0.0000000000
46837  -30.105  -33.166  52.718 0.0000000000
46822  -30.261  -33.391  53.551 0.0000000000
47665  -31.364  -33.150  57.728 0.0000000000
123822  -31.943  -32.874  57.230 0.0000000000
119225  -31.852  -32.770  57.973 0.0000000000
47656  -32.225  -32.777  58.620 0.0000000000
139347  -34.037  -32.313  60.363 0.0000000000
48481  -34.623  -31.891  60.437 0.0000000000
48490  -35.025  -31.575  59.884 0.0000000000
48489  -34.849  -31.571  59.153 0.0000000000
131325  -35.362  -31.125  60.180 0.0000000000
119534  -35.596  -30.489  60.137 0.0000000000
49356  -34.231  -30.784  56.387 0.0000000000
50221  -35.024  -29.476  57.454 0.0000000000
50210  -35.573  -29.429  58.982 0.0000000000
51184  -36.488  -27.748  60.298 0.0000000000
37499  -19.015  -45.006  57.086 0.0000000000
36550  -20.558  -44.777  58.883 0.0000000000
54955  -44.684  -24.816  50.175 0.0000000000
54096  -42.158  -25.644  47.341 0.0000000000
54997  -44.885  -24.471  46.269 0.0000000000
62956  -42.767  -15.518  39.467 0.0000000000
62957  -43.623  -15.364  39.275 0.0000000000
121227  -44.197  -15.513  39.685 0.0000000000
62958  -45.070  -15.410  39.657 0.0000000000
62959  -46.024  -15.355  40.147 0.0000000000
62941  -46.005  -15.553  40.949 0.0000000000
63836  -46.687  -15.280  40.807 0.0000000000
139440  -47.167  -15.168  41.437 0.0000000000
63837  -47.730  -14.517  41.806 0.0000000000
65566  -48.041  -13.211  38.152 0.0000000000
64703  -48.241  -13.680  38.954 0.0000000000
120753  -49.650  -12.565  39.932 0.0000000000
65561  -49.012  -13.250  39.438 0.0000000000
64704  -48.539  -14.000  40.020 0.0000000000
31554  -6.994  -51.878  63.832 0.0000000000
56825  -35.772  -22.520  42.076 0.0000000000
56826  -36.618  -22.266  42.317 0.0000000000
56839  -36.161  -21.799  41.829 0.0000000000
57660  -36.632  -21.159  41.432 0.0000000000
58493  -36.934  -20.397  41.210 0.0000000000
59318  -37.290  -19.573  41.042 0.0000000000
126061  -37.214  -17.729  40.601 0.0000000000
61105  -37.763  -17.517  40.993 0.0000000000
62932  -38.031  -15.872  40.032 0.0000000000
62933  -38.804  -15.998  39.976 0.0000000000
62934  -39.717  -15.985  40.078 0.0000000000
62972  -41.285  -15.040  38.790 0.0000000000
62986  -42.056  -14.814  38.314 0.0000000000
63859  -42.807  -14.310  37.928 0.0000000000
126878  -43.721  -13.905  37.797 0.0000000000
63882  -42.562  -13.596  36.630 0.0000000000
63870  -43.131  -13.821  37.241 0.0000000000
64717  -43.830  -13.531  37.275 0.0000000000
64733  -44.365  -13.248  36.890 0.0000000000
122326  -45.078  -12.901  36.512 0.0000000000
65591  -45.786  -12.398  36.296 0.0000000000
121983  -41.979  -11.603  34.299 0.0000000000
139699  -42.622  -11.721  34.467 0.0000000000
66526  -43.347  -11.587  34.484 0.0000000000
65600  -43.472  -12.311  35.036 0.0000000000
65602  -45.110  -12.400  35.706 0.0000000000
66508  -45.832  -11.973  35.759 0.0000000000
66517  -46.146  -11.365  35.515 0.0000000000
68422  -46.592  -10.612  35.192 0.0000000000
68423  -47.325  -10.169  35.165 0.0000000000
68433  -46.698  -9.698  34.717 0.0000000000
68434  -47.363  -9.370  34.804 0.0000000000
69420  -47.247  -8.349  34.228 0.0000000000
70250  -47.542  -7.492  34.010 0.0000000000
138292  -46.328  -6.063  34.026 0.0000000000
71092  -44.813  -6.537  33.419 0.0000000000
122314  -45.508  -6.171  33.577 0.0000000000
71103  -44.762  -6.278  32.580 0.0000000000
71112  -44.330  -6.445  31.661 0.0000000000
71119  -43.771  -6.373  30.593 0.0000000000
71118  -42.833  -6.399  30.916 0.0000000000
34753  -13.589  -47.296  62.581 0.0000000000
34752  -12.907  -47.378  62.580 0.0000000000
33879  -13.249  -48.355  64.371 0.0000000000
34721  -12.997  -47.877  63.796 0.0000000000
34751  -12.338  -47.765  62.470 0.0000000000
34734  -11.822  -48.385  62.985 0.0000000000
33896  -11.061  -48.604  62.921 0.0000000000
120741  -12.937  -49.424  66.704 0.0000000000
33104  -12.120  -49.009  65.576 0.0000000000
33866  -11.637  -48.806  64.989 0.0000000000
33877  -11.307  -48.705  64.279 0.0000000000
33886  -10.480  -48.937  63.270 0.0000000000
33108  -9.336  -49.661  64.492 0.0000000000
31550  -7.058  -52.008  65.019 0.0000000000
141708  -7.801  -51.462  66.841 0.0000000000
131743  -7.114  -52.168  66.300 0.0000000000
57577  -42.910  -21.903  53.788 0.0000000000
55780  -37.271  -23.283  57.932 0.0000000000
56693  -36.719  -23.045  56.713 0.0000000000
56726  -36.624  -23.296  54.362 0.0000000000
142971  -36.621  -23.227  53.566 0.0000000000
56717  -40.769  -22.453  54.784 0.0000000000
56730  -41.014  -22.594  53.845 0.0000000000
56729  -40.146  -23.155  53.756 0.0000000000
124260  -41.395  -22.640  53.086 0.0000000000
56746  -41.885  -22.587  52.670 0.0000000000
55832  -41.247  -23.259  51.159 0.0000000000
55846  -40.742  -23.473  50.661 0.0000000000
55845  -40.281  -23.700  50.304 0.0000000000
54966  -38.518  -24.606  48.336 0.0000000000
138221  -37.964  -24.159  48.971 0.0000000000
119643  -37.644  -24.459  48.536 0.0000000000
54991  -37.962  -24.823  46.520 0.0000000000
55010  -37.284  -24.851  45.068 0.0000000000
54973  -32.851  -24.491  47.090 0.0000000000
54985  -32.548  -24.745  46.494 0.0000000000
126395  -33.747  -25.248  45.014 0.0000000000
55029  -32.503  -25.272  43.978 0.0000000000
55031  -34.312  -24.907  44.278 0.0000000000
120597  -34.722  -24.296  43.610 0.0000000000
55955  -33.847  -23.691  42.182 0.0000000000
55935  -35.075  -23.773  43.003 0.0000000000
55957  -35.453  -23.232  42.434 0.0000000000
38315  -22.558  -43.047  65.513 0.0000000000
42615  -23.084  -38.788  55.377 0.0000000000
43432  -23.439  -38.086  56.012 0.0000000000
42607  -23.614  -38.291  56.839 0.0000000000
43424  -24.301  -37.527  57.986 0.0000000000
43415  -24.457  -37.314  58.718 0.0000000000
44250  -24.553  -36.739  58.306 0.0000000000
43416  -24.668  -37.025  59.399 0.0000000000
44233  -24.948  -36.663  60.208 0.0000000000
44234  -25.329  -36.054  60.855 0.0000000000
45986  -25.666  -34.674  53.804 0.0000000000
45972  -25.479  -34.913  54.597 0.0000000000
119987  -28.816  -34.637  56.308 0.0000000000
45949  -26.460  -35.398  56.743 0.0000000000
45938  -25.223  -35.618  58.084 0.0000000000
45059  -25.457  -35.582  59.196 0.0000000000
44226  -25.317  -36.253  61.682 0.0000000000
45009  -26.029  -35.662  63.280 0.0000000000
46723  -28.178  -34.096  63.222 0.0000000000
139571  -12.111  -45.838  58.857 0.0000000000
140953  -16.961  -45.929  58.761 0.0000000000
36543  -13.434  -45.523  58.639 0.0000000000
36524  -13.959  -45.861  59.188 0.0000000000
35662  -15.146  -46.040  59.690 0.0000000000
35661  -14.476  -46.032  59.792 0.0000000000
35640  -14.115  -46.435  60.424 0.0000000000
127728  -14.487  -46.798  61.135 0.0000000000
34755  -15.443  -47.486  62.535 0.0000000000
56827  -37.420  -22.090  42.609 0.0000000000
56813  -38.761  -21.839  43.431 0.0000000000
57647  -38.294  -21.208  42.627 0.0000000000
56802  -39.942  -22.036  44.361 0.0000000000
56803  -40.601  -22.208  44.695 0.0000000000
57626  -41.241  -21.905  44.985 0.0000000000
60189  -39.749  -18.946  42.394 0.0000000000
59304  -40.130  -19.291  42.638 0.0000000000
59290  -40.056  -19.972  43.195 0.0000000000
121832  -40.604  -20.066  43.670 0.0000000000
139193  -41.468  -21.156  45.090 0.0000000000
56791  -42.467  -21.944  45.427 0.0000000000
56792  -43.281  -22.499  45.434 0.0000000000
130361  -44.113  -22.040  45.388 0.0000000000
58454  -43.110  -20.476  45.865 0.0000000000
136948  -43.722  -21.134  45.688 0.0000000000
62042  -43.011  -16.414  42.032 0.0000000000
62911  -44.970  -16.387  42.075 0.0000000000
62023  -44.313  -16.554  42.739 0.0000000000
62022  -43.323  -16.697  42.788 0.0000000000
62004  -43.403  -16.924  43.601 0.0000000000
61991  -43.315  -17.362  44.350 0.0000000000
61068  -44.026  -17.830  45.085 0.0000000000
121010  -44.687  -17.722  45.862 0.0000000000
61057  -44.289  -18.119  46.173 0.0000000000
60149  -44.655  -18.554  46.742 0.0000000000
71899  -48.548  -5.308  33.620 0.0000000000
71911  -47.251  -5.291  33.465 0.0000000000
71912  -48.095  -4.942  33.436 0.0000000000
71913  -49.122  -4.862  33.499 0.0000000000
71914  -50.262  -4.866  33.665 0.0000000000
72772  -49.833  -4.551  33.190 0.0000000000
72783  -50.588  -4.095  32.745 0.0000000000
71121  -45.631  -6.402  30.622 0.0000000000
127483  -47.441  -5.503  31.486 0.0000000000
71940  -47.769  -5.700  30.465 0.0000000000
71933  -48.189  -5.322  31.365 0.0000000000
72789  -48.334  -4.829  32.126 0.0000000000
125075  -48.941  -4.529  32.159 0.0000000000
72784  -51.531  -4.212  32.957 0.0000000000
143738  -52.012  -3.885  32.428 0.0000000000
73692  -52.438  -3.979  32.073 0.0000000000
72791  -52.767  -4.085  31.365 0.0000000000
73701  -51.958  -3.281  30.553 0.0000000000
72800  -52.956  -3.622  30.582 0.0000000000
71934  -53.009  -4.107  30.788 0.0000000000
71944  -53.091  -4.733  30.429 0.0000000000
71974  -48.559  -5.522  27.623 0.0000000000
72815  -50.831  -4.588  28.299 0.0000000000
73715  -52.525  -3.066  28.302 0.0000000000
74619  -53.214  -2.863  28.659 0.0000000000
72817  -53.574  -3.541  28.998 0.0000000000
72008  -54.243  -4.367  24.013 0.0000000000
34735  -12.639  -47.926  63.258 0.0000000000
38368  -21.220  -43.082  58.183 0.0000000000
40065  -22.084  -41.702  60.672 0.0000000000
41731  -23.232  -39.190  57.790 0.0000000000
54968  -39.680  -24.733  48.805 0.0000000000
57578  -43.312  -22.094  53.601 0.0000000000
60148  -44.028  -18.674  46.420 0.0000000000
60188  -39.044  -18.259  42.281 0.0000000000
61066  -42.645  -17.981  44.490 0.0000000000
62020  -41.735  -16.480  42.483 0.0000000000
62914  -47.393  -15.282  42.741 0.0000000000
62937  -42.411  -15.914  40.234 0.0000000000
62975  -44.396  -15.224  39.093 0.0000000000
64705  -49.239  -13.220  40.382 0.0000000000
64720  -46.451  -13.517  37.861 0.0000000000
65609  -42.880  -12.163  34.758 0.0000000000
66510  -47.100  -11.753  36.377 0.0000000000
66512  -49.359  -11.367  37.027 0.0000000000
68424  -48.286  -9.482  35.147 0.0000000000
71923  -47.130  -5.115  33.166 0.0000000000
71951  -45.718  -5.984  29.080 0.0000000000
72799  -51.908  -3.253  29.958 0.0000000000
73698  -52.518  -3.687  31.264 0.0000000000
73708  -52.943  -2.770  29.311 0.0000000000
73716  -52.908  -2.793  28.664 0.0000000000
73717  -53.451  -3.042  28.785 0.0000000000
73730  -53.307  -2.998  27.944 0.0000000000
74604  -53.310  -2.926  29.356 0.0000000000
118943  -50.209  -4.565  30.206 0.0000000000
120049  -52.536  -2.951  29.905 0.0000000000
120503  -45.124  -13.798  37.723 0.0000000000
126947  -44.801  -11.965  35.069 0.0000000000
129270  -50.428  -3.842  32.017 0.0000000000
129691  -45.937  -5.628  33.246 0.0000000000
132086  -42.750  -19.901  45.700 0.0000000000
134742  -24.087  -38.689  63.045 0.0000000000
136139  -21.641  -41.229  58.457 0.0000000000
139271  -41.058  -23.375  50.725 0.0000000000
140843  -43.473  -5.579  29.156 0.0000000000
141355  -51.542  -3.883  25.305 0.0000000000
143374  -41.463  -18.356  43.663 0.0000000000
