#!ascii label  , from subject sub-032304 vox2ras=TkReg
1437
123385  -43.231  23.243  43.228 0.0000000000
105161  -38.992  38.583  25.263 0.0000000000
103971  -33.102  36.506  34.425 0.0000000000
129128  -44.584  31.785  32.844 0.0000000000
102866  -44.277  34.138  20.842 0.0000000000
102196  -41.166  33.721  27.800 0.0000000000
100218  -43.124  29.339  25.848 0.0000000000
132857  -39.596  31.552  31.611 0.0000000000
94021  -36.900  21.576  44.740 0.0000000000
97493  -39.972  26.622  46.442 0.0000000000
109440  -35.476  45.343  25.742 0.0000000000
108127  -41.438  44.507  23.022 0.0000000000
103488  -38.850  35.762  19.956 0.0000000000
99329  -38.898  29.814  39.823 0.0000000000
134469  -41.204  40.978  31.136 0.0000000000
102765  -40.514  34.909  34.471 0.0000000000
98721  -44.273  28.675  38.717 0.0000000000
97585  -41.623  26.062  36.913 0.0000000000
96980  -36.018  25.811  35.162 0.0000000000
95557  -42.100  23.677  40.179 0.0000000000
100268  -42.437  30.136  19.872 0.0000000000
100250  -44.087  30.093  22.301 0.0000000000
100249  -41.326  29.688  22.943 0.0000000000
100926  -39.949  31.613  25.760 0.0000000000
127815  -38.959  24.288  45.584 0.0000000000
98076  -37.532  28.149  45.994 0.0000000000
125033  -32.207  45.284  27.799 0.0000000000
105183  -39.310  38.722  22.355 0.0000000000
99315  -35.282  28.986  40.380 0.0000000000
100784  -35.292  31.776  37.314 0.0000000000
105633  -36.490  39.399  27.369 0.0000000000
105626  -41.961  39.701  28.408 0.0000000000
101547  -44.011  32.699  29.773 0.0000000000
102787  -40.760  34.584  30.778 0.0000000000
102767  -43.502  34.673  34.096 0.0000000000
101452  -42.539  33.165  38.190 0.0000000000
100796  -44.225  31.485  36.601 0.0000000000
98161  -45.024  27.728  37.065 0.0000000000
100071  -42.294  30.067  36.123 0.0000000000
99381  -37.937  29.684  34.733 0.0000000000
105174  -42.363  37.952  23.241 0.0000000000
104625  -43.437  37.030  26.712 0.0000000000
102247  -42.267  33.701  24.403 0.0000000000
123719  -44.264  30.981  27.029 0.0000000000
100178  -45.107  30.352  29.619 0.0000000000
100134  -42.004  30.827  32.457 0.0000000000
100892  -41.467  31.310  28.501 0.0000000000
101544  -38.523  32.528  29.123 0.0000000000
93993  -38.787  20.186  47.407 0.0000000000
95462  -41.072  22.619  47.566 0.0000000000
96898  -42.608  24.710  45.586 0.0000000000
106851  -30.159  41.642  29.535 0.0000000000
107485  -33.147  42.020  26.637 0.0000000000
106879  -37.215  41.732  25.392 0.0000000000
106885  -41.148  41.737  24.334 0.0000000000
105719  -43.062  40.045  21.342 0.0000000000
102862  -40.393  34.516  21.601 0.0000000000
101666  -39.536  32.044  18.564 0.0000000000
103516  -40.394  34.615  16.639 0.0000000000
98673  -36.196  28.958  43.665 0.0000000000
97537  -39.025  26.678  42.694 0.0000000000
98119  -41.843  27.027  42.426 0.0000000000
105100  -35.910  38.777  31.609 0.0000000000
104592  -41.675  37.564  28.723 0.0000000000
103994  -38.259  36.592  31.469 0.0000000000
102771  -36.674  34.945  33.888 0.0000000000
101449  -39.587  32.257  37.343 0.0000000000
100041  -42.139  30.823  40.729 0.0000000000
122748  -43.722  26.157  41.131 0.0000000000
96289  -44.514  24.138  38.230 0.0000000000
95593  -44.630  23.889  34.365 0.0000000000
96338  -42.334  24.139  32.640 0.0000000000
99359  -40.004  29.858  35.305 0.0000000000
96965  -39.141  25.706  36.221 0.0000000000
124117  -38.653  24.702  32.491 0.0000000000
95510  -42.991  22.871  43.975 0.0000000000
95518  -40.934  23.458  42.919 0.0000000000
95531  -42.023  23.550  41.690 0.0000000000
99489  -40.581  28.704  19.226 0.0000000000
98815  -42.163  28.871  20.705 0.0000000000
99465  -39.740  29.053  20.535 0.0000000000
121710  -39.409  30.448  22.295 0.0000000000
102105  -34.247  33.699  35.629 0.0000000000
105641  -37.462  39.101  26.501 0.0000000000
101513  -44.886  32.462  31.445 0.0000000000
102143  -44.258  33.684  31.888 0.0000000000
102126  -44.445  33.467  33.020 0.0000000000
101471  -43.715  33.407  35.880 0.0000000000
100806  -44.288  31.773  35.169 0.0000000000
100073  -43.963  30.565  36.241 0.0000000000
100101  -43.356  30.792  34.430 0.0000000000
104644  -44.073  36.847  22.163 0.0000000000
103433  -43.720  35.793  24.035 0.0000000000
102259  -44.150  33.980  22.280 0.0000000000
99433  -44.138  28.958  24.936 0.0000000000
100940  -43.706  30.693  24.201 0.0000000000
100209  -44.556  29.739  26.411 0.0000000000
100906  -44.866  30.424  27.720 0.0000000000
100200  -44.286  29.689  27.675 0.0000000000
100176  -43.514  30.368  29.058 0.0000000000
100198  -42.259  30.377  26.975 0.0000000000
120767  -39.194  32.348  27.666 0.0000000000
96236  -39.204  25.407  45.856 0.0000000000
95483  -39.468  23.670  46.181 0.0000000000
96228  -40.580  24.984  46.755 0.0000000000
96230  -41.920  24.136  47.036 0.0000000000
96896  -41.121  25.815  46.535 0.0000000000
109428  -33.411  45.252  26.675 0.0000000000
108104  -32.645  43.508  26.638 0.0000000000
108106  -34.056  43.745  26.008 0.0000000000
107488  -35.467  42.279  25.724 0.0000000000
108109  -35.831  43.790  25.582 0.0000000000
110084  -41.320  46.150  23.939 0.0000000000
108114  -40.457  44.308  25.088 0.0000000000
108119  -42.415  44.059  23.683 0.0000000000
106253  -43.377  41.067  22.505 0.0000000000
119508  -42.961  42.221  22.197 0.0000000000
104665  -38.670  37.208  21.497 0.0000000000
104066  -40.447  36.460  22.035 0.0000000000
142380  -39.217  35.300  21.211 0.0000000000
101638  -40.129  33.078  21.063 0.0000000000
121749  -39.686  33.488  18.783 0.0000000000
102295  -39.567  32.763  17.831 0.0000000000
104103  -39.928  35.384  17.791 0.0000000000
102694  -36.270  34.190  43.466 0.0000000000
134245  -37.310  34.106  45.702 0.0000000000
101404  -35.596  32.573  44.122 0.0000000000
100009  -35.968  30.445  44.422 0.0000000000
100018  -35.031  30.374  43.422 0.0000000000
98718  -37.386  29.140  39.717 0.0000000000
98145  -37.438  27.744  40.952 0.0000000000
98137  -39.076  27.425  41.277 0.0000000000
138599  -40.899  26.755  42.486 0.0000000000
98700  -40.591  28.086  41.066 0.0000000000
106826  -40.543  42.467  32.045 0.0000000000
124047  -38.571  41.779  32.537 0.0000000000
105596  -38.253  40.165  31.175 0.0000000000
103416  -42.298  36.008  26.610 0.0000000000
104009  -42.951  37.685  27.928 0.0000000000
103395  -40.632  35.712  28.320 0.0000000000
122291  -40.265  35.460  32.732 0.0000000000
103379  -39.633  35.773  30.872 0.0000000000
136271  -39.205  35.655  33.187 0.0000000000
103987  -37.151  36.288  32.379 0.0000000000
102763  -38.071  34.568  34.333 0.0000000000
101470  -37.946  32.993  35.849 0.0000000000
102110  -39.403  33.664  35.485 0.0000000000
100781  -43.160  32.089  39.240 0.0000000000
138886  -42.177  32.329  39.550 0.0000000000
99322  -43.231  29.828  40.446 0.0000000000
98703  -43.235  28.469  41.313 0.0000000000
97565  -44.260  27.063  39.686 0.0000000000
96951  -44.298  25.098  39.642 0.0000000000
132155  -44.707  27.201  38.446 0.0000000000
97574  -43.837  26.967  37.277 0.0000000000
96970  -45.036  25.492  35.942 0.0000000000
96987  -43.205  24.785  35.292 0.0000000000
95612  -42.910  24.073  33.338 0.0000000000
96986  -41.849  24.834  35.226 0.0000000000
100838  -41.062  31.097  32.154 0.0000000000
100120  -40.988  30.649  33.550 0.0000000000
133762  -40.161  30.608  33.653 0.0000000000
120833  -36.732  27.902  35.562 0.0000000000
98164  -37.939  27.663  36.159 0.0000000000
96982  -37.777  25.529  35.525 0.0000000000
96323  -39.112  24.539  34.272 0.0000000000
96321  -37.139  24.870  34.102 0.0000000000
97025  -37.619  25.172  31.355 0.0000000000
94741  -40.412  21.902  45.780 0.0000000000
95564  -40.838  23.557  38.819 0.0000000000
101654  -43.808  32.163  20.621 0.0000000000
101631  -43.856  32.289  21.710 0.0000000000
127399  -43.712  30.104  20.583 0.0000000000
98801  -43.443  28.852  22.676 0.0000000000
99431  -42.641  29.345  24.193 0.0000000000
100206  -41.299  30.637  25.901 0.0000000000
100226  -41.052  30.500  24.379 0.0000000000
95481  -37.996  22.901  44.956 0.0000000000
96244  -37.693  24.455  44.470 0.0000000000
97498  -38.806  27.577  46.210 0.0000000000
110652  -35.081  47.540  26.942 0.0000000000
106897  -40.916  41.661  22.481 0.0000000000
104678  -38.450  37.214  20.487 0.0000000000
104113  -39.039  37.166  18.788 0.0000000000
100029  -33.666  30.440  41.518 0.0000000000
100059  -35.143  30.709  38.517 0.0000000000
100061  -37.568  30.724  38.574 0.0000000000
106202  -42.735  40.522  29.656 0.0000000000
102198  -42.303  33.029  28.923 0.0000000000
102799  -40.977  34.111  29.285 0.0000000000
102156  -42.401  33.637  30.476 0.0000000000
127067  -42.935  34.712  32.904 0.0000000000
102766  -42.376  35.090  34.464 0.0000000000
125469  -41.157  33.600  36.059 0.0000000000
102746  -43.060  34.433  35.701 0.0000000000
100795  -43.606  32.452  37.238 0.0000000000
100067  -44.087  30.837  38.037 0.0000000000
98723  -44.610  28.710  37.741 0.0000000000
99339  -44.286  29.729  37.152 0.0000000000
98728  -43.317  28.413  37.345 0.0000000000
98727  -42.008  28.319  37.308 0.0000000000
100118  -38.837  30.617  33.562 0.0000000000
105586  -34.174  39.719  34.433 0.0000000000
105163  -40.090  38.059  24.576 0.0000000000
104611  -40.314  37.580  25.981 0.0000000000
104633  -41.834  37.021  24.645 0.0000000000
103426  -43.263  36.056  25.785 0.0000000000
102236  -41.419  34.082  25.808 0.0000000000
101625  -42.749  32.468  23.500 0.0000000000
101601  -42.235  32.415  25.101 0.0000000000
120531  -42.483  32.297  27.011 0.0000000000
122453  -43.873  32.012  28.414 0.0000000000
101529  -45.245  31.615  29.742 0.0000000000
100150  -45.033  30.835  31.283 0.0000000000
100136  -43.954  30.756  32.610 0.0000000000
140024  -43.984  30.545  31.245 0.0000000000
100852  -42.218  30.877  31.045 0.0000000000
100864  -40.666  31.671  30.696 0.0000000000
100903  -40.776  31.442  27.244 0.0000000000
101546  -40.169  32.006  29.192 0.0000000000
94740  -38.753  21.993  46.429 0.0000000000
94718  -39.833  21.252  47.504 0.0000000000
93235  -40.421  20.925  47.401 0.0000000000
94731  -41.487  21.800  47.198 0.0000000000
94759  -42.873  22.740  45.656 0.0000000000
142556  -43.360  23.862  44.815 0.0000000000
106193  -32.299  40.621  29.384 0.0000000000
106866  -31.579  41.719  27.790 0.0000000000
106210  -33.298  40.526  28.304 0.0000000000
106232  -34.517  40.509  26.894 0.0000000000
106234  -36.338  40.041  26.376 0.0000000000
133576  -37.900  39.778  25.483 0.0000000000
137253  -36.950  46.128  25.549 0.0000000000
108112  -38.559  43.643  25.420 0.0000000000
107494  -38.918  42.342  24.955 0.0000000000
136813  -39.749  40.367  24.536 0.0000000000
105684  -42.133  39.538  23.313 0.0000000000
105186  -43.919  38.907  22.136 0.0000000000
104078  -43.907  37.330  20.870 0.0000000000
105185  -41.691  38.864  21.769 0.0000000000
138735  -42.396  36.771  21.343 0.0000000000
102864  -42.780  34.910  21.028 0.0000000000
101639  -40.946  32.548  21.190 0.0000000000
100971  -40.616  30.842  20.088 0.0000000000
100991  -39.150  31.528  17.550 0.0000000000
125799  -39.459  33.007  17.155 0.0000000000
133300  -40.539  36.938  16.726 0.0000000000
98663  -37.998  28.912  45.751 0.0000000000
98087  -38.747  27.909  45.582 0.0000000000
98697  -35.262  28.443  41.964 0.0000000000
132692  -37.694  27.500  43.362 0.0000000000
97519  -39.911  26.669  44.542 0.0000000000
128268  -40.808  26.408  44.633 0.0000000000
96916  -42.606  25.427  44.209 0.0000000000
96927  -43.164  25.351  43.423 0.0000000000
104568  -34.312  37.870  32.743 0.0000000000
105129  -42.734  38.383  27.518 0.0000000000
105125  -43.190  38.960  28.663 0.0000000000
105612  -41.867  38.978  29.504 0.0000000000
103385  -40.252  35.586  29.263 0.0000000000
104590  -39.339  37.528  29.715 0.0000000000
105110  -39.271  38.782  30.184 0.0000000000
104586  -36.828  38.030  30.889 0.0000000000
103986  -35.252  36.881  32.538 0.0000000000
103349  -34.888  35.183  34.148 0.0000000000
122090  -35.948  33.191  35.448 0.0000000000
101447  -37.708  32.136  36.917 0.0000000000
100063  -39.160  30.862  39.065 0.0000000000
102088  -40.974  32.945  37.113 0.0000000000
100779  -40.604  31.698  38.947 0.0000000000
99330  -40.357  30.151  40.216 0.0000000000
98702  -42.525  28.431  41.481 0.0000000000
97558  -43.293  26.474  42.010 0.0000000000
96264  -43.718  23.734  41.955 0.0000000000
95549  -43.787  23.758  40.473 0.0000000000
95566  -43.203  23.616  38.689 0.0000000000
122651  -42.597  23.468  37.878 0.0000000000
134673  -45.224  26.307  36.981 0.0000000000
95585  -45.039  23.657  35.818 0.0000000000
95584  -42.349  23.271  36.116 0.0000000000
94831  -41.128  22.621  34.347 0.0000000000
94840  -41.105  22.713  33.379 0.0000000000
100100  -42.370  30.613  34.328 0.0000000000
99344  -41.431  29.759  36.192 0.0000000000
98726  -40.947  28.215  37.270 0.0000000000
99358  -39.175  29.487  35.327 0.0000000000
98733  -39.521  28.339  36.482 0.0000000000
97584  -40.580  26.120  36.716 0.0000000000
137348  -40.866  24.576  34.466 0.0000000000
96337  -41.290  24.448  32.270 0.0000000000
95509  -42.015  23.298  43.467 0.0000000000
127968  -42.901  23.117  43.142 0.0000000000
95519  -41.948  23.469  42.595 0.0000000000
120926  -42.968  23.315  42.432 0.0000000000
98827  -40.013  28.580  19.182 0.0000000000
99480  -40.395  28.604  19.861 0.0000000000
99464  -38.928  29.120  20.288 0.0000000000
102745  -33.072  34.208  36.394 0.0000000000
103344  -33.198  35.156  35.297 0.0000000000
105149  -38.051  38.813  26.288 0.0000000000
105127  -38.477  38.543  27.131 0.0000000000
105137  -38.695  38.372  26.460 0.0000000000
101498  -44.783  32.308  32.247 0.0000000000
141895  -44.649  32.949  32.638 0.0000000000
101484  -44.559  32.607  33.239 0.0000000000
101476  -44.377  32.422  34.415 0.0000000000
100821  -44.435  31.733  33.669 0.0000000000
100102  -43.964  31.173  34.889 0.0000000000
100123  -44.009  31.202  33.952 0.0000000000
103454  -44.199  35.783  21.289 0.0000000000
103453  -44.366  35.614  22.263 0.0000000000
102853  -44.345  34.777  21.599 0.0000000000
99426  -43.868  28.959  25.447 0.0000000000
99428  -44.391  29.385  25.599 0.0000000000
123127  -44.081  29.115  26.203 0.0000000000
99421  -44.408  29.546  26.713 0.0000000000
99420  -44.171  29.440  26.924 0.0000000000
100199  -43.246  29.968  27.362 0.0000000000
100208  -43.202  29.607  26.608 0.0000000000
94009  -37.007  20.708  45.486 0.0000000000
96887  -39.975  25.887  46.567 0.0000000000
96888  -40.665  25.718  46.670 0.0000000000
97500  -40.564  26.327  46.387 0.0000000000
141737  -34.119  45.351  26.340 0.0000000000
108734  -33.843  44.579  26.251 0.0000000000
108735  -34.531  44.334  25.802 0.0000000000
108108  -34.867  43.742  25.668 0.0000000000
108739  -35.917  44.645  25.586 0.0000000000
108762  -40.877  45.171  23.333 0.0000000000
109474  -40.400  46.612  23.610 0.0000000000
109476  -41.553  45.294  23.617 0.0000000000
109457  -41.731  45.409  23.899 0.0000000000
108136  -42.116  44.418  23.013 0.0000000000
107514  -42.518  43.224  22.734 0.0000000000
107513  -42.411  42.905  22.495 0.0000000000
104090  -38.656  36.479  20.440 0.0000000000
103465  -39.287  35.806  21.496 0.0000000000
103476  -38.877  35.648  20.879 0.0000000000
119912  -39.327  33.865  20.271 0.0000000000
102888  -39.172  34.460  19.702 0.0000000000
103502  -39.848  34.389  18.110 0.0000000000
103489  -39.280  35.240  19.153 0.0000000000
102701  -35.877  34.528  42.513 0.0000000000
102058  -35.452  33.637  42.901 0.0000000000
102049  -35.772  33.374  43.875 0.0000000000
101414  -35.108  32.773  43.290 0.0000000000
141187  -34.930  31.192  43.561 0.0000000000
98719  -38.291  29.106  39.907 0.0000000000
98709  -37.656  28.380  40.241 0.0000000000
98147  -39.177  28.232  40.582 0.0000000000
98699  -39.791  27.951  40.929 0.0000000000
98711  -40.105  28.739  40.587 0.0000000000
106176  -42.231  41.333  30.680 0.0000000000
106832  -41.411  41.869  31.411 0.0000000000
120003  -40.052  41.449  31.626 0.0000000000
140400  -40.005  40.685  31.153 0.0000000000
137493  -41.007  34.335  27.185 0.0000000000
103406  -40.989  35.565  27.648 0.0000000000
102817  -40.781  34.585  27.720 0.0000000000
103361  -40.842  35.413  33.560 0.0000000000
103360  -39.876  35.514  33.334 0.0000000000
102774  -39.257  35.320  33.800 0.0000000000
103359  -38.576  35.595  33.307 0.0000000000
102764  -39.679  34.837  34.384 0.0000000000
102119  -38.617  34.084  34.827 0.0000000000
102752  -40.036  34.331  34.954 0.0000000000
126973  -43.498  31.123  38.961 0.0000000000
100056  -43.278  30.627  39.788 0.0000000000
99331  -43.768  29.503  39.303 0.0000000000
98720  -43.642  28.718  39.947 0.0000000000
98151  -44.231  27.905  39.158 0.0000000000
97573  -42.158  26.705  37.384 0.0000000000
96969  -43.669  25.418  36.235 0.0000000000
96968  -42.293  25.422  36.290 0.0000000000
100837  -40.063  31.240  32.271 0.0000000000
100133  -40.503  30.850  32.905 0.0000000000
130998  -39.556  30.875  33.051 0.0000000000
97599  -36.567  26.394  35.516 0.0000000000
98180  -37.143  27.182  35.868 0.0000000000
96981  -36.883  25.691  35.363 0.0000000000
97001  -37.397  25.154  34.903 0.0000000000
97000  -36.495  25.308  34.745 0.0000000000
96333  -36.926  24.919  33.313 0.0000000000
97010  -36.198  24.993  33.999 0.0000000000
95546  -40.165  23.580  40.220 0.0000000000
95556  -41.022  23.667  39.747 0.0000000000
100974  -43.337  31.653  20.425 0.0000000000
100966  -43.862  31.100  20.744 0.0000000000
136398  -43.248  29.738  20.070 0.0000000000
99467  -41.629  29.008  21.251 0.0000000000
98816  -42.801  28.904  21.297 0.0000000000
99450  -42.746  28.918  22.616 0.0000000000
99439  -43.435  28.923  23.538 0.0000000000
99438  -42.292  29.272  23.288 0.0000000000
100235  -41.633  29.920  23.859 0.0000000000
100234  -40.746  30.456  23.517 0.0000000000
123217  -39.379  31.317  23.680 0.0000000000
96257  -37.147  25.018  44.070 0.0000000000
96893  -38.397  26.704  45.871 0.0000000000
97497  -37.988  27.429  45.991 0.0000000000
110651  -34.260  47.078  27.515 0.0000000000
105211  -38.041  38.602  20.836 0.0000000000
105222  -38.225  38.859  19.961 0.0000000000
105737  -37.876  39.506  20.382 0.0000000000
101446  -34.361  32.205  37.237 0.0000000000
100773  -34.440  31.261  38.309 0.0000000000
100774  -35.305  31.248  37.913 0.0000000000
100060  -36.837  30.416  38.716 0.0000000000
100785  -36.252  31.447  37.549 0.0000000000
105622  -35.957  39.612  28.066 0.0000000000
106218  -42.666  40.161  28.971 0.0000000000
123596  -42.881  33.127  29.722 0.0000000000
125027  -43.611  33.288  30.508 0.0000000000
102776  -43.617  34.502  33.315 0.0000000000
102782  -43.668  34.272  32.422 0.0000000000
102775  -43.051  35.026  33.797 0.0000000000
103353  -42.403  35.295  33.914 0.0000000000
133791  -43.058  34.926  34.392 0.0000000000
102755  -42.802  34.678  35.018 0.0000000000
102756  -43.223  34.522  34.807 0.0000000000
101464  -44.004  32.499  36.290 0.0000000000
101463  -43.390  33.350  36.775 0.0000000000
100790  -43.857  31.568  37.624 0.0000000000
100068  -44.285  30.640  37.160 0.0000000000
100064  -44.337  30.113  37.664 0.0000000000
100072  -43.205  30.321  36.104 0.0000000000
99346  -43.816  29.996  36.678 0.0000000000
99345  -43.024  29.743  36.609 0.0000000000
98736  -42.613  29.079  37.061 0.0000000000
125792  -42.115  29.519  36.591 0.0000000000
104641  -41.367  37.586  23.972 0.0000000000
104632  -40.769  37.560  24.723 0.0000000000
104642  -42.066  37.180  23.876 0.0000000000
102838  -43.333  35.204  24.551 0.0000000000
103432  -43.445  36.165  25.119 0.0000000000
102837  -42.463  34.486  24.741 0.0000000000
102836  -42.058  34.607  25.293 0.0000000000
102246  -41.840  33.870  25.033 0.0000000000
100963  -43.934  31.138  21.346 0.0000000000
101626  -43.339  32.131  22.754 0.0000000000
100953  -43.678  31.214  22.409 0.0000000000
100929  -43.863  30.696  25.137 0.0000000000
100939  -42.787  31.704  24.427 0.0000000000
100928  -42.893  31.511  25.555 0.0000000000
101588  -42.241  32.250  26.031 0.0000000000
139584  -43.470  31.696  27.221 0.0000000000
101575  -43.218  32.150  27.731 0.0000000000
100905  -44.231  31.473  27.735 0.0000000000
100190  -44.975  30.218  28.681 0.0000000000
100895  -45.118  30.495  28.559 0.0000000000
100191  -45.255  30.559  29.261 0.0000000000
100868  -45.369  31.332  30.156 0.0000000000
100164  -45.137  30.554  30.444 0.0000000000
100149  -44.652  30.623  31.183 0.0000000000
100163  -44.612  30.352  30.355 0.0000000000
100893  -42.364  30.815  28.770 0.0000000000
100882  -42.523  30.925  29.616 0.0000000000
100881  -41.597  31.370  29.327 0.0000000000
100865  -41.657  31.334  30.299 0.0000000000
100927  -40.604  31.093  25.512 0.0000000000
100915  -41.409  30.801  26.667 0.0000000000
123766  -40.575  31.363  26.321 0.0000000000
101560  -38.562  32.578  28.111 0.0000000000
101561  -39.509  32.286  28.464 0.0000000000
95493  -38.256  23.797  44.872 0.0000000000
94739  -38.110  22.058  45.591 0.0000000000
95482  -38.667  23.068  45.664 0.0000000000
95472  -40.149  22.995  46.987 0.0000000000
94730  -39.533  21.998  47.088 0.0000000000
94719  -40.357  21.987  47.551 0.0000000000
93985  -40.555  21.236  47.545 0.0000000000
94720  -41.027  21.663  47.716 0.0000000000
137572  -40.967  21.361  47.558 0.0000000000
94721  -41.533  22.356  47.491 0.0000000000
96238  -42.248  24.525  46.446 0.0000000000
96231  -42.514  23.688  46.577 0.0000000000
96239  -42.962  23.713  45.867 0.0000000000
95496  -43.275  23.106  45.290 0.0000000000
96246  -42.863  24.864  44.769 0.0000000000
106837  -29.893  41.330  30.375 0.0000000000
106173  -29.784  41.155  31.249 0.0000000000
106179  -30.695  41.041  29.995 0.0000000000
106180  -31.537  40.790  30.657 0.0000000000
106191  -30.931  41.191  29.146 0.0000000000
109414  -31.605  45.117  28.426 0.0000000000
108726  -31.125  44.464  28.361 0.0000000000
107484  -32.576  42.617  26.766 0.0000000000
107481  -31.981  42.281  27.305 0.0000000000
136564  -32.577  41.918  27.037 0.0000000000
106224  -32.700  40.873  27.811 0.0000000000
106225  -33.486  40.703  27.590 0.0000000000
137910  -34.138  40.541  27.397 0.0000000000
106231  -33.839  40.928  27.014 0.0000000000
138108  -35.934  42.102  25.668 0.0000000000
106236  -35.875  40.712  26.056 0.0000000000
106237  -36.653  40.652  25.722 0.0000000000
105652  -37.125  39.722  25.963 0.0000000000
106238  -37.523  40.635  25.438 0.0000000000
129169  -37.345  45.198  25.546 0.0000000000
129168  -38.464  45.281  25.573 0.0000000000
107496  -40.439  42.916  24.659 0.0000000000
108116  -39.900  43.468  24.981 0.0000000000
130772  -40.565  42.145  24.562 0.0000000000
106883  -39.015  41.478  24.822 0.0000000000
129671  -40.687  40.796  24.267 0.0000000000
130760  -41.302  40.164  23.738 0.0000000000
106245  -41.985  41.345  23.708 0.0000000000
106268  -43.669  40.505  22.013 0.0000000000
105685  -43.399  40.020  22.452 0.0000000000
105187  -43.688  39.317  21.819 0.0000000000
104656  -43.828  38.473  21.551 0.0000000000
104666  -43.643  38.145  21.011 0.0000000000
142099  -40.633  40.002  22.347 0.0000000000
106267  -41.833  40.339  21.924 0.0000000000
105184  -40.322  38.737  22.325 0.0000000000
103466  -40.252  35.500  21.869 0.0000000000
104067  -41.657  36.997  21.691 0.0000000000
137516  -41.398  35.129  21.607 0.0000000000
103467  -42.525  35.724  21.272 0.0000000000
102863  -41.452  34.220  21.479 0.0000000000
102269  -41.686  33.355  21.328 0.0000000000
102268  -40.600  33.574  21.399 0.0000000000
101650  -39.790  31.978  19.689 0.0000000000
101651  -40.306  32.053  20.496 0.0000000000
100970  -40.029  31.151  19.752 0.0000000000
100982  -39.998  30.105  19.104 0.0000000000
140620  -39.522  30.296  18.375 0.0000000000
101673  -39.327  31.946  17.614 0.0000000000
119154  -40.250  33.706  17.031 0.0000000000
102299  -39.906  33.305  17.021 0.0000000000
122373  -40.151  33.836  16.565 0.0000000000
102298  -39.674  33.520  16.693 0.0000000000
102910  -40.273  34.363  16.231 0.0000000000
138752  -39.737  37.306  17.843 0.0000000000
121173  -36.998  30.176  46.082 0.0000000000
99291  -36.000  29.754  44.114 0.0000000000
99292  -36.968  29.477  44.884 0.0000000000
98674  -37.146  28.815  44.372 0.0000000000
98086  -38.220  28.455  45.317 0.0000000000
98095  -37.834  27.977  44.351 0.0000000000
100039  -33.933  29.895  40.426 0.0000000000
99306  -34.389  29.332  41.703 0.0000000000
98707  -35.129  28.529  41.141 0.0000000000
98136  -38.061  27.280  41.636 0.0000000000
98135  -37.146  27.454  41.778 0.0000000000
98118  -38.265  26.951  42.767 0.0000000000
123056  -38.814  26.829  43.452 0.0000000000
97538  -39.456  26.647  43.501 0.0000000000
97520  -40.437  26.486  43.393 0.0000000000
97540  -41.563  26.447  43.245 0.0000000000
135853  -42.335  26.552  42.869 0.0000000000
97541  -42.972  26.221  42.860 0.0000000000
140503  -37.223  40.754  32.331 0.0000000000
105591  -34.603  39.069  32.732 0.0000000000
141915  -42.744  37.277  26.135 0.0000000000
104601  -40.904  37.735  26.758 0.0000000000
104602  -43.133  37.805  27.210 0.0000000000
105130  -43.220  38.345  27.959 0.0000000000
104593  -43.082  38.485  28.430 0.0000000000
105118  -43.236  38.969  28.976 0.0000000000
105117  -41.911  38.250  29.108 0.0000000000
102798  -40.541  34.651  29.786 0.0000000000
103380  -40.076  35.223  30.289 0.0000000000
103995  -39.045  36.228  31.379 0.0000000000
103999  -39.203  36.371  30.470 0.0000000000
130833  -38.596  36.759  30.733 0.0000000000
139506  -39.000  38.121  29.893 0.0000000000
104588  -38.442  37.457  30.340 0.0000000000
105108  -37.477  38.593  30.694 0.0000000000
104578  -37.089  37.339  31.174 0.0000000000
103357  -37.009  35.439  33.425 0.0000000000
126954  -36.182  36.578  32.430 0.0000000000
121441  -36.176  35.519  33.469 0.0000000000
103978  -34.745  36.404  33.169 0.0000000000
102770  -35.786  35.015  33.974 0.0000000000
102760  -35.372  34.500  34.503 0.0000000000
102761  -36.315  34.432  34.412 0.0000000000
101460  -38.309  32.586  36.442 0.0000000000
132042  -37.642  32.566  36.259 0.0000000000
101448  -38.665  32.183  37.143 0.0000000000
100777  -38.699  31.256  38.404 0.0000000000
100788  -39.154  31.683  37.809 0.0000000000
102099  -42.092  33.793  36.462 0.0000000000
129544  -41.302  33.353  36.635 0.0000000000
101451  -41.549  32.893  38.026 0.0000000000
100761  -42.136  31.594  40.355 0.0000000000
100780  -41.539  32.102  39.337 0.0000000000
100054  -41.637  31.308  40.328 0.0000000000
100053  -40.712  30.857  40.022 0.0000000000
100040  -41.303  30.483  40.518 0.0000000000
98713  -41.594  29.214  40.952 0.0000000000
99307  -42.205  29.262  41.244 0.0000000000
98148  -43.518  27.754  41.070 0.0000000000
98141  -43.116  27.650  41.740 0.0000000000
96940  -43.648  25.225  41.722 0.0000000000
139305  -43.874  24.188  41.599 0.0000000000
96273  -43.862  23.857  41.110 0.0000000000
96948  -44.017  24.803  40.787 0.0000000000
96287  -44.442  24.348  39.002 0.0000000000
95559  -44.013  23.786  39.284 0.0000000000
95567  -44.062  23.777  38.351 0.0000000000
135760  -42.353  23.518  38.456 0.0000000000
120836  -43.611  23.639  37.767 0.0000000000
98162  -44.647  28.085  37.253 0.0000000000
121926  -45.154  27.387  37.072 0.0000000000
97575  -45.126  26.761  37.259 0.0000000000
96312  -44.876  24.262  34.593 0.0000000000
96990  -45.389  24.499  35.495 0.0000000000
121406  -44.514  23.594  35.085 0.0000000000
123549  -43.653  23.468  35.879 0.0000000000
95591  -42.548  23.180  35.102 0.0000000000
94822  -41.444  22.878  35.572 0.0000000000
95603  -43.106  23.442  34.130 0.0000000000
96326  -42.733  24.201  33.311 0.0000000000
95611  -42.571  23.759  33.173 0.0000000000
95622  -42.302  24.082  32.523 0.0000000000
94848  -41.034  22.927  32.412 0.0000000000
95621  -41.932  24.088  31.976 0.0000000000
100135  -43.059  30.731  32.770 0.0000000000
140264  -42.905  30.712  33.677 0.0000000000
100121  -41.979  30.694  33.419 0.0000000000
140340  -40.496  30.279  34.885 0.0000000000
100076  -41.148  30.385  34.887 0.0000000000
99360  -40.860  30.049  35.519 0.0000000000
99343  -40.591  29.503  36.173 0.0000000000
98734  -40.402  28.758  36.659 0.0000000000
100095  -38.211  30.297  34.128 0.0000000000
99357  -38.379  29.262  35.342 0.0000000000
98165  -38.591  27.278  36.479 0.0000000000
98732  -38.662  28.068  36.305 0.0000000000
129765  -39.327  26.959  36.669 0.0000000000
98157  -39.822  27.546  36.807 0.0000000000
97583  -39.631  26.197  36.585 0.0000000000
96966  -40.064  25.503  36.296 0.0000000000
96984  -39.707  25.011  35.514 0.0000000000
96335  -38.834  24.574  33.359 0.0000000000
96336  -40.026  24.480  33.138 0.0000000000
139795  -39.517  24.617  32.545 0.0000000000
96358  -40.601  24.367  31.088 0.0000000000
95495  -42.658  22.765  44.894 0.0000000000
143612  -41.121  23.295  43.660 0.0000000000
95517  -39.846  23.448  42.532 0.0000000000
100275  -41.953  29.273  19.645 0.0000000000
99481  -42.233  29.010  19.687 0.0000000000
98828  -40.965  28.639  19.481 0.0000000000
98814  -41.332  28.622  20.234 0.0000000000
99448  -41.028  29.448  21.933 0.0000000000
100248  -40.417  30.214  22.574 0.0000000000
99447  -40.033  29.663  21.651 0.0000000000
101456  -33.719  32.771  36.910 0.0000000000
124193  -34.375  32.678  36.593 0.0000000000
105634  -37.232  38.983  27.022 0.0000000000
136815  -37.765  38.796  27.207 0.0000000000
105123  -39.456  38.639  27.572 0.0000000000
101527  -44.532  32.792  30.531 0.0000000000
122727  -44.206  33.412  31.138 0.0000000000
102144  -44.634  33.065  31.331 0.0000000000
102133  -44.220  33.965  32.742 0.0000000000
102125  -43.985  34.116  33.596 0.0000000000
102121  -43.678  34.110  34.431 0.0000000000
130098  -44.206  33.400  33.929 0.0000000000
101472  -44.202  32.541  35.430 0.0000000000
100799  -44.352  31.830  35.872 0.0000000000
100074  -44.247  30.827  36.528 0.0000000000
100080  -44.286  31.143  35.824 0.0000000000
100079  -43.627  30.702  35.479 0.0000000000
104643  -43.912  37.600  22.121 0.0000000000
104055  -43.564  36.485  23.261 0.0000000000
104056  -44.113  36.091  22.813 0.0000000000
102845  -43.831  35.001  23.756 0.0000000000
132354  -43.609  34.082  23.280 0.0000000000
135058  -44.210  29.633  23.348 0.0000000000
134186  -43.871  30.452  23.298 0.0000000000
99434  -44.362  29.406  24.757 0.0000000000
100219  -44.473  30.063  25.651 0.0000000000
100917  -44.191  30.611  26.165 0.0000000000
100210  -44.703  29.860  27.181 0.0000000000
100201  -44.911  29.996  27.868 0.0000000000
100189  -44.557  29.957  28.438 0.0000000000
100177  -44.684  30.177  29.341 0.0000000000
100188  -43.352  30.233  28.211 0.0000000000
100187  -42.129  30.612  27.852 0.0000000000
134430  -39.859  31.795  26.394 0.0000000000
93248  -38.143  20.008  47.015 0.0000000000
96237  -39.766  24.778  46.288 0.0000000000
125217  -40.211  24.059  46.567 0.0000000000
95473  -40.885  23.868  47.176 0.0000000000
95474  -41.575  23.463  47.339 0.0000000000
96229  -41.198  24.664  47.066 0.0000000000
96889  -41.438  25.132  46.762 0.0000000000
96897  -41.787  25.407  46.243 0.0000000000
107471  -29.695  42.381  29.547 0.0000000000
120763  -32.785  45.279  27.194 0.0000000000
128952  -32.296  44.685  27.289 0.0000000000
108733  -32.842  44.452  26.698 0.0000000000
133846  -33.320  43.861  26.382 0.0000000000
108105  -33.432  42.959  26.373 0.0000000000
107486  -33.930  42.082  26.314 0.0000000000
107487  -34.382  42.936  25.946 0.0000000000
131191  -36.006  42.871  25.646 0.0000000000
108110  -36.856  43.406  25.486 0.0000000000
110691  -40.037  47.839  23.949 0.0000000000
108743  -40.144  44.978  25.344 0.0000000000
108744  -41.121  45.275  24.989 0.0000000000
108117  -41.297  44.395  24.691 0.0000000000
107504  -42.525  42.804  23.770 0.0000000000
106886  -42.057  42.182  23.936 0.0000000000
107505  -42.889  43.061  23.196 0.0000000000
106254  -43.363  41.416  22.295 0.0000000000
106280  -43.376  40.525  21.706 0.0000000000
104652  -39.020  37.475  22.058 0.0000000000
122619  -39.716  37.915  22.317 0.0000000000
104076  -39.158  36.670  21.759 0.0000000000
141249  -39.687  35.577  21.733 0.0000000000
102861  -39.618  34.935  21.460 0.0000000000
102267  -39.876  33.935  21.296 0.0000000000
122624  -39.495  34.197  20.990 0.0000000000
102279  -39.656  33.472  20.742 0.0000000000
102289  -39.602  32.849  19.641 0.0000000000
103303  -36.381  35.370  41.204 0.0000000000
103298  -37.481  35.442  42.554 0.0000000000
102695  -37.192  34.778  44.026 0.0000000000
102050  -36.735  33.914  44.665 0.0000000000
100010  -36.477  30.780  45.401 0.0000000000
100744  -35.581  31.187  44.254 0.0000000000
99290  -35.248  29.251  43.116 0.0000000000
99316  -36.018  28.924  40.054 0.0000000000
98708  -36.038  28.395  40.644 0.0000000000
122441  -36.890  28.134  40.555 0.0000000000
98146  -38.310  27.822  40.728 0.0000000000
97539  -40.168  26.688  42.479 0.0000000000
98138  -40.033  27.397  41.468 0.0000000000
98139  -41.049  27.431  41.729 0.0000000000
106825  -39.481  41.907  32.218 0.0000000000
120737  -38.253  40.760  31.725 0.0000000000
105593  -36.603  39.585  31.545 0.0000000000
104028  -43.370  36.877  26.926 0.0000000000
104019  -43.456  37.064  26.973 0.0000000000
103407  -42.136  36.326  27.147 0.0000000000
104008  -41.775  36.579  27.747 0.0000000000
104002  -40.968  36.643  28.519 0.0000000000
127269  -40.561  35.190  32.128 0.0000000000
103376  -40.251  35.175  31.278 0.0000000000
103375  -39.724  35.624  31.883 0.0000000000
103990  -39.133  35.982  32.139 0.0000000000
103989  -38.654  36.256  31.974 0.0000000000
103993  -37.474  36.721  31.627 0.0000000000
103367  -37.948  35.891  32.814 0.0000000000
103358  -37.798  35.495  33.401 0.0000000000
102772  -37.532  35.024  33.885 0.0000000000
127710  -36.891  33.836  34.796 0.0000000000
102118  -37.764  33.944  34.801 0.0000000000
102097  -38.751  33.082  36.005 0.0000000000
102098  -39.494  33.088  36.230 0.0000000000
141715  -42.957  33.030  38.410 0.0000000000
101442  -42.724  32.594  38.999 0.0000000000
100768  -42.500  31.980  39.876 0.0000000000
100055  -42.596  31.309  40.324 0.0000000000
100042  -42.749  30.594  40.604 0.0000000000
99321  -42.629  29.927  41.095 0.0000000000
98715  -43.248  29.157  40.999 0.0000000000
131442  -43.476  28.397  40.802 0.0000000000
97561  -43.844  27.018  40.659 0.0000000000
126680  -44.073  26.088  40.184 0.0000000000
97566  -44.497  26.218  39.099 0.0000000000
96288  -44.901  24.690  38.077 0.0000000000
96956  -44.616  26.171  36.763 0.0000000000
96988  -44.542  24.760  35.140 0.0000000000
96311  -44.150  24.269  34.200 0.0000000000
95613  -43.735  24.013  33.666 0.0000000000
96327  -43.616  24.056  33.618 0.0000000000
96310  -43.020  24.474  34.148 0.0000000000
122265  -42.143  24.559  33.968 0.0000000000
118992  -41.276  30.784  32.885 0.0000000000
100098  -40.677  30.481  34.273 0.0000000000
100097  -39.880  30.353  34.435 0.0000000000
98745  -37.373  28.181  35.656 0.0000000000
98746  -38.147  28.508  35.756 0.0000000000
97581  -37.946  26.777  36.317 0.0000000000
96964  -38.244  26.020  36.088 0.0000000000
96983  -38.681  25.353  35.606 0.0000000000
96307  -38.307  24.914  35.005 0.0000000000
96322  -38.073  24.688  34.194 0.0000000000
96334  -37.850  24.662  33.332 0.0000000000
120275  -38.638  24.879  31.512 0.0000000000
96345  -37.612  24.910  32.404 0.0000000000
140982  -36.695  25.114  32.635 0.0000000000
93255  -39.143  20.602  45.567 0.0000000000
102280  -43.935  33.401  20.530 0.0000000000
101632  -44.422  33.076  21.042 0.0000000000
101641  -44.034  32.224  20.881 0.0000000000
100261  -44.059  30.238  21.274 0.0000000000
99483  -43.299  29.416  20.428 0.0000000000
99469  -43.777  29.534  21.322 0.0000000000
99452  -44.157  29.245  22.949 0.0000000000
99440  -44.035  28.841  23.314 0.0000000000
99432  -43.693  28.968  24.580 0.0000000000
99425  -42.926  29.315  25.081 0.0000000000
100207  -42.224  30.157  26.232 0.0000000000
100227  -41.910  29.839  24.748 0.0000000000
100216  -41.222  30.465  25.178 0.0000000000
133691  -40.563  30.858  24.884 0.0000000000
100233  -39.808  30.817  23.193 0.0000000000
100938  -40.116  30.989  24.196 0.0000000000
94754  -37.475  22.254  44.816 0.0000000000
95492  -37.383  23.336  44.382 0.0000000000
96902  -37.101  25.917  44.421 0.0000000000
96903  -37.842  25.562  44.933 0.0000000000
96245  -38.404  24.858  45.160 0.0000000000
96894  -38.628  25.818  45.620 0.0000000000
96895  -39.293  26.727  46.316 0.0000000000
97499  -39.430  27.316  46.210 0.0000000000
110048  -32.959  46.074  27.802 0.0000000000
109420  -33.332  45.874  27.112 0.0000000000
110061  -33.985  46.060  26.691 0.0000000000
110062  -34.777  46.693  26.539 0.0000000000
107512  -41.567  43.141  22.627 0.0000000000
105182  -38.635  38.775  22.125 0.0000000000
105199  -38.476  38.096  21.674 0.0000000000
142717  -38.477  36.989  21.035 0.0000000000
130919  -38.628  37.012  19.762 0.0000000000
104102  -39.042  36.230  19.065 0.0000000000
104690  -38.424  37.884  19.834 0.0000000000
105230  -38.626  38.740  18.982 0.0000000000
100058  -34.273  30.755  38.956 0.0000000000
100048  -35.060  30.092  39.210 0.0000000000
100049  -36.184  29.929  39.209 0.0000000000
133225  -37.148  29.802  39.258 0.0000000000
99328  -38.020  29.753  39.489 0.0000000000
106858  -42.700  41.308  29.982 0.0000000000
106187  -42.861  40.920  30.101 0.0000000000
101574  -41.864  33.032  28.136 0.0000000000
102811  -40.816  34.233  28.460 0.0000000000
102177  -41.806  33.571  29.563 0.0000000000
102788  -41.330  34.090  30.207 0.0000000000
102785  -41.893  34.264  31.288 0.0000000000
102142  -43.288  33.817  31.434 0.0000000000
121975  -42.794  34.386  32.097 0.0000000000
102781  -41.828  34.699  32.346 0.0000000000
103370  -41.228  35.237  32.844 0.0000000000
103362  -41.711  35.322  33.551 0.0000000000
130174  -41.411  35.038  34.531 0.0000000000
102753  -40.979  34.478  35.030 0.0000000000
102754  -41.985  34.688  35.105 0.0000000000
102113  -42.552  34.372  35.770 0.0000000000
102090  -42.811  33.644  37.247 0.0000000000
102114  -43.408  34.082  35.354 0.0000000000
102091  -43.066  33.886  36.973 0.0000000000
101453  -43.080  33.316  37.719 0.0000000000
101443  -43.278  32.566  38.388 0.0000000000
125588  -43.574  31.641  38.458 0.0000000000
99334  -44.073  30.122  38.537 0.0000000000
99332  -44.364  29.279  38.354 0.0000000000
99335  -44.455  29.416  37.698 0.0000000000
98730  -44.327  28.776  37.357 0.0000000000
98729  -44.632  28.357  37.228 0.0000000000
99347  -44.171  30.343  36.772 0.0000000000
99338  -43.900  29.193  37.092 0.0000000000
131395  -44.229  27.894  37.321 0.0000000000
98160  -42.776  27.593  37.483 0.0000000000
98159  -41.477  27.467  37.437 0.0000000000
100836  -39.178  31.325  32.320 0.0000000000
100132  -38.670  31.023  32.923 0.0000000000
100117  -38.049  30.692  33.342 0.0000000000
134704  -37.505  30.098  34.314 0.0000000000
128049  -37.154  29.570  34.717 0.0000000000
99355  -36.747  28.749  35.236 0.0000000000
98179  -36.307  27.260  35.483 0.0000000000
97598  -35.738  26.563  35.276 0.0000000000
105162  -39.520  38.099  25.121 0.0000000000
105151  -39.295  38.034  25.771 0.0000000000
104622  -40.070  37.702  25.285 0.0000000000
104623  -41.321  37.264  25.458 0.0000000000
104624  -43.132  37.066  25.967 0.0000000000
104045  -43.516  36.092  24.916 0.0000000000
120647  -43.220  36.580  25.899 0.0000000000
103417  -43.163  36.551  26.354 0.0000000000
102830  -42.272  35.432  25.851 0.0000000000
102824  -41.344  34.800  26.504 0.0000000000
102227  -41.233  33.753  26.843 0.0000000000
135339  -44.151  33.254  21.759 0.0000000000
130863  -43.384  33.057  22.720 0.0000000000
102253  -42.694  33.390  23.689 0.0000000000
100952  -43.286  31.464  23.436 0.0000000000
101615  -41.956  33.239  24.792 0.0000000000
101600  -41.707  33.145  25.456 0.0000000000
101587  -41.578  33.017  26.389 0.0000000000
127543  -41.657  33.022  27.309 0.0000000000
138892  -42.360  32.586  27.705 0.0000000000
102178  -43.396  32.583  29.041 0.0000000000
122621  -44.460  32.019  29.092 0.0000000000
100894  -44.877  31.285  28.415 0.0000000000
128004  -44.899  32.166  29.751 0.0000000000
101528  -45.108  32.154  30.277 0.0000000000
100853  -45.062  31.530  31.417 0.0000000000
100839  -44.707  31.336  32.092 0.0000000000
100137  -44.305  31.140  32.927 0.0000000000
121065  -44.471  30.830  31.981 0.0000000000
119741  -43.934  30.581  31.979 0.0000000000
100147  -42.902  30.732  31.735 0.0000000000
100162  -43.578  30.480  29.939 0.0000000000
100148  -43.324  30.705  30.772 0.0000000000
100851  -41.304  31.345  31.262 0.0000000000
100850  -40.446  31.496  31.509 0.0000000000
100904  -41.548  30.912  27.304 0.0000000000
120099  -41.293  31.283  27.826 0.0000000000
100891  -39.943  31.997  27.550 0.0000000000
122422  -40.572  31.719  28.235 0.0000000000
119266  -40.898  31.657  28.997 0.0000000000
94022  -37.509  21.353  45.587 0.0000000000
94010  -38.198  20.994  46.614 0.0000000000
95471  -39.272  22.771  46.406 0.0000000000
93994  -39.062  21.061  47.221 0.0000000000
93234  -39.726  20.174  47.291 0.0000000000
93995  -40.160  20.358  46.985 0.0000000000
93996  -40.844  21.237  46.942 0.0000000000
94742  -41.508  22.138  46.311 0.0000000000
95475  -42.311  23.081  47.138 0.0000000000
94743  -42.168  22.390  46.439 0.0000000000
94758  -42.246  22.539  45.650 0.0000000000
136274  -43.110  22.865  44.758 0.0000000000
95511  -43.353  23.109  44.270 0.0000000000
96258  -43.536  23.598  43.675 0.0000000000
107476  -30.439  42.553  28.506 0.0000000000
108101  -31.481  43.503  27.497 0.0000000000
107480  -31.346  42.358  27.654 0.0000000000
106862  -31.274  41.436  28.440 0.0000000000
106208  -31.675  40.871  28.800 0.0000000000
106209  -32.473  40.670  28.545 0.0000000000
132522  -34.028  40.491  29.402 0.0000000000
106211  -34.689  40.113  28.324 0.0000000000
105621  -35.253  39.792  28.008 0.0000000000
105632  -35.594  39.748  27.464 0.0000000000
106873  -35.097  40.718  26.397 0.0000000000
106233  -35.695  40.210  26.583 0.0000000000
105639  -35.957  39.679  26.910 0.0000000000
105640  -36.744  39.420  26.715 0.0000000000
105653  -37.868  39.168  25.907 0.0000000000
105654  -38.429  39.180  25.414 0.0000000000
135951  -36.124  45.959  25.712 0.0000000000
108740  -36.692  44.405  25.566 0.0000000000
108741  -37.816  44.230  25.545 0.0000000000
108111  -37.755  43.343  25.453 0.0000000000
108113  -39.517  43.991  25.341 0.0000000000
107492  -39.076  43.146  25.186 0.0000000000
107491  -38.159  42.675  25.295 0.0000000000
106880  -38.195  41.625  25.168 0.0000000000
106244  -39.100  40.529  24.803 0.0000000000
105667  -39.141  39.531  24.810 0.0000000000
133112  -40.122  39.747  24.309 0.0000000000
105669  -40.661  38.949  23.886 0.0000000000
105173  -41.601  38.504  23.479 0.0000000000
128791  -42.715  40.629  23.235 0.0000000000
133035  -42.903  38.938  22.760 0.0000000000
126097  -43.571  38.340  22.326 0.0000000000
104667  -44.101  37.446  21.270 0.0000000000
103469  -43.993  35.895  20.813 0.0000000000
130047  -42.386  42.104  22.217 0.0000000000
106903  -42.798  40.909  21.687 0.0000000000
105718  -42.381  39.633  21.585 0.0000000000
133177  -40.863  38.186  22.117 0.0000000000
104655  -42.109  37.983  21.611 0.0000000000
123694  -43.256  36.604  20.893 0.0000000000
103468  -43.604  35.867  20.847 0.0000000000
102865  -43.816  35.016  20.838 0.0000000000
102270  -43.064  33.407  20.657 0.0000000000
101653  -43.327  32.572  20.541 0.0000000000
100972  -41.514  30.886  20.355 0.0000000000
122674  -40.983  31.654  20.678 0.0000000000
100267  -41.421  29.946  19.643 0.0000000000
138373  -40.694  29.686  19.315 0.0000000000
99488  -39.751  28.626  18.869 0.0000000000
101678  -39.310  32.523  17.283 0.0000000000
101672  -39.101  32.265  17.218 0.0000000000
104114  -39.802  36.478  17.825 0.0000000000
104123  -40.447  35.726  16.601 0.0000000000
98656  -37.501  28.890  46.188 0.0000000000
99281  -36.672  30.096  45.225 0.0000000000
99274  -37.743  29.132  46.042 0.0000000000
98657  -37.944  28.753  46.080 0.0000000000
98658  -38.282  28.466  45.937 0.0000000000
98078  -38.852  27.881  46.095 0.0000000000
97507  -39.549  27.454  45.915 0.0000000000
100025  -34.242  30.449  42.413 0.0000000000
122768  -34.570  29.631  42.505 0.0000000000
98687  -35.566  28.574  42.745 0.0000000000
98698  -35.851  28.108  41.538 0.0000000000
125731  -36.413  27.695  42.088 0.0000000000
98094  -37.288  28.056  43.818 0.0000000000
98096  -38.371  27.477  44.223 0.0000000000
97518  -39.183  27.146  44.563 0.0000000000
119882  -40.035  27.004  46.268 0.0000000000
97508  -40.211  26.868  45.645 0.0000000000
97510  -41.391  26.159  45.228 0.0000000000
96904  -42.105  25.614  45.252 0.0000000000
96915  -41.734  26.044  44.247 0.0000000000
96917  -43.263  24.550  43.996 0.0000000000
96928  -43.612  24.331  43.145 0.0000000000
106159  -34.675  39.954  33.745 0.0000000000
105092  -33.854  38.576  33.408 0.0000000000
121852  -33.200  37.347  33.865 0.0000000000
105138  -39.602  37.875  26.403 0.0000000000
105124  -41.522  38.906  27.775 0.0000000000
104603  -43.167  37.543  27.259 0.0000000000
128390  -43.116  38.959  28.211 0.0000000000
105628  -42.926  39.863  29.212 0.0000000000
105613  -42.857  39.674  29.335 0.0000000000
105602  -42.018  39.743  30.127 0.0000000000
119094  -40.529  34.819  28.910 0.0000000000
123622  -40.084  36.350  29.329 0.0000000000
104001  -39.592  36.765  29.634 0.0000000000
104591  -40.503  37.549  29.329 0.0000000000
105116  -40.230  38.323  29.633 0.0000000000
105601  -40.509  39.219  30.053 0.0000000000
132874  -39.529  39.497  30.446 0.0000000000
105600  -38.418  39.296  30.597 0.0000000000
105595  -37.413  39.471  31.057 0.0000000000
142201  -36.294  38.227  31.331 0.0000000000
103992  -36.644  36.929  31.773 0.0000000000
104577  -36.368  37.623  31.424 0.0000000000
104576  -35.686  38.004  31.616 0.0000000000
103985  -34.414  37.163  32.839 0.0000000000
136268  -33.791  36.656  33.527 0.0000000000
136049  -33.667  35.976  34.093 0.0000000000
102750  -34.156  34.338  35.170 0.0000000000
102106  -35.195  33.397  35.467 0.0000000000
101467  -35.608  32.758  35.880 0.0000000000
102107  -36.651  33.327  35.343 0.0000000000
101459  -37.005  32.406  36.347 0.0000000000
100794  -36.762  31.960  36.954 0.0000000000
100776  -37.857  31.178  38.216 0.0000000000
100062  -38.282  30.761  38.792 0.0000000000
100051  -38.623  30.348  39.372 0.0000000000
102111  -40.560  33.838  35.534 0.0000000000
118826  -40.371  33.298  36.260 0.0000000000
101450  -40.559  32.480  37.638 0.0000000000
101441  -41.984  32.681  38.871 0.0000000000
101440  -41.073  32.290  38.489 0.0000000000
100789  -40.102  31.906  38.102 0.0000000000
100765  -40.146  31.099  39.358 0.0000000000
100052  -39.656  30.400  39.681 0.0000000000
99318  -39.612  29.854  40.074 0.0000000000
98712  -40.977  28.753  40.787 0.0000000000
98701  -41.588  28.391  41.267 0.0000000000
98140  -42.079  27.662  41.770 0.0000000000
97557  -42.659  27.018  42.302 0.0000000000
97542  -43.448  25.319  42.628 0.0000000000
128859  -43.720  24.270  42.316 0.0000000000
133775  -43.582  23.652  42.751 0.0000000000
95520  -43.456  23.567  42.272 0.0000000000
95533  -43.610  23.721  41.435 0.0000000000
95548  -43.125  23.623  40.748 0.0000000000
96283  -44.118  23.984  40.074 0.0000000000
95558  -43.236  23.601  39.775 0.0000000000
120616  -42.031  23.639  39.119 0.0000000000
95565  -41.621  23.393  38.108 0.0000000000
98155  -44.788  28.058  37.914 0.0000000000
97569  -45.057  26.393  37.830 0.0000000000
96290  -45.209  24.480  37.048 0.0000000000
96957  -45.128  25.903  36.687 0.0000000000
96296  -45.519  24.603  36.082 0.0000000000
95580  -45.089  23.910  36.686 0.0000000000
95578  -42.983  23.537  36.965 0.0000000000
95583  -41.408  23.092  36.502 0.0000000000
94818  -40.512  22.755  36.396 0.0000000000
121487  -40.483  22.559  35.201 0.0000000000
140054  -42.597  23.383  33.789 0.0000000000
94841  -41.897  23.082  33.650 0.0000000000
100122  -43.656  30.881  33.385 0.0000000000
100078  -42.642  30.460  35.286 0.0000000000
100099  -41.495  30.562  34.226 0.0000000000
124586  -41.860  30.451  34.844 0.0000000000
98735  -41.386  29.027  36.847 0.0000000000
97572  -41.064  26.732  37.242 0.0000000000
100119  -39.484  30.552  33.786 0.0000000000
98747  -38.930  28.795  35.841 0.0000000000
99342  -39.721  29.182  36.046 0.0000000000
98166  -40.241  28.095  36.941 0.0000000000
98158  -40.585  27.469  37.239 0.0000000000
96967  -41.072  25.421  36.302 0.0000000000
96985  -40.650  24.983  35.673 0.0000000000
96325  -41.978  24.481  33.162 0.0000000000
96309  -39.722  24.627  34.702 0.0000000000
96324  -40.096  24.425  34.000 0.0000000000
141156  -41.858  24.365  32.531 0.0000000000
93225  -40.098  20.668  47.481 0.0000000000
93249  -39.604  19.956  46.750 0.0000000000
93986  -40.715  21.304  47.587 0.0000000000
93987  -41.201  21.723  47.597 0.0000000000
94011  -39.853  21.034  46.302 0.0000000000
94732  -41.872  22.344  47.225 0.0000000000
94744  -42.517  22.786  46.596 0.0000000000
94832  -41.988  22.969  34.517 0.0000000000
94849  -41.872  23.541  32.619 0.0000000000
95484  -42.919  23.120  46.257 0.0000000000
95494  -41.854  23.067  44.269 0.0000000000
95532  -43.031  23.522  41.583 0.0000000000
95568  -44.532  23.938  37.537 0.0000000000
95577  -41.938  23.351  37.134 0.0000000000
95579  -44.175  23.697  36.833 0.0000000000
95586  -45.420  23.934  35.293 0.0000000000
95587  -45.438  24.100  35.120 0.0000000000
95592  -43.700  23.505  34.697 0.0000000000
95594  -45.131  24.008  34.642 0.0000000000
95604  -43.967  23.850  33.880 0.0000000000
95605  -44.358  23.974  34.078 0.0000000000
95620  -41.602  23.781  31.718 0.0000000000
96300  -45.493  24.032  36.055 0.0000000000
96301  -45.498  24.151  35.582 0.0000000000
96308  -39.044  24.757  35.126 0.0000000000
96313  -45.255  24.286  34.948 0.0000000000
96347  -40.519  24.583  31.921 0.0000000000
96349  -41.914  24.166  32.061 0.0000000000
96952  -44.796  25.351  38.563 0.0000000000
96954  -45.240  25.468  37.462 0.0000000000
96958  -45.347  25.398  36.632 0.0000000000
96971  -45.347  25.215  35.968 0.0000000000
96989  -45.136  24.776  35.286 0.0000000000
97501  -41.308  26.041  46.048 0.0000000000
97509  -40.732  26.505  45.785 0.0000000000
97521  -42.474  26.059  43.527 0.0000000000
97555  -38.750  26.867  42.015 0.0000000000
97556  -39.535  26.805  42.041 0.0000000000
97571  -40.162  26.802  36.925 0.0000000000
97582  -38.768  26.470  36.465 0.0000000000
97586  -42.898  26.033  37.116 0.0000000000
97600  -37.409  26.233  35.815 0.0000000000
98077  -38.322  28.215  46.089 0.0000000000
98115  -35.873  28.134  42.319 0.0000000000
98116  -36.463  28.183  43.089 0.0000000000
98117  -37.042  27.577  42.738 0.0000000000
98144  -36.599  27.831  41.198 0.0000000000
98150  -43.717  27.783  40.190 0.0000000000
98662  -37.637  29.166  45.486 0.0000000000
98675  -37.838  28.759  44.918 0.0000000000
98696  -34.834  28.883  42.272 0.0000000000
98706  -34.734  28.798  41.570 0.0000000000
98710  -38.534  28.532  40.294 0.0000000000
98714  -42.870  29.119  41.298 0.0000000000
98717  -36.745  28.647  40.084 0.0000000000
98806  -42.901  28.896  22.092 0.0000000000
98807  -43.350  29.059  21.835 0.0000000000
98829  -41.974  28.826  19.817 0.0000000000
98830  -42.751  28.952  20.407 0.0000000000
99282  -37.396  29.628  45.990 0.0000000000
99305  -33.885  29.761  41.171 0.0000000000
99314  -34.465  29.183  40.865 0.0000000000
99317  -39.222  29.158  40.236 0.0000000000
99319  -40.920  29.545  40.582 0.0000000000
99320  -41.853  30.020  41.113 0.0000000000
99325  -34.656  29.569  39.982 0.0000000000
99326  -35.580  29.436  39.718 0.0000000000
99327  -36.503  29.302  39.640 0.0000000000
99356  -37.598  29.054  35.317 0.0000000000
99414  -44.768  29.898  27.926 0.0000000000
99417  -44.601  29.756  27.317 0.0000000000
99427  -44.174  29.063  25.756 0.0000000000
99441  -44.249  29.084  23.963 0.0000000000
99449  -41.928  29.168  22.301 0.0000000000
99451  -43.846  29.187  22.449 0.0000000000
99466  -40.719  28.923  20.872 0.0000000000
99468  -42.382  28.968  21.716 0.0000000000
99479  -39.421  28.612  19.503 0.0000000000
99482  -42.728  29.213  19.891 0.0000000000
99490  -41.468  28.814  19.520 0.0000000000
99491  -42.798  29.516  19.833 0.0000000000
100024  -33.791  31.076  42.167 0.0000000000
100030  -34.108  29.892  41.861 0.0000000000
100038  -33.584  30.254  40.831 0.0000000000
100050  -37.761  30.326  39.063 0.0000000000
100077  -41.675  30.229  35.510 0.0000000000
100151  -45.329  30.941  30.689 0.0000000000
100179  -45.321  30.641  29.895 0.0000000000
100217  -42.129  29.957  25.499 0.0000000000
100228  -44.390  29.991  24.925 0.0000000000
100236  -44.327  29.831  24.104 0.0000000000
100251  -43.988  29.655  22.067 0.0000000000
100734  -36.263  31.596  45.220 0.0000000000
100753  -33.494  31.218  41.473 0.0000000000
100760  -33.408  30.742  40.904 0.0000000000
100766  -41.121  31.507  39.718 0.0000000000
100767  -41.930  31.955  40.092 0.0000000000
100769  -43.024  31.569  39.776 0.0000000000
100775  -37.009  31.034  38.145 0.0000000000
100778  -39.626  31.399  38.640 0.0000000000
100786  -37.312  31.560  37.564 0.0000000000
100787  -38.231  31.638  37.652 0.0000000000
100793  -35.956  31.944  36.956 0.0000000000
100866  -42.640  30.929  30.325 0.0000000000
100867  -45.190  31.833  30.807 0.0000000000
100883  -45.443  30.995  29.580 0.0000000000
100914  -40.099  31.753  26.883 0.0000000000
100916  -43.173  31.548  26.475 0.0000000000
100918  -44.660  30.193  26.960 0.0000000000
100973  -42.645  30.989  20.313 0.0000000000
101403  -35.024  31.867  43.630 0.0000000000
101457  -35.226  32.365  36.629 0.0000000000
101458  -36.189  32.335  36.433 0.0000000000
101461  -39.123  32.635  36.629 0.0000000000
101462  -40.003  32.732  36.818 0.0000000000
101468  -36.431  32.737  35.788 0.0000000000
101469  -37.196  32.842  35.753 0.0000000000
101475  -43.930  33.352  34.901 0.0000000000
101548  -45.268  31.266  29.184 0.0000000000
101562  -42.779  32.561  28.317 0.0000000000
101573  -39.383  32.149  26.887 0.0000000000
101616  -42.266  32.855  24.237 0.0000000000
101640  -42.210  32.683  20.965 0.0000000000
101642  -44.229  33.125  20.750 0.0000000000
101652  -42.137  31.819  20.678 0.0000000000
102089  -41.929  33.318  37.345 0.0000000000
102094  -33.347  33.455  36.717 0.0000000000
102095  -33.960  33.188  36.287 0.0000000000
102096  -34.740  32.982  36.040 0.0000000000
102100  -43.008  34.208  36.522 0.0000000000
102101  -43.177  34.132  36.319 0.0000000000
102104  -33.580  33.760  36.088 0.0000000000
102108  -37.467  33.430  35.335 0.0000000000
102109  -38.312  33.533  35.392 0.0000000000
102112  -41.556  34.112  35.645 0.0000000000
102117  -35.886  33.766  34.924 0.0000000000
102120  -39.305  34.302  34.783 0.0000000000
102134  -44.603  33.186  32.173 0.0000000000
102197  -41.398  33.600  28.703 0.0000000000
102260  -44.368  33.813  21.308 0.0000000000
102271  -44.352  33.580  20.856 0.0000000000
102702  -36.762  35.035  43.005 0.0000000000
102712  -36.536  35.216  42.104 0.0000000000
102748  -32.797  34.974  35.897 0.0000000000
102749  -33.481  34.421  35.617 0.0000000000
102751  -34.866  34.021  35.008 0.0000000000
102758  -33.726  34.870  34.901 0.0000000000
102759  -34.476  34.667  34.642 0.0000000000
102762  -37.216  34.459  34.347 0.0000000000
102773  -38.367  35.174  33.876 0.0000000000
102780  -41.002  34.716  31.698 0.0000000000
102818  -41.258  35.256  27.091 0.0000000000
102831  -42.870  35.345  25.217 0.0000000000
102844  -42.983  34.302  24.084 0.0000000000
102852  -44.201  34.861  22.811 0.0000000000
102877  -38.906  35.155  20.188 0.0000000000
102878  -39.175  34.805  20.757 0.0000000000
102879  -43.587  34.184  20.653 0.0000000000
102880  -44.082  34.215  20.633 0.0000000000
102881  -44.204  33.724  20.693 0.0000000000
102925  -40.011  34.084  16.092 0.0000000000
103348  -33.354  35.597  34.688 0.0000000000
103350  -40.182  35.336  33.967 0.0000000000
103351  -40.928  35.365  34.128 0.0000000000
103352  -41.662  35.378  34.050 0.0000000000
103355  -34.341  35.845  33.749 0.0000000000
103356  -35.262  35.667  33.561 0.0000000000
103365  -35.711  36.183  33.040 0.0000000000
103366  -36.592  35.986  32.985 0.0000000000
103368  -38.751  35.940  32.632 0.0000000000
103369  -39.488  35.710  32.674 0.0000000000
103371  -42.241  35.086  33.263 0.0000000000
103384  -39.638  35.945  29.918 0.0000000000
103442  -44.086  35.483  23.203 0.0000000000
103452  -39.685  36.128  21.908 0.0000000000
103464  -38.782  36.453  21.279 0.0000000000
103988  -38.051  36.328  32.178 0.0000000000
103998  -38.930  36.927  30.095 0.0000000000
104018  -43.169  37.114  27.292 0.0000000000
104035  -42.909  36.504  25.095 0.0000000000
104054  -42.621  36.648  24.115 0.0000000000
104068  -44.250  36.456  21.701 0.0000000000
104077  -41.623  36.134  21.620 0.0000000000
104079  -44.075  36.675  20.918 0.0000000000
104561  -33.811  37.499  33.245 0.0000000000
104567  -33.902  38.089  33.151 0.0000000000
104569  -35.033  37.713  32.239 0.0000000000
104570  -35.834  37.287  31.971 0.0000000000
104579  -37.916  37.088  31.050 0.0000000000
104587  -37.603  37.795  30.650 0.0000000000
104612  -41.978  37.436  26.352 0.0000000000
104613  -43.335  37.294  26.778 0.0000000000
104653  -39.674  36.969  22.125 0.0000000000
104654  -40.650  37.376  22.128 0.0000000000
105091  -33.472  38.087  33.620 0.0000000000
105094  -34.243  38.542  32.938 0.0000000000
105101  -36.726  38.755  31.143 0.0000000000
105109  -38.317  38.353  30.355 0.0000000000
105119  -43.114  39.474  29.052 0.0000000000
105122  -38.201  38.847  27.696 0.0000000000
105136  -37.897  38.747  26.796 0.0000000000
105150  -38.500  38.641  25.818 0.0000000000
105172  -40.740  38.049  24.066 0.0000000000
105200  -43.107  38.943  21.296 0.0000000000
105201  -43.851  38.058  21.144 0.0000000000
105581  -33.551  39.039  34.884 0.0000000000
105585  -33.582  38.848  33.965 0.0000000000
105588  -34.237  39.244  33.411 0.0000000000
105589  -34.925  39.687  33.016 0.0000000000
105603  -42.730  40.384  29.917 0.0000000000
105604  -42.801  40.652  29.781 0.0000000000
105614  -42.844  40.092  29.398 0.0000000000
105627  -43.084  39.487  28.818 0.0000000000
105668  -39.630  38.754  24.585 0.0000000000
105700  -38.895  39.508  22.325 0.0000000000
105701  -39.897  39.405  22.423 0.0000000000
105702  -41.136  39.487  22.132 0.0000000000
105703  -43.731  39.875  21.924 0.0000000000
105720  -43.692  39.999  21.844 0.0000000000
106168  -36.568  40.375  32.299 0.0000000000
106169  -37.856  41.127  32.298 0.0000000000
106170  -38.851  41.328  31.974 0.0000000000
106175  -39.096  40.737  31.452 0.0000000000
106184  -39.217  40.129  30.803 0.0000000000
106185  -40.593  40.094  30.583 0.0000000000
106186  -42.153  40.558  30.499 0.0000000000
106192  -31.506  40.806  29.643 0.0000000000
106194  -33.232  40.514  29.214 0.0000000000
106217  -41.627  40.456  28.905 0.0000000000
106226  -34.782  40.143  27.554 0.0000000000
106227  -35.235  40.084  26.952 0.0000000000
106239  -38.364  40.644  25.147 0.0000000000
106252  -43.106  41.540  23.183 0.0000000000
106266  -40.754  40.704  22.385 0.0000000000
106279  -42.821  40.274  21.518 0.0000000000
106281  -43.562  40.870  21.997 0.0000000000
106836  -29.501  41.877  30.136 0.0000000000
106847  -42.560  41.339  30.230 0.0000000000
106848  -42.903  40.956  29.927 0.0000000000
106857  -41.923  41.876  30.016 0.0000000000
106861  -30.600  41.804  28.754 0.0000000000
106863  -31.923  41.078  28.064 0.0000000000
106867  -32.283  41.479  27.511 0.0000000000
106868  -33.070  41.311  27.168 0.0000000000
106872  -34.351  41.243  26.488 0.0000000000
106876  -34.782  42.013  25.958 0.0000000000
106877  -35.438  41.479  25.901 0.0000000000
106878  -36.245  41.481  25.641 0.0000000000
106884  -39.983  41.318  24.580 0.0000000000
106890  -42.848  42.251  23.396 0.0000000000
106891  -43.356  41.999  22.834 0.0000000000
106898  -42.998  41.649  21.861 0.0000000000
106899  -43.246  41.586  22.018 0.0000000000
106904  -43.287  41.154  21.845 0.0000000000
107472  -30.165  42.252  29.075 0.0000000000
107477  -30.950  42.114  28.095 0.0000000000
107479  -30.854  42.930  27.835 0.0000000000
107489  -36.577  42.379  25.511 0.0000000000
107490  -37.314  42.728  25.383 0.0000000000
107495  -39.708  42.171  24.719 0.0000000000
107497  -41.603  42.681  24.352 0.0000000000
107498  -42.416  43.472  24.020 0.0000000000
107503  -40.977  43.589  22.900 0.0000000000
107506  -43.150  42.195  22.467 0.0000000000
108102  -31.995  43.117  27.022 0.0000000000
108118  -42.086  44.247  24.280 0.0000000000
108128  -41.928  44.629  23.055 0.0000000000
108129  -42.356  43.986  23.182 0.0000000000
108135  -42.034  43.950  22.760 0.0000000000
108723  -30.965  44.827  28.974 0.0000000000
108729  -31.625  44.449  27.741 0.0000000000
108730  -32.128  43.953  27.106 0.0000000000
108738  -35.184  44.495  25.626 0.0000000000
108742  -39.016  44.572  25.507 0.0000000000
108748  -41.668  45.035  24.360 0.0000000000
108749  -42.113  44.765  23.895 0.0000000000
108763  -41.571  45.004  23.404 0.0000000000
108764  -41.840  44.804  23.293 0.0000000000
108765  -42.111  44.609  23.330 0.0000000000
109443  -39.600  45.594  25.465 0.0000000000
109456  -41.346  45.901  24.493 0.0000000000
109458  -41.879  44.990  23.570 0.0000000000
109475  -41.072  45.934  23.624 0.0000000000
110049  -33.712  46.451  27.339 0.0000000000
110050  -34.299  46.750  26.962 0.0000000000
110083  -40.933  46.789  24.495 0.0000000000
110095  -40.676  47.052  23.883 0.0000000000
110671  -40.294  47.551  24.397 0.0000000000
118912  -34.050  40.355  27.972 0.0000000000
119360  -38.259  37.623  20.979 0.0000000000
119582  -33.985  40.342  28.719 0.0000000000
119890  -30.571  40.972  30.920 0.0000000000
119907  -39.578  31.110  18.269 0.0000000000
119948  -39.841  32.745  20.476 0.0000000000
120529  -37.386  40.367  31.686 0.0000000000
120615  -41.022  24.462  33.260 0.0000000000
120779  -40.462  36.963  29.121 0.0000000000
120797  -40.318  29.071  18.897 0.0000000000
121293  -39.969  31.332  25.015 0.0000000000
121342  -42.042  41.265  22.081 0.0000000000
121836  -38.881  34.734  34.337 0.0000000000
121961  -45.131  23.796  34.909 0.0000000000
122946  -34.024  35.317  34.319 0.0000000000
123232  -43.406  30.618  20.274 0.0000000000
123519  -43.104  37.337  23.099 0.0000000000
124209  -34.615  44.993  25.889 0.0000000000
124834  -39.157  27.660  36.557 0.0000000000
125253  -43.291  23.831  33.583 0.0000000000
125622  -44.033  28.831  24.089 0.0000000000
126021  -41.556  42.484  22.487 0.0000000000
126311  -34.611  31.623  37.721 0.0000000000
126626  -44.043  34.958  20.922 0.0000000000
127464  -40.399  45.868  23.463 0.0000000000
127567  -41.517  43.578  24.533 0.0000000000
128133  -33.634  41.485  26.695 0.0000000000
129814  -41.122  29.038  19.243 0.0000000000
129899  -36.395  45.229  25.597 0.0000000000
129948  -40.589  34.939  28.211 0.0000000000
130005  -37.298  35.812  33.008 0.0000000000
131755  -43.109  37.387  20.949 0.0000000000
132218  -44.287  31.611  34.442 0.0000000000
132580  -31.501  42.836  27.416 0.0000000000
133889  -41.888  31.027  31.754 0.0000000000
133924  -42.506  34.004  21.124 0.0000000000
135027  -35.230  42.965  25.707 0.0000000000
135348  -43.617  38.891  21.519 0.0000000000
135656  -35.978  39.589  32.053 0.0000000000
136009  -34.740  45.776  26.216 0.0000000000
136413  -43.263  29.067  21.002 0.0000000000
137748  -32.152  40.684  30.123 0.0000000000
137917  -36.069  30.853  38.237 0.0000000000
138506  -37.611  27.282  42.408 0.0000000000
138523  -44.277  29.300  26.224 0.0000000000
138582  -37.806  41.607  32.830 0.0000000000
138758  -43.920  36.566  20.791 0.0000000000
138987  -40.682  43.704  24.794 0.0000000000
139978  -44.887  32.518  30.876 0.0000000000
140813  -35.869  30.397  38.778 0.0000000000
140818  -42.996  23.309  35.472 0.0000000000
140913  -43.529  40.915  22.143 0.0000000000
141023  -41.212  22.706  34.946 0.0000000000
141436  -38.960  38.165  22.232 0.0000000000
141519  -34.897  41.338  26.199 0.0000000000
141568  -41.144  26.334  43.840 0.0000000000
141847  -39.688  26.623  42.766 0.0000000000
142034  -43.516  27.070  41.363 0.0000000000
142474  -42.836  35.155  34.144 0.0000000000
142686  -40.320  26.906  41.979 0.0000000000
143267  -38.566  39.899  25.151 0.0000000000
143327  -40.029  29.529  40.331 0.0000000000
143457  -41.122  34.944  32.264 0.0000000000
143768  -39.554  42.801  24.857 0.0000000000
