#!ascii label  , from subject sub-032304 vox2ras=TkReg
1154
38333  -8.253  -42.230  62.973 0.0000000000
52166  -28.437  -26.924  54.948 0.0000000000
58408  -25.501  -20.428  52.224 0.0000000000
50204  -22.872  -27.743  57.960 0.0000000000
66456  -33.665  -11.876  40.827 0.0000000000
59288  -30.964  -19.550  43.234 0.0000000000
53986  -29.644  -24.915  60.702 0.0000000000
48501  -26.193  -28.977  57.190 0.0000000000
126926  -40.953  -9.868  41.000 0.0000000000
72746  -42.515  -4.353  39.738 0.0000000000
120811  -43.381  -0.449  37.720 0.0000000000
60980  -30.766  -17.616  52.146 0.0000000000
59250  -26.967  -18.855  46.870 0.0000000000
61038  -33.388  -18.102  47.774 0.0000000000
61980  -35.999  -16.924  45.742 0.0000000000
134687  -16.651  -33.953  56.110 0.0000000000
133407  -6.298  -44.018  64.709 0.0000000000
55799  -26.641  -23.740  54.915 0.0000000000
59189  -29.538  -18.680  56.465 0.0000000000
47701  -18.027  -32.092  53.049 0.0000000000
51247  -21.711  -28.711  51.681 0.0000000000
74598  -39.899  -2.424  32.016 0.0000000000
77267  -44.413  0.645  33.489 0.0000000000
62910  -31.938  -15.600  42.906 0.0000000000
67369  -37.951  -10.676  45.144 0.0000000000
40886  -9.534  -40.553  58.986 0.0000000000
33893  -4.344  -48.579  61.702 0.0000000000
70222  -42.105  -7.643  39.905 0.0000000000
121931  -31.331  -17.415  50.147 0.0000000000
43459  -16.591  -37.022  54.108 0.0000000000
135185  -7.315  -42.972  64.181 0.0000000000
54040  -27.769  -26.139  53.226 0.0000000000
54024  -28.521  -25.731  55.691 0.0000000000
50226  -19.335  -28.800  56.289 0.0000000000
49398  -19.550  -29.718  52.163 0.0000000000
50252  -21.532  -28.256  54.904 0.0000000000
49368  -27.874  -28.451  56.152 0.0000000000
50263  -25.935  -29.322  53.342 0.0000000000
49390  -27.492  -29.368  53.412 0.0000000000
51163  -21.639  -27.124  60.249 0.0000000000
49332  -18.462  -29.529  57.560 0.0000000000
70230  -37.506  -7.493  37.269 0.0000000000
128332  -38.465  -3.603  34.026 0.0000000000
77257  -43.702  0.222  35.544 0.0000000000
59264  -28.970  -18.723  44.970 0.0000000000
60187  -31.874  -18.417  43.164 0.0000000000
64654  -36.001  -13.346  46.326 0.0000000000
42605  -13.801  -37.702  56.940 0.0000000000
42587  -12.509  -38.462  57.930 0.0000000000
119354  -11.566  -39.401  60.252 0.0000000000
40908  -10.848  -40.173  56.170 0.0000000000
34760  -5.291  -47.840  60.976 0.0000000000
53105  -29.270  -26.160  57.768 0.0000000000
139856  -28.729  -24.437  57.932 0.0000000000
56667  -29.440  -23.725  60.340 0.0000000000
51152  -25.979  -27.199  60.727 0.0000000000
49333  -24.214  -28.298  57.367 0.0000000000
50180  -27.120  -27.488  59.550 0.0000000000
50208  -28.085  -27.267  58.860 0.0000000000
67415  -37.299  -10.483  41.693 0.0000000000
123558  -39.232  -10.514  39.170 0.0000000000
129906  -39.100  -7.879  38.779 0.0000000000
72755  -39.159  -4.068  38.036 0.0000000000
74583  -40.305  -2.059  36.755 0.0000000000
74575  -42.963  -1.945  39.023 0.0000000000
59214  -27.737  -18.974  51.426 0.0000000000
59227  -26.227  -19.478  49.590 0.0000000000
137132  -28.648  -18.278  50.197 0.0000000000
61034  -29.318  -17.553  47.630 0.0000000000
60159  -31.595  -18.832  45.394 0.0000000000
60168  -33.541  -19.115  44.933 0.0000000000
60145  -35.102  -18.578  46.742 0.0000000000
45070  -16.371  -35.261  57.343 0.0000000000
42614  -15.095  -37.572  55.197 0.0000000000
77288  -43.024  0.435  29.279 0.0000000000
36466  -5.378  -44.310  64.783 0.0000000000
54046  -26.465  -25.211  52.233 0.0000000000
56722  -25.653  -22.442  53.831 0.0000000000
56692  -28.131  -23.667  57.616 0.0000000000
58373  -26.525  -20.845  56.292 0.0000000000
59197  -26.547  -19.753  54.323 0.0000000000
60072  -30.125  -18.342  54.162 0.0000000000
50261  -24.147  -28.747  53.996 0.0000000000
48494  -17.601  -31.220  58.211 0.0000000000
46803  -17.353  -33.178  54.675 0.0000000000
75510  -41.055  -0.901  34.765 0.0000000000
76386  -41.663  -0.583  33.267 0.0000000000
76401  -42.275  -0.038  30.916 0.0000000000
77276  -45.065  1.167  31.847 0.0000000000
38366  -7.523  -43.805  58.731 0.0000000000
37455  -6.759  -44.207  61.086 0.0000000000
64684  -32.267  -13.523  42.297 0.0000000000
62881  -33.897  -16.106  44.468 0.0000000000
65521  -34.635  -12.746  44.542 0.0000000000
67391  -36.103  -10.823  42.943 0.0000000000
67406  -39.273  -10.066  42.938 0.0000000000
40050  -9.205  -41.247  61.070 0.0000000000
36492  -6.006  -45.304  62.319 0.0000000000
35597  -4.833  -45.632  63.063 0.0000000000
35585  -3.792  -46.118  63.993 0.0000000000
128196  -7.700  -42.604  63.089 0.0000000000
52179  -28.362  -27.750  54.081 0.0000000000
53140  -28.076  -26.587  54.055 0.0000000000
128106  -28.487  -26.102  55.435 0.0000000000
50215  -20.506  -28.119  57.384 0.0000000000
50237  -20.401  -28.488  55.364 0.0000000000
138822  -22.369  -28.084  56.934 0.0000000000
51206  -28.322  -27.740  55.355 0.0000000000
49381  -27.542  -28.551  54.891 0.0000000000
50265  -28.305  -28.470  53.960 0.0000000000
136783  -28.082  -28.863  52.461 0.0000000000
51164  -22.860  -27.247  59.979 0.0000000000
51149  -22.383  -26.796  60.731 0.0000000000
51178  -22.423  -27.355  59.263 0.0000000000
139520  -19.865  -28.394  57.962 0.0000000000
73681  -37.929  -3.946  35.005 0.0000000000
57585  -24.648  -21.772  51.389 0.0000000000
140131  -24.566  -21.463  50.585 0.0000000000
59277  -29.377  -19.262  44.217 0.0000000000
58474  -29.126  -19.857  43.009 0.0000000000
59301  -31.142  -19.449  42.902 0.0000000000
42612  -13.447  -38.700  55.620 0.0000000000
42595  -13.102  -37.930  57.420 0.0000000000
41738  -11.967  -38.989  56.435 0.0000000000
41729  -11.907  -38.949  57.423 0.0000000000
41743  -11.583  -39.620  55.861 0.0000000000
128108  -29.142  -25.688  59.119 0.0000000000
127511  -29.210  -25.230  58.923 0.0000000000
54872  -29.568  -24.498  60.379 0.0000000000
51139  -26.980  -26.801  61.909 0.0000000000
51168  -26.332  -27.684  60.083 0.0000000000
51154  -27.282  -27.070  60.818 0.0000000000
53078  -29.631  -25.310  61.281 0.0000000000
51171  -28.672  -27.043  59.935 0.0000000000
52137  -29.192  -26.017  59.772 0.0000000000
51188  -28.718  -26.553  58.960 0.0000000000
132936  -39.129  -10.468  40.999 0.0000000000
67435  -39.029  -10.610  39.894 0.0000000000
67427  -40.503  -10.119  40.072 0.0000000000
71056  -41.802  -6.716  39.752 0.0000000000
70220  -40.257  -7.357  39.500 0.0000000000
71877  -40.448  -5.846  39.404 0.0000000000
71884  -39.588  -5.540  38.892 0.0000000000
72744  -40.931  -4.642  39.277 0.0000000000
73670  -40.666  -3.465  38.562 0.0000000000
73665  -42.641  -3.495  39.572 0.0000000000
60086  -29.010  -18.533  52.062 0.0000000000
59222  -28.224  -18.790  51.047 0.0000000000
125327  -28.993  -18.368  50.999 0.0000000000
61027  -32.679  -17.643  48.499 0.0000000000
61025  -30.639  -17.443  48.513 0.0000000000
61036  -31.362  -17.633  47.648 0.0000000000
60140  -30.908  -18.280  46.038 0.0000000000
60124  -32.090  -18.115  46.922 0.0000000000
59251  -33.357  -19.023  45.594 0.0000000000
60126  -34.038  -18.659  47.061 0.0000000000
46765  -16.851  -33.341  58.306 0.0000000000
123846  -16.737  -33.446  59.170 0.0000000000
45945  -16.566  -34.757  57.052 0.0000000000
43458  -15.990  -37.342  54.674 0.0000000000
77289  -43.963  1.296  29.950 0.0000000000
78236  -44.515  1.618  28.694 0.0000000000
36467  -6.002  -43.952  65.365 0.0000000000
54032  -27.292  -25.407  53.692 0.0000000000
54039  -27.181  -25.636  52.704 0.0000000000
54912  -26.504  -24.144  53.443 0.0000000000
55817  -26.065  -23.779  53.006 0.0000000000
55798  -26.459  -23.389  54.422 0.0000000000
56683  -28.608  -23.978  58.702 0.0000000000
55776  -28.427  -23.953  58.005 0.0000000000
56672  -28.315  -22.818  58.627 0.0000000000
59184  -28.204  -19.231  57.650 0.0000000000
58367  -26.990  -20.625  57.795 0.0000000000
59187  -27.251  -19.570  57.135 0.0000000000
59192  -26.647  -19.925  55.734 0.0000000000
59193  -28.025  -18.990  54.913 0.0000000000
59199  -28.446  -18.720  54.013 0.0000000000
60064  -30.080  -18.531  55.401 0.0000000000
50290  -20.314  -29.448  51.788 0.0000000000
49335  -25.101  -28.498  57.311 0.0000000000
49362  -24.322  -28.506  56.452 0.0000000000
49363  -24.660  -28.754  55.900 0.0000000000
124045  -25.014  -29.291  52.408 0.0000000000
49303  -18.381  -29.664  60.591 0.0000000000
48527  -17.996  -31.044  54.531 0.0000000000
48510  -17.767  -31.214  56.448 0.0000000000
46804  -17.756  -32.581  53.848 0.0000000000
129747  -17.690  -34.060  53.259 0.0000000000
135408  -41.722  -1.290  37.294 0.0000000000
74588  -40.100  -1.897  35.904 0.0000000000
76373  -41.891  -0.633  36.094 0.0000000000
77262  -44.429  0.590  34.330 0.0000000000
76388  -43.004  0.060  34.203 0.0000000000
76393  -42.966  0.230  33.260 0.0000000000
76397  -42.369  -0.197  31.836 0.0000000000
127796  -43.567  0.482  31.903 0.0000000000
77275  -43.717  0.755  31.201 0.0000000000
77271  -44.687  0.817  32.701 0.0000000000
59234  -26.362  -19.206  48.310 0.0000000000
58435  -25.299  -20.357  48.177 0.0000000000
62921  -31.808  -15.043  41.296 0.0000000000
63830  -31.938  -14.765  42.597 0.0000000000
61065  -34.879  -17.760  45.172 0.0000000000
61989  -33.896  -17.166  44.356 0.0000000000
61990  -35.357  -16.233  45.364 0.0000000000
65513  -36.906  -11.962  46.209 0.0000000000
64661  -35.144  -13.493  45.316 0.0000000000
65523  -36.135  -12.060  45.082 0.0000000000
65534  -34.939  -11.795  44.155 0.0000000000
67380  -37.014  -10.631  44.252 0.0000000000
67404  -37.709  -10.209  43.175 0.0000000000
67382  -38.507  -10.360  44.520 0.0000000000
41709  -10.811  -39.706  59.916 0.0000000000
40882  -10.358  -40.175  60.296 0.0000000000
40051  -10.004  -40.777  61.608 0.0000000000
40077  -9.014  -40.957  59.433 0.0000000000
40091  -8.334  -41.456  58.992 0.0000000000
40092  -8.973  -41.100  58.485 0.0000000000
35636  -6.470  -45.951  59.984 0.0000000000
36501  -6.400  -44.904  61.352 0.0000000000
35635  -6.166  -46.743  60.220 0.0000000000
34748  -4.578  -47.576  61.674 0.0000000000
35607  -5.008  -46.573  61.998 0.0000000000
34733  -4.206  -47.221  62.621 0.0000000000
35596  -4.005  -46.570  63.255 0.0000000000
34732  -3.611  -47.364  62.791 0.0000000000
51141  -28.880  -26.289  62.075 0.0000000000
68387  -42.533  -9.109  40.852 0.0000000000
68394  -41.384  -9.396  39.976 0.0000000000
70210  -43.372  -7.910  40.534 0.0000000000
60986  -30.702  -17.538  51.152 0.0000000000
131576  -16.942  -34.992  54.538 0.0000000000
142768  -16.573  -35.377  55.093 0.0000000000
130665  -7.978  -42.994  65.785 0.0000000000
36477  -6.680  -43.686  64.095 0.0000000000
53146  -27.965  -27.007  52.886 0.0000000000
54033  -27.779  -25.906  54.338 0.0000000000
134046  -27.619  -24.768  55.340 0.0000000000
60056  -30.976  -18.549  56.354 0.0000000000
128320  -18.499  -30.389  54.196 0.0000000000
49396  -18.542  -30.849  52.641 0.0000000000
49387  -18.962  -29.724  53.607 0.0000000000
50259  -20.140  -28.600  53.574 0.0000000000
51221  -21.743  -28.465  53.002 0.0000000000
119163  -27.103  -29.155  56.452 0.0000000000
49365  -25.886  -28.840  55.684 0.0000000000
49380  -26.809  -28.987  55.251 0.0000000000
49389  -26.904  -29.506  53.352 0.0000000000
50297  -27.533  -29.459  51.778 0.0000000000
51147  -20.458  -27.100  61.111 0.0000000000
50175  -18.670  -28.710  59.918 0.0000000000
50188  -19.387  -27.916  59.312 0.0000000000
49347  -18.560  -29.502  56.611 0.0000000000
69400  -37.829  -8.982  37.360 0.0000000000
74597  -39.232  -2.859  32.649 0.0000000000
77249  -44.487  0.451  37.536 0.0000000000
76375  -43.228  -0.247  36.850 0.0000000000
59263  -27.502  -18.891  45.364 0.0000000000
142041  -31.427  -18.160  42.038 0.0000000000
61088  -32.056  -17.485  43.085 0.0000000000
62869  -36.825  -15.196  47.004 0.0000000000
124726  -36.151  -15.140  45.736 0.0000000000
64651  -36.798  -13.463  47.095 0.0000000000
43423  -15.097  -36.740  57.648 0.0000000000
121665  -14.656  -37.346  58.185 0.0000000000
42570  -13.574  -38.191  60.361 0.0000000000
121925  -11.689  -39.010  59.361 0.0000000000
41718  -11.245  -39.340  58.696 0.0000000000
40899  -10.070  -40.212  57.513 0.0000000000
40118  -9.244  -41.622  56.791 0.0000000000
132192  -10.319  -40.930  56.356 0.0000000000
143597  -29.089  -26.292  56.340 0.0000000000
120801  -29.036  -25.884  56.441 0.0000000000
54890  -29.332  -25.270  58.089 0.0000000000
55770  -29.113  -24.303  59.327 0.0000000000
51180  -24.475  -27.599  59.181 0.0000000000
132773  -23.763  -28.012  57.858 0.0000000000
50192  -24.938  -27.783  58.585 0.0000000000
49311  -25.729  -28.018  58.445 0.0000000000
49323  -26.250  -28.278  58.268 0.0000000000
51156  -28.451  -26.795  60.931 0.0000000000
50197  -27.840  -27.358  59.271 0.0000000000
49325  -27.288  -28.363  57.992 0.0000000000
50219  -28.133  -28.136  57.367 0.0000000000
51193  -28.850  -26.662  57.510 0.0000000000
52124  -25.453  -26.660  61.435 0.0000000000
138966  -35.711  -10.752  41.487 0.0000000000
66466  -35.435  -11.360  40.050 0.0000000000
66467  -37.026  -11.026  40.060 0.0000000000
66475  -37.615  -11.113  39.189 0.0000000000
67445  -38.813  -10.487  38.619 0.0000000000
68393  -40.700  -9.487  39.549 0.0000000000
69394  -39.863  -9.031  38.912 0.0000000000
69392  -38.658  -9.013  37.986 0.0000000000
70224  -37.889  -7.326  38.040 0.0000000000
71887  -37.684  -5.791  37.478 0.0000000000
72758  -38.111  -4.217  36.819 0.0000000000
73678  -38.467  -3.495  36.361 0.0000000000
73675  -39.433  -3.287  37.675 0.0000000000
74579  -41.048  -2.052  38.059 0.0000000000
75491  -42.571  -1.614  38.342 0.0000000000
74570  -44.350  -2.168  40.013 0.0000000000
76366  -44.458  -0.407  38.920 0.0000000000
59209  -26.992  -19.190  51.969 0.0000000000
58426  -25.904  -19.698  50.882 0.0000000000
59220  -26.644  -19.404  50.371 0.0000000000
59228  -27.096  -18.999  49.804 0.0000000000
60110  -27.711  -18.311  48.439 0.0000000000
61011  -29.930  -17.601  49.436 0.0000000000
60111  -28.717  -17.687  48.534 0.0000000000
60121  -28.432  -17.966  47.683 0.0000000000
60139  -29.405  -18.143  46.238 0.0000000000
60157  -29.741  -18.519  45.526 0.0000000000
59266  -31.330  -19.114  44.781 0.0000000000
126854  -32.180  -19.331  44.339 0.0000000000
59268  -32.947  -19.366  45.024 0.0000000000
59269  -34.106  -19.005  45.547 0.0000000000
61056  -36.086  -17.748  46.152 0.0000000000
61048  -36.870  -17.624  47.190 0.0000000000
61973  -36.758  -16.710  46.740 0.0000000000
45057  -16.136  -35.185  58.258 0.0000000000
45088  -16.411  -35.856  56.163 0.0000000000
139871  -16.178  -36.123  56.433 0.0000000000
44275  -15.695  -36.215  57.116 0.0000000000
43430  -14.572  -37.491  56.309 0.0000000000
56737  -25.053  -22.778  52.256 0.0000000000
57581  -25.135  -21.287  52.655 0.0000000000
54899  -28.724  -25.017  56.972 0.0000000000
55793  -28.024  -24.399  56.656 0.0000000000
56701  -27.197  -23.630  56.274 0.0000000000
56681  -27.313  -22.641  57.360 0.0000000000
56700  -26.693  -23.309  55.720 0.0000000000
57569  -25.884  -21.703  55.135 0.0000000000
58390  -25.932  -20.641  54.683 0.0000000000
58399  -26.231  -19.904  53.477 0.0000000000
134137  -27.917  -18.918  53.172 0.0000000000
60079  -29.145  -18.392  52.851 0.0000000000
60088  -29.980  -17.866  52.730 0.0000000000
60065  -31.073  -18.490  55.344 0.0000000000
60082  -31.301  -17.890  53.979 0.0000000000
50228  -23.182  -28.279  56.619 0.0000000000
120054  -22.898  -28.086  54.906 0.0000000000
51222  -22.667  -28.583  53.122 0.0000000000
132819  -24.791  -28.982  53.790 0.0000000000
50273  -23.667  -28.981  52.185 0.0000000000
136081  -17.364  -32.070  59.308 0.0000000000
47671  -17.305  -32.472  57.022 0.0000000000
49331  -17.928  -30.403  57.912 0.0000000000
47672  -17.512  -31.981  56.505 0.0000000000
46794  -17.024  -33.455  55.650 0.0000000000
45982  -17.268  -34.878  53.625 0.0000000000
74586  -38.756  -2.784  35.009 0.0000000000
74592  -39.293  -2.409  34.454 0.0000000000
75513  -40.364  -1.483  33.378 0.0000000000
76378  -42.540  -0.405  35.569 0.0000000000
75514  -41.049  -1.000  33.791 0.0000000000
75517  -40.515  -1.743  32.446 0.0000000000
140647  -41.058  -1.045  31.044 0.0000000000
126270  -41.194  -1.018  30.394 0.0000000000
76400  -41.563  -0.805  29.797 0.0000000000
136642  -42.727  0.313  29.805 0.0000000000
77279  -43.630  0.936  30.476 0.0000000000
39204  -7.927  -42.525  61.142 0.0000000000
38338  -7.571  -43.081  61.684 0.0000000000
139167  -6.893  -44.261  60.223 0.0000000000
58424  -24.824  -20.743  49.381 0.0000000000
65546  -33.067  -12.328  41.389 0.0000000000
137118  -32.273  -19.057  43.873 0.0000000000
62000  -32.543  -16.998  43.494 0.0000000000
62895  -33.122  -15.415  44.103 0.0000000000
63799  -35.669  -14.495  45.664 0.0000000000
63805  -34.173  -14.637  44.731 0.0000000000
63817  -32.987  -14.455  43.829 0.0000000000
64674  -33.180  -13.541  43.463 0.0000000000
65540  -33.911  -11.770  42.788 0.0000000000
67413  -35.118  -10.831  41.837 0.0000000000
67403  -36.635  -10.504  42.355 0.0000000000
128590  -37.953  -10.356  42.308 0.0000000000
67418  -40.698  -10.259  41.965 0.0000000000
125121  -8.963  -41.645  63.612 0.0000000000
40039  -9.282  -41.385  62.093 0.0000000000
39193  -8.513  -41.782  61.491 0.0000000000
39212  -7.977  -42.021  59.641 0.0000000000
38367  -7.900  -43.234  58.164 0.0000000000
37448  -6.702  -44.163  61.737 0.0000000000
37429  -6.729  -43.756  63.347 0.0000000000
36476  -6.290  -44.523  64.023 0.0000000000
35617  -6.028  -46.265  61.062 0.0000000000
122590  -5.534  -45.730  62.604 0.0000000000
35588  -5.970  -44.725  64.288 0.0000000000
35587  -5.236  -45.029  63.670 0.0000000000
35576  -4.154  -45.447  64.116 0.0000000000
33892  -4.061  -48.414  61.964 0.0000000000
35606  -3.217  -47.286  62.722 0.0000000000
38332  -7.720  -42.725  62.396 0.0000000000
53128  -28.296  -26.493  54.977 0.0000000000
53129  -28.740  -26.344  55.584 0.0000000000
50203  -21.861  -27.518  58.096 0.0000000000
121906  -21.226  -28.087  56.701 0.0000000000
139107  -22.726  -27.784  57.655 0.0000000000
51215  -28.665  -27.246  55.495 0.0000000000
50255  -28.081  -28.222  54.619 0.0000000000
51214  -28.284  -27.724  54.724 0.0000000000
51179  -23.508  -27.506  59.192 0.0000000000
50189  -22.024  -27.426  58.586 0.0000000000
50202  -20.813  -28.006  58.141 0.0000000000
72760  -37.599  -4.658  35.279 0.0000000000
57586  -24.983  -21.112  51.859 0.0000000000
57590  -24.814  -20.966  51.147 0.0000000000
120761  -30.229  -19.344  43.820 0.0000000000
129338  -29.515  -19.547  43.583 0.0000000000
129663  -30.042  -19.736  43.108 0.0000000000
59300  -30.237  -19.679  42.388 0.0000000000
41745  -12.825  -39.377  55.412 0.0000000000
42603  -12.700  -38.794  56.164 0.0000000000
41744  -12.182  -39.281  55.809 0.0000000000
129924  -29.410  -25.563  60.004 0.0000000000
53992  -29.488  -25.121  59.807 0.0000000000
120877  -27.558  -26.509  62.692 0.0000000000
51140  -27.668  -26.754  61.684 0.0000000000
129925  -29.641  -25.160  60.933 0.0000000000
134422  -29.436  -25.572  60.291 0.0000000000
139843  -29.188  -25.887  59.577 0.0000000000
52096  -26.947  -26.330  63.030 0.0000000000
127300  -40.096  -10.100  41.051 0.0000000000
67426  -39.765  -10.428  40.223 0.0000000000
71879  -41.838  -5.717  39.702 0.0000000000
129669  -41.195  -6.030  39.622 0.0000000000
71878  -41.074  -5.315  39.487 0.0000000000
71885  -40.369  -5.007  39.134 0.0000000000
72745  -41.671  -4.699  39.581 0.0000000000
73664  -41.846  -3.746  39.424 0.0000000000
60087  -29.458  -18.270  52.156 0.0000000000
60092  -29.216  -18.343  51.579 0.0000000000
60093  -29.884  -17.980  51.829 0.0000000000
61026  -31.661  -17.516  48.489 0.0000000000
61037  -32.382  -17.854  47.706 0.0000000000
60125  -33.090  -18.499  47.017 0.0000000000
46773  -16.932  -33.289  57.352 0.0000000000
45946  -16.656  -34.033  56.774 0.0000000000
45084  -16.668  -34.716  56.188 0.0000000000
78224  -44.702  1.539  29.475 0.0000000000
78223  -43.907  1.317  29.168 0.0000000000
36468  -6.809  -43.497  65.498 0.0000000000
36459  -6.615  -43.475  65.866 0.0000000000
35579  -6.126  -43.933  65.021 0.0000000000
54905  -26.998  -24.382  54.772 0.0000000000
54913  -26.936  -24.612  53.971 0.0000000000
55807  -26.636  -23.862  54.227 0.0000000000
56673  -28.634  -23.388  59.082 0.0000000000
57542  -28.623  -22.549  59.442 0.0000000000
59185  -29.196  -18.836  57.272 0.0000000000
59188  -28.455  -18.966  56.563 0.0000000000
118914  -27.557  -19.360  55.898 0.0000000000
131765  -28.499  -18.848  55.587 0.0000000000
60054  -29.334  -18.642  55.801 0.0000000000
47706  -18.299  -32.440  52.364 0.0000000000
49351  -25.475  -28.744  56.860 0.0000000000
123168  -24.867  -28.568  56.776 0.0000000000
49350  -25.035  -28.739  56.416 0.0000000000
134660  -17.897  -31.642  53.869 0.0000000000
127833  -18.018  -33.096  52.934 0.0000000000
125294  -40.243  -2.367  31.202 0.0000000000
75495  -42.331  -1.232  37.627 0.0000000000
75501  -42.078  -0.819  36.919 0.0000000000
76369  -42.733  -0.640  37.300 0.0000000000
77266  -43.700  0.410  33.791 0.0000000000
77270  -42.971  0.275  32.334 0.0000000000
119122  -43.770  0.555  32.790 0.0000000000
59240  -26.327  -19.223  47.362 0.0000000000
59249  -26.303  -19.346  46.471 0.0000000000
124537  -31.762  -16.164  42.373 0.0000000000
62036  -31.701  -16.754  41.711 0.0000000000
62909  -31.684  -15.307  42.123 0.0000000000
125805  -35.342  -17.104  45.263 0.0000000000
66431  -37.402  -11.231  45.692 0.0000000000
66430  -36.720  -11.556  45.503 0.0000000000
66441  -36.477  -11.125  44.754 0.0000000000
66442  -37.159  -10.833  45.064 0.0000000000
67381  -37.751  -10.494  44.480 0.0000000000
40887  -10.105  -40.030  59.472 0.0000000000
40078  -9.576  -40.447  59.860 0.0000000000
35618  -6.341  -45.773  60.915 0.0000000000
34747  -3.904  -47.992  62.331 0.0000000000
60988  -32.475  -17.185  51.254 0.0000000000
131967  -17.276  -36.167  53.697 0.0000000000
37430  -8.316  -42.466  64.826 0.0000000000
37421  -8.666  -42.645  65.566 0.0000000000
120764  -7.914  -42.821  65.088 0.0000000000
36478  -7.365  -43.352  64.911 0.0000000000
52190  -28.406  -27.902  52.482 0.0000000000
53127  -28.044  -26.077  54.875 0.0000000000
54906  -27.941  -25.547  55.171 0.0000000000
140371  -28.126  -25.175  55.731 0.0000000000
49376  -18.955  -29.661  54.634 0.0000000000
50236  -19.506  -28.898  54.997 0.0000000000
50238  -21.351  -28.287  55.893 0.0000000000
50251  -20.325  -28.519  54.496 0.0000000000
51212  -21.136  -28.343  53.811 0.0000000000
126945  -27.441  -28.898  56.425 0.0000000000
49366  -26.952  -29.119  55.957 0.0000000000
140586  -27.108  -28.884  55.267 0.0000000000
50264  -28.028  -28.984  54.036 0.0000000000
49391  -27.332  -29.049  54.414 0.0000000000
50277  -27.343  -29.614  52.669 0.0000000000
50278  -27.708  -29.427  52.582 0.0000000000
52121  -22.623  -26.564  61.619 0.0000000000
51148  -21.608  -26.812  61.351 0.0000000000
51162  -20.399  -27.486  60.182 0.0000000000
51176  -20.185  -27.627  59.534 0.0000000000
50214  -19.270  -28.683  57.201 0.0000000000
49361  -18.783  -29.410  55.617 0.0000000000
49375  -18.346  -30.306  55.066 0.0000000000
121673  -37.474  -8.286  37.014 0.0000000000
60156  -28.232  -18.513  45.589 0.0000000000
120841  -28.054  -18.805  44.862 0.0000000000
129604  -31.358  -18.812  42.424 0.0000000000
61087  -31.720  -17.938  42.501 0.0000000000
63792  -36.891  -14.273  47.335 0.0000000000
63797  -36.539  -14.431  46.827 0.0000000000
66416  -38.274  -11.191  46.305 0.0000000000
43422  -14.443  -37.141  57.220 0.0000000000
42596  -13.928  -37.700  57.804 0.0000000000
42588  -13.268  -38.098  58.388 0.0000000000
42580  -13.482  -38.176  59.385 0.0000000000
41711  -12.939  -38.491  60.001 0.0000000000
42579  -12.486  -38.559  59.086 0.0000000000
41737  -11.372  -39.442  56.802 0.0000000000
41728  -11.320  -39.355  57.784 0.0000000000
41736  -10.688  -39.788  57.141 0.0000000000
41727  -10.645  -39.663  58.107 0.0000000000
131060  -10.216  -40.347  56.734 0.0000000000
52154  -29.131  -26.031  57.059 0.0000000000
53112  -29.142  -25.923  57.078 0.0000000000
138527  -29.360  -25.990  57.892 0.0000000000
55763  -29.469  -24.134  59.981 0.0000000000
55762  -29.245  -23.923  59.680 0.0000000000
51166  -24.806  -27.404  59.860 0.0000000000
50177  -25.279  -27.690  59.240 0.0000000000
50179  -26.575  -27.672  59.493 0.0000000000
50178  -25.939  -27.836  59.483 0.0000000000
50194  -26.016  -27.764  59.057 0.0000000000
49312  -26.281  -27.933  58.661 0.0000000000
50195  -26.667  -27.683  59.028 0.0000000000
52125  -29.343  -25.892  62.214 0.0000000000
122411  -28.735  -26.849  59.690 0.0000000000
50183  -28.360  -27.121  59.480 0.0000000000
50206  -27.437  -27.763  58.712 0.0000000000
50207  -27.807  -28.045  58.101 0.0000000000
140887  -29.233  -26.132  58.309 0.0000000000
133972  -28.667  -26.968  58.089 0.0000000000
52146  -29.141  -26.248  57.620 0.0000000000
52153  -28.929  -26.414  56.965 0.0000000000
51138  -26.269  -26.757  61.619 0.0000000000
51151  -25.145  -26.976  60.604 0.0000000000
51165  -23.884  -27.088  59.825 0.0000000000
67414  -36.384  -10.614  41.540 0.0000000000
67424  -36.129  -10.994  40.664 0.0000000000
124064  -36.873  -10.675  40.931 0.0000000000
67434  -38.012  -10.717  39.939 0.0000000000
66476  -38.478  -10.762  39.181 0.0000000000
69383  -42.378  -8.289  40.122 0.0000000000
134600  -41.259  -8.955  39.684 0.0000000000
69380  -39.825  -8.179  39.226 0.0000000000
69393  -39.234  -8.627  38.631 0.0000000000
122595  -38.483  -8.031  38.303 0.0000000000
70225  -38.619  -7.220  38.529 0.0000000000
72748  -38.874  -4.878  38.387 0.0000000000
71883  -38.705  -5.675  38.468 0.0000000000
71888  -38.180  -5.307  37.985 0.0000000000
72753  -37.782  -4.960  37.259 0.0000000000
72754  -38.419  -4.495  37.664 0.0000000000
73674  -38.686  -3.685  37.275 0.0000000000
74573  -41.559  -2.484  38.518 0.0000000000
74572  -40.882  -2.740  38.267 0.0000000000
74574  -42.281  -2.226  38.725 0.0000000000
75490  -41.767  -1.762  38.008 0.0000000000
75492  -43.133  -1.402  38.694 0.0000000000
76357  -44.163  -0.960  39.279 0.0000000000
59213  -26.893  -19.421  51.154 0.0000000000
60097  -28.571  -18.536  50.811 0.0000000000
60096  -27.962  -18.576  50.249 0.0000000000
60103  -27.561  -18.475  49.382 0.0000000000
60104  -28.197  -18.075  49.314 0.0000000000
60998  -30.257  -17.590  50.283 0.0000000000
61012  -30.945  -17.463  49.370 0.0000000000
61035  -30.326  -17.470  47.596 0.0000000000
61024  -29.611  -17.431  48.493 0.0000000000
60122  -29.087  -17.823  46.948 0.0000000000
60138  -28.465  -18.178  46.522 0.0000000000
126699  -30.165  -18.336  46.000 0.0000000000
60158  -30.674  -18.637  45.387 0.0000000000
59267  -32.156  -19.399  44.917 0.0000000000
60160  -32.500  -18.980  45.463 0.0000000000
59252  -34.027  -19.155  45.854 0.0000000000
59253  -34.573  -18.860  46.110 0.0000000000
60161  -34.895  -18.472  45.748 0.0000000000
142524  -35.191  -18.530  46.356 0.0000000000
61039  -37.519  -17.905  47.880 0.0000000000
139935  -37.188  -17.133  47.299 0.0000000000
62864  -37.478  -15.802  47.532 0.0000000000
45936  -16.396  -34.647  57.928 0.0000000000
45928  -16.402  -34.686  58.959 0.0000000000
44302  -16.534  -36.354  54.563 0.0000000000
44292  -16.407  -35.932  55.284 0.0000000000
43442  -15.951  -36.914  55.600 0.0000000000
44291  -16.247  -36.344  55.852 0.0000000000
44290  -15.849  -36.525  56.310 0.0000000000
126231  -15.419  -37.073  56.075 0.0000000000
43431  -15.079  -36.727  56.786 0.0000000000
36457  -4.921  -43.928  65.163 0.0000000000
138144  -26.894  -25.750  51.909 0.0000000000
54927  -25.955  -24.682  51.670 0.0000000000
55805  -25.810  -23.183  53.428 0.0000000000
55816  -25.493  -23.306  52.625 0.0000000000
56738  -25.263  -22.379  52.952 0.0000000000
57575  -25.340  -21.473  53.475 0.0000000000
54889  -28.997  -24.847  57.612 0.0000000000
54016  -28.798  -25.555  56.216 0.0000000000
142440  -28.821  -24.786  57.433 0.0000000000
55785  -28.308  -24.139  57.405 0.0000000000
55784  -27.792  -23.899  56.887 0.0000000000
55792  -27.401  -24.023  56.100 0.0000000000
56691  -27.540  -23.371  57.133 0.0000000000
121064  -26.755  -20.217  56.987 0.0000000000
57558  -26.878  -21.592  57.044 0.0000000000
56690  -26.845  -22.885  56.598 0.0000000000
56699  -26.497  -22.649  55.997 0.0000000000
119310  -26.371  -22.671  55.345 0.0000000000
57564  -26.276  -21.793  55.811 0.0000000000
59191  -26.430  -20.052  55.069 0.0000000000
142919  -26.007  -20.198  54.108 0.0000000000
58389  -25.614  -20.660  53.899 0.0000000000
59204  -27.084  -19.386  52.820 0.0000000000
123585  -27.052  -19.398  53.580 0.0000000000
60071  -29.324  -18.435  53.869 0.0000000000
59205  -28.711  -18.556  53.218 0.0000000000
60080  -29.742  -18.179  53.292 0.0000000000
121393  -31.290  -18.529  55.916 0.0000000000
130155  -30.788  -18.617  55.717 0.0000000000
49397  -18.805  -30.091  52.529 0.0000000000
48540  -18.776  -30.824  51.936 0.0000000000
135209  -19.271  -30.338  51.845 0.0000000000
50218  -23.864  -28.297  57.131 0.0000000000
50229  -23.890  -28.358  56.841 0.0000000000
50240  -24.237  -28.546  55.854 0.0000000000
50239  -23.442  -28.312  55.794 0.0000000000
50253  -23.850  -28.451  54.959 0.0000000000
50260  -23.213  -28.462  54.034 0.0000000000
122642  -23.539  -28.782  53.137 0.0000000000
49378  -25.597  -28.935  55.075 0.0000000000
50254  -25.276  -29.049  54.224 0.0000000000
48487  -17.539  -31.391  59.109 0.0000000000
47653  -17.357  -31.941  58.526 0.0000000000
47664  -17.463  -31.827  57.676 0.0000000000
49319  -18.348  -29.661  58.549 0.0000000000
47683  -17.506  -31.898  55.810 0.0000000000
47691  -17.329  -32.608  55.403 0.0000000000
47682  -17.239  -32.596  56.160 0.0000000000
45981  -17.289  -34.139  54.149 0.0000000000
73679  -39.134  -3.020  36.796 0.0000000000
74581  -38.870  -2.804  35.883 0.0000000000
74582  -39.618  -2.418  36.324 0.0000000000
75505  -40.488  -1.464  35.300 0.0000000000
138636  -40.059  -1.915  35.329 0.0000000000
75504  -39.940  -1.914  34.772 0.0000000000
75508  -39.735  -1.923  33.894 0.0000000000
75509  -40.419  -1.425  34.305 0.0000000000
77253  -43.736  0.182  36.406 0.0000000000
76379  -43.204  -0.247  35.952 0.0000000000
76384  -43.073  -0.041  35.107 0.0000000000
76387  -42.345  -0.212  33.724 0.0000000000
76382  -41.696  -0.555  34.228 0.0000000000
75518  -40.976  -0.972  32.840 0.0000000000
75521  -41.073  -1.282  31.835 0.0000000000
76391  -41.693  -0.631  32.306 0.0000000000
76396  -41.603  -0.589  31.256 0.0000000000
134276  -41.755  -0.491  30.459 0.0000000000
76405  -42.164  -0.190  29.958 0.0000000000
77278  -42.958  0.462  30.543 0.0000000000
136211  -44.442  1.094  31.310 0.0000000000
77280  -44.247  1.213  30.687 0.0000000000
78204  -45.032  1.339  30.943 0.0000000000
121271  -7.711  -42.698  60.232 0.0000000000
135371  -7.333  -43.434  60.852 0.0000000000
38356  -7.347  -43.576  59.795 0.0000000000
123422  -25.785  -19.671  50.161 0.0000000000
59219  -25.399  -19.973  49.517 0.0000000000
64683  -31.808  -13.897  41.795 0.0000000000
64690  -32.139  -13.402  41.440 0.0000000000
65545  -32.468  -12.818  41.094 0.0000000000
65538  -32.623  -12.861  41.893 0.0000000000
60167  -32.695  -19.236  44.617 0.0000000000
60177  -33.019  -18.663  44.273 0.0000000000
61074  -33.190  -17.623  44.015 0.0000000000
62001  -33.240  -16.534  43.941 0.0000000000
63796  -36.255  -14.519  46.140 0.0000000000
64660  -34.391  -13.741  44.740 0.0000000000
63804  -33.515  -14.729  44.365 0.0000000000
64659  -33.642  -14.005  44.291 0.0000000000
64675  -33.952  -13.151  44.017 0.0000000000
66446  -35.475  -11.171  43.574 0.0000000000
66445  -34.666  -11.463  43.213 0.0000000000
66450  -34.437  -11.235  42.316 0.0000000000
66451  -35.248  -10.961  42.646 0.0000000000
67402  -35.811  -10.617  42.094 0.0000000000
67405  -38.451  -10.020  43.054 0.0000000000
126393  -38.777  -10.306  42.099 0.0000000000
135113  -40.041  -10.220  42.747 0.0000000000
39205  -8.453  -41.849  60.498 0.0000000000
39225  -8.332  -42.717  57.545 0.0000000000
39218  -7.907  -42.226  58.594 0.0000000000
37449  -7.120  -43.679  61.521 0.0000000000
37443  -7.281  -43.418  62.228 0.0000000000
36493  -6.301  -44.777  61.997 0.0000000000
36486  -6.298  -44.647  62.718 0.0000000000
123632  -6.389  -44.375  63.470 0.0000000000
120843  -5.853  -48.190  60.591 0.0000000000
34761  -5.747  -47.210  60.517 0.0000000000
35598  -5.657  -45.075  63.341 0.0000000000
36475  -3.904  -45.559  64.228 0.0000000000
33900  -3.769  -48.720  61.505 0.0000000000
34746  -3.691  -47.982  62.285 0.0000000000
38325  -7.905  -42.440  63.977 0.0000000000
52178  -28.278  -27.445  53.462 0.0000000000
53141  -28.301  -27.044  54.342 0.0000000000
138511  -20.091  -28.311  56.704 0.0000000000
134494  -19.589  -28.753  55.700 0.0000000000
50227  -20.324  -28.439  56.105 0.0000000000
119664  -22.113  -28.181  56.397 0.0000000000
50243  -28.320  -28.027  56.095 0.0000000000
50242  -27.908  -28.218  55.442 0.0000000000
121353  -27.863  -28.889  53.221 0.0000000000
51223  -28.257  -28.268  53.054 0.0000000000
52122  -23.666  -26.539  61.400 0.0000000000
52131  -23.249  -26.777  60.641 0.0000000000
51177  -21.220  -27.377  59.380 0.0000000000
120600  -20.719  -27.605  58.797 0.0000000000
71065  -37.385  -6.797  36.491 0.0000000000
72764  -38.205  -3.939  34.366 0.0000000000
56751  -24.776  -22.657  51.588 0.0000000000
59276  -28.445  -19.347  44.333 0.0000000000
119929  -28.754  -19.688  43.662 0.0000000000
136346  -31.573  -19.011  43.322 0.0000000000
42604  -13.273  -38.267  56.593 0.0000000000
42594  -12.495  -38.435  56.986 0.0000000000
40917  -11.582  -40.491  55.584 0.0000000000
53098  -29.215  -26.100  58.345 0.0000000000
53998  -29.308  -25.743  58.232 0.0000000000
55756  -29.564  -23.976  60.819 0.0000000000
51167  -25.617  -27.755  60.012 0.0000000000
51153  -26.739  -27.105  60.800 0.0000000000
50169  -27.491  -27.371  60.106 0.0000000000
51157  -29.270  -26.146  61.145 0.0000000000
52132  -29.418  -25.763  60.660 0.0000000000
51172  -29.075  -26.442  60.115 0.0000000000
51182  -28.825  -26.596  59.471 0.0000000000
51187  -28.578  -26.856  58.695 0.0000000000
125195  -28.993  -26.184  58.772 0.0000000000
67416  -38.183  -10.477  41.395 0.0000000000
67425  -37.600  -10.598  40.750 0.0000000000
135307  -38.361  -10.558  40.584 0.0000000000
67436  -39.827  -10.357  39.512 0.0000000000
70221  -41.239  -7.468  39.710 0.0000000000
71055  -40.786  -6.637  39.614 0.0000000000
71054  -39.870  -6.506  39.323 0.0000000000
71060  -39.041  -6.428  38.740 0.0000000000
72749  -39.719  -4.536  38.655 0.0000000000
73669  -39.861  -3.670  38.396 0.0000000000
72750  -40.435  -4.202  38.907 0.0000000000
73672  -42.014  -2.912  39.199 0.0000000000
74568  -42.776  -2.679  39.333 0.0000000000
59215  -28.381  -18.664  51.709 0.0000000000
60091  -28.723  -18.555  51.361 0.0000000000
142315  -28.836  -18.339  50.652 0.0000000000
61013  -31.958  -17.365  49.284 0.0000000000
61046  -30.023  -17.881  46.715 0.0000000000
60123  -31.090  -17.808  46.806 0.0000000000
60141  -31.847  -18.333  46.096 0.0000000000
60142  -32.771  -18.622  46.204 0.0000000000
60143  -33.713  -18.923  46.309 0.0000000000
60144  -34.401  -18.827  46.458 0.0000000000
47642  -17.302  -32.571  59.972 0.0000000000
45937  -16.602  -34.035  57.649 0.0000000000
138046  -43.488  0.964  29.458 0.0000000000
77298  -43.409  0.751  28.780 0.0000000000
78235  -43.817  1.180  28.302 0.0000000000
54921  -26.743  -24.900  53.107 0.0000000000
54920  -26.253  -24.398  52.598 0.0000000000
55806  -26.350  -23.588  53.795 0.0000000000
56723  -26.134  -23.074  54.024 0.0000000000
56682  -28.384  -23.508  58.297 0.0000000000
126215  -27.864  -22.978  57.927 0.0000000000
59183  -27.520  -19.892  58.137 0.0000000000
136047  -26.832  -19.828  56.447 0.0000000000
126494  -27.067  -19.480  55.031 0.0000000000
59198  -27.521  -19.185  54.159 0.0000000000
60063  -29.114  -18.686  54.885 0.0000000000
141247  -29.844  -18.462  54.730 0.0000000000
60067  -32.275  -18.022  55.836 0.0000000000
50270  -19.970  -29.013  52.652 0.0000000000
49334  -24.600  -28.462  57.032 0.0000000000
49348  -24.260  -28.424  56.864 0.0000000000
50241  -24.611  -28.725  54.901 0.0000000000
50262  -25.126  -29.297  53.202 0.0000000000
49318  -17.904  -30.588  58.879 0.0000000000
49360  -18.045  -30.230  56.013 0.0000000000
49346  -18.237  -30.413  56.999 0.0000000000
48520  -17.822  -31.102  55.449 0.0000000000
47692  -17.551  -31.982  54.798 0.0000000000
46815  -17.613  -33.423  53.772 0.0000000000
132352  -18.123  -33.880  52.338 0.0000000000
75494  -40.990  -1.608  37.301 0.0000000000
75499  -40.665  -1.376  36.300 0.0000000000
75500  -41.371  -1.034  36.615 0.0000000000
75506  -41.080  -0.791  35.751 0.0000000000
77261  -43.665  0.313  34.689 0.0000000000
76392  -42.365  -0.222  32.775 0.0000000000
77274  -42.949  0.350  31.440 0.0000000000
121513  -44.236  0.727  31.925 0.0000000000
137122  -7.621  -43.947  57.805 0.0000000000
37476  -7.404  -44.570  58.111 0.0000000000
139443  -26.540  -19.268  49.086 0.0000000000
59226  -25.764  -19.711  48.755 0.0000000000
59233  -25.774  -19.725  47.807 0.0000000000
59239  -25.779  -19.787  46.905 0.0000000000
122921  -31.748  -15.911  41.488 0.0000000000
63829  -31.705  -14.484  41.871 0.0000000000
60169  -34.284  -18.545  45.077 0.0000000000
61063  -33.775  -18.241  44.518 0.0000000000
61064  -34.374  -17.752  44.697 0.0000000000
131776  -34.701  -16.811  44.781 0.0000000000
62882  -34.592  -15.552  45.037 0.0000000000
65512  -36.253  -12.413  45.997 0.0000000000
64653  -35.733  -13.764  45.880 0.0000000000
65511  -35.656  -12.872  45.713 0.0000000000
65522  -35.460  -12.419  44.847 0.0000000000
66440  -35.785  -11.521  44.394 0.0000000000
66447  -36.255  -10.861  43.889 0.0000000000
67392  -36.943  -10.497  43.281 0.0000000000
67394  -38.144  -10.165  43.815 0.0000000000
67395  -38.950  -10.134  43.812 0.0000000000
142870  -11.188  -39.401  59.479 0.0000000000
40883  -11.136  -39.899  60.747 0.0000000000
40876  -10.662  -40.358  61.176 0.0000000000
40064  -9.803  -40.633  60.692 0.0000000000
126936  -9.032  -41.013  60.219 0.0000000000
137463  -8.545  -41.428  59.800 0.0000000000
40105  -8.590  -41.873  57.978 0.0000000000
39226  -8.726  -42.150  56.955 0.0000000000
133598  -6.520  -45.034  60.597 0.0000000000
36500  -6.149  -45.484  61.613 0.0000000000
34749  -5.376  -46.808  61.179 0.0000000000
143469  -4.644  -46.332  62.684 0.0000000000
127497  -28.270  -26.523  62.406 0.0000000000
53070  -29.779  -25.222  62.217 0.0000000000
126834  -41.661  -9.811  40.946 0.0000000000
67428  -41.217  -9.668  40.404 0.0000000000
67429  -41.890  -9.422  40.584 0.0000000000
68395  -42.110  -8.949  40.126 0.0000000000
71880  -42.509  -5.257  39.874 0.0000000000
139770  -43.108  -4.869  39.947 0.0000000000
60987  -31.626  -17.436  51.604 0.0000000000
60999  -31.838  -17.329  50.784 0.0000000000
61000  -32.293  -17.207  49.999 0.0000000000
61014  -32.953  -17.449  49.296 0.0000000000
60112  -34.440  -18.178  47.842 0.0000000000
134281  -16.808  -34.272  55.665 0.0000000000
130355  -16.795  -34.842  55.418 0.0000000000
45096  -16.731  -35.831  54.450 0.0000000000
135974  -7.277  -43.304  65.430 0.0000000000
119496  -6.731  -43.713  64.773 0.0000000000
54914  -27.407  -25.130  54.584 0.0000000000
55800  -27.113  -24.099  55.460 0.0000000000
60055  -30.317  -18.627  56.036 0.0000000000
137133  -18.162  -30.961  53.831 0.0000000000
48534  -18.282  -31.297  53.195 0.0000000000
49386  -18.497  -30.527  53.333 0.0000000000
123750  -19.271  -29.441  52.842 0.0000000000
50250  -19.510  -29.016  54.151 0.0000000000
50258  -19.520  -29.098  53.392 0.0000000000
50271  -20.685  -28.851  52.147 0.0000000000
51234  -21.376  -28.605  52.159 0.0000000000
139100  -26.086  -28.933  56.537 0.0000000000
48511  -25.618  -28.829  56.222 0.0000000000
48521  -26.393  -28.893  55.996 0.0000000000
140616  -26.369  -28.913  55.580 0.0000000000
49388  -26.169  -29.235  54.208 0.0000000000
49379  -26.909  -29.260  54.243 0.0000000000
50276  -26.473  -29.524  52.593 0.0000000000
50168  -19.556  -28.145  61.021 0.0000000000
50176  -19.371  -27.985  60.090 0.0000000000
50187  -18.826  -28.855  59.052 0.0000000000
50201  -18.904  -28.710  58.138 0.0000000000
133132  -19.696  -28.145  58.614 0.0000000000
68415  -38.240  -10.244  37.230 0.0000000000
76370  -44.051  -0.087  38.125 0.0000000000
77248  -43.781  0.134  37.265 0.0000000000
131338  -44.263  0.459  36.810 0.0000000000
77268  -45.083  0.871  33.449 0.0000000000
60137  -27.602  -18.573  46.259 0.0000000000
119050  -26.917  -19.084  45.972 0.0000000000
59262  -26.920  -19.420  45.252 0.0000000000
62017  -31.979  -16.494  43.066 0.0000000000
62868  -36.684  -15.765  46.510 0.0000000000
62874  -36.460  -15.434  46.017 0.0000000000
124727  -36.561  -15.100  46.428 0.0000000000
129613  -36.399  -13.777  46.648 0.0000000000
65508  -36.541  -12.878  46.600 0.0000000000
66415  -37.625  -11.576  46.295 0.0000000000
66432  -38.127  -10.882  45.752 0.0000000000
67370  -38.748  -10.470  45.136 0.0000000000
42589  -14.187  -37.817  58.753 0.0000000000
41719  -11.857  -38.963  58.387 0.0000000000
41717  -10.666  -39.665  59.063 0.0000000000
40892  -10.051  -40.105  58.536 0.0000000000
40891  -9.470  -40.674  57.926 0.0000000000
40898  -9.579  -40.861  56.865 0.0000000000
40119  -9.828  -41.593  56.419 0.0000000000
52167  -29.118  -26.722  55.911 0.0000000000
53118  -29.089  -26.109  56.264 0.0000000000
54006  -29.039  -25.650  57.079 0.0000000000
54882  -29.117  -24.758  58.218 0.0000000000
54883  -29.119  -24.770  58.827 0.0000000000
55777  -28.839  -24.394  58.745 0.0000000000
55769  -28.856  -24.084  59.188 0.0000000000
50190  -23.154  -27.683  58.504 0.0000000000
50191  -24.083  -27.804  58.486 0.0000000000
50205  -24.558  -28.087  57.963 0.0000000000
50193  -25.519  -27.752  58.871 0.0000000000
49310  -25.131  -27.988  58.212 0.0000000000
49321  -25.415  -28.314  57.917 0.0000000000
49322  -25.869  -28.297  58.166 0.0000000000
122331  -26.083  -28.582  57.816 0.0000000000
127934  -28.197  -26.688  61.569 0.0000000000
51155  -27.812  -27.108  60.802 0.0000000000
50170  -28.006  -27.397  60.168 0.0000000000
131305  -28.856  -26.662  60.559 0.0000000000
51170  -28.467  -27.163  60.176 0.0000000000
50181  -27.595  -27.426  59.590 0.0000000000
49313  -26.819  -27.849  58.754 0.0000000000
49324  -26.963  -28.389  58.117 0.0000000000
49337  -26.388  -28.653  57.709 0.0000000000
49352  -26.811  -29.162  57.026 0.0000000000
49353  -27.259  -29.085  56.901 0.0000000000
49354  -27.766  -28.625  56.801 0.0000000000
50220  -28.335  -27.483  58.112 0.0000000000
50231  -28.553  -27.528  57.268 0.0000000000
50230  -28.298  -28.141  56.666 0.0000000000
51207  -28.771  -27.503  55.964 0.0000000000
52160  -29.098  -27.034  56.140 0.0000000000
52123  -24.588  -26.558  61.336 0.0000000000
51150  -24.247  -26.731  60.530 0.0000000000
66458  -35.238  -11.180  40.895 0.0000000000
66465  -34.388  -11.517  40.181 0.0000000000
119503  -36.176  -11.273  39.772 0.0000000000
67438  -40.822  -9.735  39.834 0.0000000000
67437  -40.332  -10.002  39.384 0.0000000000
68405  -40.105  -9.603  39.074 0.0000000000
125191  -40.801  -8.219  39.543 0.0000000000
67446  -39.648  -10.166  38.849 0.0000000000
68404  -39.443  -9.455  38.578 0.0000000000
68403  -38.967  -9.959  38.204 0.0000000000
68411  -38.376  -9.761  37.581 0.0000000000
70231  -37.920  -8.178  37.695 0.0000000000
71059  -38.116  -6.333  38.200 0.0000000000
71061  -37.583  -6.645  37.485 0.0000000000
133180  -37.401  -6.147  36.912 0.0000000000
71890  -37.501  -5.540  36.693 0.0000000000
72757  -37.697  -4.829  36.277 0.0000000000
72761  -37.905  -4.049  35.863 0.0000000000
74577  -39.839  -2.639  37.219 0.0000000000
73676  -40.124  -2.916  38.059 0.0000000000
74578  -40.522  -2.316  37.624 0.0000000000
75496  -42.969  -1.066  38.041 0.0000000000
73666  -43.380  -3.200  39.734 0.0000000000
74569  -43.506  -2.385  39.580 0.0000000000
76356  -43.620  -0.769  38.665 0.0000000000
77236  -44.804  0.261  38.437 0.0000000000
58418  -26.145  -19.777  51.710 0.0000000000
58417  -25.359  -20.361  51.394 0.0000000000
59221  -27.543  -19.093  50.681 0.0000000000
59235  -26.982  -18.714  48.858 0.0000000000
59241  -26.958  -18.671  47.854 0.0000000000
60099  -29.595  -17.863  51.082 0.0000000000
60098  -29.264  -17.966  50.345 0.0000000000
60105  -28.992  -17.729  49.433 0.0000000000
143137  -28.196  -17.967  48.510 0.0000000000
60120  -27.685  -18.406  47.267 0.0000000000
126220  -28.949  -18.329  45.746 0.0000000000
59265  -30.186  -18.904  44.678 0.0000000000
59278  -31.039  -19.145  44.066 0.0000000000
59279  -31.885  -19.375  44.455 0.0000000000
59280  -32.360  -19.370  44.728 0.0000000000
140572  -33.630  -19.093  45.342 0.0000000000
61055  -35.522  -17.756  45.683 0.0000000000
60127  -34.951  -18.538  47.238 0.0000000000
60129  -36.891  -18.112  47.875 0.0000000000
127670  -36.492  -18.139  47.487 0.0000000000
129638  -35.833  -18.285  46.880 0.0000000000
60146  -36.413  -18.020  46.846 0.0000000000
61047  -36.452  -17.302  46.409 0.0000000000
61981  -36.500  -16.302  46.086 0.0000000000
124728  -37.299  -14.919  47.479 0.0000000000
45089  -16.589  -35.388  55.823 0.0000000000
45083  -16.521  -35.354  56.560 0.0000000000
43443  -16.276  -36.638  55.050 0.0000000000
44276  -16.270  -35.773  56.851 0.0000000000
42623  -14.514  -38.491  54.635 0.0000000000
42613  -14.265  -38.214  55.514 0.0000000000
138444  -13.916  -38.141  56.242 0.0000000000
78237  -45.320  1.959  29.028 0.0000000000
78245  -44.329  1.602  27.791 0.0000000000
55826  -25.203  -23.390  51.786 0.0000000000
57580  -24.814  -21.992  52.175 0.0000000000
54025  -28.910  -25.972  55.890 0.0000000000
54898  -28.468  -25.057  56.327 0.0000000000
55794  -28.548  -24.633  57.145 0.0000000000
54897  -27.726  -24.591  55.990 0.0000000000
55791  -26.818  -23.707  55.458 0.0000000000
57550  -27.333  -21.918  57.841 0.0000000000
56711  -26.553  -23.314  55.008 0.0000000000
56710  -26.049  -22.638  54.605 0.0000000000
58381  -26.150  -20.777  55.507 0.0000000000
57568  -25.572  -21.583  54.338 0.0000000000
58398  -25.608  -20.553  53.044 0.0000000000
58409  -26.233  -19.827  52.550 0.0000000000
59210  -27.817  -18.821  52.208 0.0000000000
59211  -28.541  -18.618  52.457 0.0000000000
134531  -29.431  -18.259  52.605 0.0000000000
124530  -30.493  -18.482  55.046 0.0000000000
60066  -31.642  -18.280  55.631 0.0000000000
60073  -30.815  -18.300  54.529 0.0000000000
60081  -30.481  -18.100  53.621 0.0000000000
60089  -30.997  -17.820  53.058 0.0000000000
50217  -23.184  -28.099  57.194 0.0000000000
119245  -22.442  -28.213  55.780 0.0000000000
118798  -23.944  -28.400  56.427 0.0000000000
51213  -22.270  -28.235  53.963 0.0000000000
51235  -22.185  -28.567  52.087 0.0000000000
49364  -25.108  -28.937  55.913 0.0000000000
49377  -25.035  -28.849  55.235 0.0000000000
50274  -24.438  -29.126  52.959 0.0000000000
50272  -22.915  -28.902  51.600 0.0000000000
128780  -17.549  -31.768  59.983 0.0000000000
47663  -17.198  -32.602  57.971 0.0000000000
46783  -16.919  -33.296  56.497 0.0000000000
49309  -18.217  -29.820  59.640 0.0000000000
48500  -17.759  -31.143  57.361 0.0000000000
45969  -17.149  -34.205  55.062 0.0000000000
136556  -17.098  -35.547  53.935 0.0000000000
73682  -38.365  -3.391  35.461 0.0000000000
73684  -38.396  -3.412  34.670 0.0000000000
74587  -39.544  -2.283  35.377 0.0000000000
74591  -38.735  -2.995  34.163 0.0000000000
74595  -39.203  -2.615  33.572 0.0000000000
75512  -39.777  -2.144  33.002 0.0000000000
76374  -42.635  -0.509  36.453 0.0000000000
76377  -41.756  -0.559  35.178 0.0000000000
76383  -42.402  -0.289  34.665 0.0000000000
138962  -40.560  -1.923  31.722 0.0000000000
75520  -40.653  -1.563  30.870 0.0000000000
74603  -40.868  -1.723  30.101 0.0000000000
121977  -42.399  -0.190  29.144 0.0000000000
123617  -43.292  0.760  29.930 0.0000000000
78212  -44.893  1.406  30.185 0.0000000000
78213  -45.772  1.550  30.389 0.0000000000
39192  -8.061  -42.237  62.063 0.0000000000
37463  -7.078  -44.406  59.155 0.0000000000
36511  -6.701  -45.163  59.566 0.0000000000
58425  -24.991  -20.389  50.387 0.0000000000
57589  -24.549  -21.241  49.868 0.0000000000
58451  -26.321  -19.658  45.668 0.0000000000
59289  -31.634  -19.216  43.763 0.0000000000
61073  -32.506  -18.088  43.622 0.0000000000
62894  -32.483  -15.969  43.485 0.0000000000
62883  -35.497  -15.294  45.474 0.0000000000
63806  -34.876  -14.550  45.254 0.0000000000
122956  -33.843  -15.277  44.550 0.0000000000
125733  -32.395  -15.034  43.379 0.0000000000
64673  -32.431  -14.110  42.974 0.0000000000
142658  -32.657  -13.512  42.870 0.0000000000
64685  -32.867  -13.029  42.723 0.0000000000
65533  -34.269  -12.259  43.666 0.0000000000
65532  -33.574  -12.644  43.209 0.0000000000
65539  -33.310  -12.362  42.329 0.0000000000
66449  -33.722  -11.707  41.883 0.0000000000
66457  -34.456  -11.400  41.327 0.0000000000
138266  -37.310  -10.366  42.564 0.0000000000
67417  -39.651  -10.239  41.958 0.0000000000
67383  -39.323  -10.274  44.488 0.0000000000
39179  -8.763  -41.770  62.703 0.0000000000
39180  -9.604  -41.331  63.134 0.0000000000
38357  -7.630  -42.898  59.203 0.0000000000
40106  -9.047  -41.381  57.440 0.0000000000
37436  -7.235  -43.158  63.181 0.0000000000
37442  -6.697  -44.044  62.433 0.0000000000
125004  -5.814  -46.009  61.828 0.0000000000
36485  -6.001  -44.982  63.026 0.0000000000
35578  -5.692  -44.573  64.513 0.0000000000
35586  -4.362  -45.586  63.613 0.0000000000
35577  -4.880  -44.847  64.032 0.0000000000
36465  -4.457  -44.656  64.311 0.0000000000
33119  -4.255  -49.080  61.482 0.0000000000
35595  -3.429  -46.685  63.197 0.0000000000
40129  -10.531  -41.614  56.061 0.0000000000
44258  -15.899  -35.674  57.694 0.0000000000
45929  -16.557  -34.012  58.639 0.0000000000
48512  -26.700  -29.124  56.512 0.0000000000
49320  -24.856  -28.326  57.618 0.0000000000
49336  -25.650  -28.568  57.626 0.0000000000
49338  -26.903  -28.746  57.486 0.0000000000
49339  -27.483  -28.503  57.437 0.0000000000
49349  -24.635  -28.601  56.474 0.0000000000
49367  -27.366  -28.792  55.815 0.0000000000
50182  -28.185  -27.330  59.737 0.0000000000
50196  -27.369  -27.515  59.166 0.0000000000
50216  -21.831  -27.760  57.459 0.0000000000
50244  -28.611  -27.708  56.472 0.0000000000
51127  -28.773  -26.340  63.071 0.0000000000
51169  -26.979  -27.343  60.065 0.0000000000
51181  -28.560  -26.830  59.261 0.0000000000
51194  -28.935  -26.498  58.404 0.0000000000
51200  -28.818  -27.169  56.645 0.0000000000
51220  -20.804  -28.536  52.860 0.0000000000
52141  -28.960  -26.173  59.245 0.0000000000
54007  -29.309  -25.867  57.615 0.0000000000
54877  -29.365  -24.647  59.537 0.0000000000
57557  -26.551  -22.048  56.378 0.0000000000
60147  -37.068  -18.028  47.757 0.0000000000
61974  -37.048  -16.213  47.100 0.0000000000
62873  -36.115  -15.859  45.671 0.0000000000
67393  -37.522  -10.355  43.793 0.0000000000
69381  -40.461  -8.992  39.283 0.0000000000
69382  -41.691  -8.282  39.801 0.0000000000
70209  -42.775  -7.838  40.243 0.0000000000
70219  -39.420  -7.269  39.080 0.0000000000
72751  -41.113  -3.984  39.176 0.0000000000
73671  -41.344  -3.234  38.807 0.0000000000
121959  -27.134  -27.543  59.249 0.0000000000
124310  -24.806  -26.470  62.254 0.0000000000
125505  -26.304  -29.011  55.041 0.0000000000
127528  -31.916  -14.116  42.297 0.0000000000
131667  -23.501  -28.087  57.480 0.0000000000
133261  -29.010  -26.035  59.107 0.0000000000
134662  -25.252  -20.358  48.863 0.0000000000
134685  -17.634  -31.752  56.990 0.0000000000
136587  -29.950  -24.954  62.384 0.0000000000
140537  -44.788  0.716  33.856 0.0000000000
140847  -35.705  -18.205  46.247 0.0000000000
141120  -29.274  -25.490  57.624 0.0000000000
141348  -29.225  -25.779  59.527 0.0000000000
142479  -23.002  -28.748  52.451 0.0000000000
142609  -8.540  -41.730  62.096 0.0000000000
