#!ascii label  , from subject sub-032304 vox2ras=TkReg
940
50323  -31.886  -28.927  50.653 0.0000000000
41794  -19.576  -39.036  51.452 0.0000000000
121237  -24.971  -33.391  50.740 0.0000000000
72760  -37.599  -4.658  35.279 0.0000000000
74609  -42.091  -2.649  28.315 0.0000000000
40918  -12.947  -40.191  54.905 0.0000000000
67454  -38.393  -10.501  37.864 0.0000000000
54057  -31.828  -25.010  50.164 0.0000000000
47738  -29.502  -32.469  50.950 0.0000000000
40933  -16.621  -40.541  53.348 0.0000000000
128396  -17.852  -44.836  56.353 0.0000000000
51257  -28.512  -28.621  49.914 0.0000000000
54064  -26.968  -26.271  49.117 0.0000000000
46007  -21.913  -34.168  51.353 0.0000000000
49410  -26.071  -29.796  50.898 0.0000000000
60223  -33.436  -18.094  39.305 0.0000000000
63867  -36.373  -14.888  37.308 0.0000000000
65606  -40.428  -12.291  34.075 0.0000000000
36563  -9.502  -45.290  57.299 0.0000000000
34788  -6.600  -47.561  59.386 0.0000000000
55895  -26.247  -23.622  46.555 0.0000000000
55934  -28.702  -23.777  43.143 0.0000000000
56850  -31.462  -22.343  40.456 0.0000000000
37494  -13.618  -44.727  57.165 0.0000000000
40935  -21.275  -41.250  53.210 0.0000000000
42625  -22.209  -39.238  54.205 0.0000000000
49412  -30.820  -30.771  50.950 0.0000000000
45115  -17.620  -36.257  53.150 0.0000000000
132130  -18.157  -39.211  52.197 0.0000000000
39267  -18.622  -42.412  53.475 0.0000000000
52190  -28.406  -27.902  52.482 0.0000000000
50320  -27.650  -29.519  50.548 0.0000000000
63841  -32.468  -14.580  39.991 0.0000000000
62948  -34.685  -15.328  39.369 0.0000000000
65565  -34.128  -12.704  38.413 0.0000000000
132599  -38.013  -10.936  35.637 0.0000000000
69416  -38.267  -8.183  34.546 0.0000000000
68440  -40.926  -9.590  33.543 0.0000000000
71087  -39.144  -6.843  33.742 0.0000000000
71927  -39.526  -5.239  31.774 0.0000000000
126126  -24.822  -23.313  50.957 0.0000000000
132244  -25.804  -24.863  48.578 0.0000000000
56777  -24.404  -22.452  48.316 0.0000000000
57624  -26.503  -21.070  44.222 0.0000000000
57643  -28.475  -21.350  42.653 0.0000000000
55970  -30.440  -23.328  41.451 0.0000000000
58492  -29.981  -20.553  41.296 0.0000000000
126533  -31.534  -18.773  40.475 0.0000000000
47722  -23.282  -33.582  51.734 0.0000000000
39236  -10.285  -42.405  56.156 0.0000000000
38393  -12.567  -42.657  55.752 0.0000000000
33132  -7.324  -49.872  60.271 0.0000000000
32325  -6.026  -50.814  61.430 0.0000000000
66474  -36.644  -11.345  39.110 0.0000000000
55854  -31.421  -22.882  49.822 0.0000000000
46866  -27.377  -33.274  49.970 0.0000000000
40925  -14.449  -40.127  54.155 0.0000000000
39246  -15.223  -42.582  55.207 0.0000000000
39257  -16.588  -42.689  54.493 0.0000000000
75539  -42.957  -1.502  26.971 0.0000000000
50339  -30.311  -29.430  48.809 0.0000000000
52223  -30.239  -27.283  47.970 0.0000000000
52204  -28.305  -27.349  49.620 0.0000000000
127575  -18.261  -35.274  51.585 0.0000000000
44336  -21.098  -36.357  50.722 0.0000000000
46860  -19.709  -33.632  50.456 0.0000000000
138783  -20.964  -31.848  50.667 0.0000000000
48566  -22.676  -31.405  50.121 0.0000000000
50318  -24.364  -29.424  50.836 0.0000000000
48573  -24.984  -31.623  49.242 0.0000000000
130334  -27.636  -31.681  48.979 0.0000000000
49441  -29.050  -30.567  48.767 0.0000000000
58506  -34.787  -21.164  39.839 0.0000000000
65575  -36.732  -12.325  36.901 0.0000000000
63890  -37.876  -14.098  35.682 0.0000000000
72795  -40.940  -4.883  30.059 0.0000000000
35671  -7.464  -46.311  58.125 0.0000000000
33145  -8.717  -49.254  59.838 0.0000000000
125752  -29.578  -26.049  48.240 0.0000000000
54962  -28.873  -24.482  47.957 0.0000000000
55883  -29.355  -23.553  47.461 0.0000000000
57606  -25.155  -21.672  46.343 0.0000000000
55904  -27.149  -23.799  45.272 0.0000000000
54983  -30.764  -24.529  46.156 0.0000000000
120746  -31.738  -25.121  43.884 0.0000000000
55065  -32.556  -24.578  42.563 0.0000000000
56836  -33.886  -22.789  40.976 0.0000000000
140649  -32.878  -19.948  39.421 0.0000000000
61116  -32.120  -17.245  40.371 0.0000000000
43474  -22.454  -36.843  53.577 0.0000000000
39225  -8.332  -42.717  57.545 0.0000000000
37492  -11.093  -44.849  57.111 0.0000000000
37514  -15.017  -44.210  56.731 0.0000000000
31564  -4.791  -51.161  61.457 0.0000000000
41783  -20.695  -40.059  52.110 0.0000000000
40936  -21.538  -40.524  53.554 0.0000000000
41796  -21.200  -39.426  52.036 0.0000000000
50299  -31.641  -29.645  51.048 0.0000000000
133529  -18.246  -37.040  51.928 0.0000000000
42653  -17.816  -38.326  52.430 0.0000000000
41781  -18.914  -39.383  51.720 0.0000000000
40946  -19.158  -40.673  52.339 0.0000000000
65551  -32.831  -12.503  40.392 0.0000000000
64702  -32.972  -13.501  39.411 0.0000000000
65560  -33.758  -12.246  39.064 0.0000000000
127384  -37.399  -6.071  36.318 0.0000000000
70241  -37.398  -8.007  35.530 0.0000000000
71076  -37.756  -6.803  34.805 0.0000000000
70247  -39.065  -7.838  34.271 0.0000000000
71897  -37.945  -6.072  34.340 0.0000000000
143318  -38.477  -4.904  33.120 0.0000000000
55851  -24.586  -23.135  50.072 0.0000000000
119929  -28.754  -19.688  43.662 0.0000000000
58491  -29.425  -20.812  41.793 0.0000000000
59300  -30.237  -19.679  42.388 0.0000000000
59317  -30.761  -19.302  41.661 0.0000000000
46847  -24.027  -33.514  51.544 0.0000000000
46831  -24.187  -34.026  52.536 0.0000000000
46832  -25.086  -34.424  52.592 0.0000000000
137881  -11.652  -41.237  55.517 0.0000000000
40131  -12.354  -40.897  55.114 0.0000000000
73713  -42.380  -3.451  28.196 0.0000000000
32336  -6.975  -50.438  60.823 0.0000000000
54058  -32.524  -25.637  50.624 0.0000000000
54936  -31.160  -23.447  49.918 0.0000000000
142922  -28.415  -33.212  50.560 0.0000000000
47707  -29.732  -32.794  51.878 0.0000000000
42638  -16.257  -38.470  53.349 0.0000000000
136089  -15.401  -38.243  54.084 0.0000000000
42623  -14.514  -38.491  54.635 0.0000000000
40926  -15.207  -40.134  53.721 0.0000000000
40153  -15.803  -41.079  53.717 0.0000000000
40154  -16.727  -41.478  53.633 0.0000000000
39248  -20.752  -42.979  55.358 0.0000000000
38407  -19.191  -43.581  54.699 0.0000000000
50352  -29.299  -28.913  48.739 0.0000000000
51282  -29.260  -28.037  48.493 0.0000000000
52205  -28.591  -27.871  49.806 0.0000000000
132352  -18.123  -33.880  52.338 0.0000000000
46017  -18.590  -34.391  51.068 0.0000000000
47718  -18.624  -32.313  51.666 0.0000000000
49422  -20.485  -30.759  51.046 0.0000000000
49423  -21.170  -30.454  50.741 0.0000000000
48565  -21.775  -31.094  50.564 0.0000000000
50316  -22.353  -29.637  50.547 0.0000000000
122968  -26.034  -29.713  51.923 0.0000000000
50319  -25.043  -29.891  50.426 0.0000000000
49426  -24.856  -30.394  49.745 0.0000000000
49427  -25.663  -30.377  49.882 0.0000000000
47746  -26.352  -32.234  49.131 0.0000000000
128470  -26.894  -30.825  49.375 0.0000000000
50321  -28.210  -29.214  50.201 0.0000000000
126738  -28.446  -30.353  48.787 0.0000000000
50337  -28.704  -29.420  48.928 0.0000000000
49442  -29.714  -30.014  48.813 0.0000000000
121588  -34.080  -19.621  39.332 0.0000000000
59333  -35.731  -19.818  39.955 0.0000000000
60225  -35.269  -18.095  39.411 0.0000000000
62966  -35.541  -14.998  38.198 0.0000000000
62066  -36.238  -15.834  39.663 0.0000000000
126205  -37.547  -11.401  37.817 0.0000000000
119517  -36.832  -11.778  37.648 0.0000000000
66495  -37.423  -11.615  37.120 0.0000000000
66522  -39.208  -11.629  34.254 0.0000000000
65598  -38.195  -12.579  35.171 0.0000000000
64750  -39.243  -13.149  34.588 0.0000000000
63892  -39.633  -14.187  35.504 0.0000000000
71936  -40.563  -5.365  30.725 0.0000000000
73694  -39.834  -3.667  30.962 0.0000000000
72802  -40.690  -4.079  29.801 0.0000000000
37488  -7.919  -44.512  57.476 0.0000000000
37476  -7.404  -44.570  58.111 0.0000000000
35683  -8.229  -45.926  57.676 0.0000000000
33924  -10.135  -48.541  59.954 0.0000000000
33126  -9.568  -49.547  61.231 0.0000000000
53177  -28.247  -26.943  48.585 0.0000000000
53178  -28.958  -26.504  48.360 0.0000000000
127557  -28.008  -26.177  48.391 0.0000000000
54970  -26.539  -24.292  47.521 0.0000000000
54972  -28.015  -24.496  47.711 0.0000000000
54971  -27.426  -24.259  47.336 0.0000000000
55868  -29.588  -23.596  48.299 0.0000000000
55882  -27.896  -23.804  46.949 0.0000000000
137865  -25.864  -19.893  46.164 0.0000000000
56809  -27.502  -22.291  43.311 0.0000000000
128344  -26.367  -22.240  44.444 0.0000000000
55919  -27.651  -23.746  44.483 0.0000000000
137519  -28.670  -24.226  45.794 0.0000000000
55002  -29.312  -24.647  44.987 0.0000000000
55004  -30.896  -25.127  45.194 0.0000000000
55048  -30.408  -24.903  43.622 0.0000000000
55989  -30.907  -22.841  40.869 0.0000000000
55079  -31.469  -24.124  41.781 0.0000000000
55971  -31.891  -23.684  41.342 0.0000000000
55973  -33.307  -23.386  41.365 0.0000000000
56852  -33.043  -22.777  40.636 0.0000000000
57678  -33.359  -21.618  39.869 0.0000000000
57686  -31.865  -21.095  39.815 0.0000000000
61104  -31.561  -17.604  41.798 0.0000000000
60212  -31.764  -18.028  40.510 0.0000000000
122921  -31.748  -15.911  41.488 0.0000000000
136405  -21.553  -35.587  50.827 0.0000000000
44318  -21.841  -36.966  51.963 0.0000000000
128437  -22.254  -35.311  52.085 0.0000000000
38380  -11.500  -43.489  56.278 0.0000000000
38379  -10.603  -43.439  56.372 0.0000000000
127338  -11.896  -44.599  56.977 0.0000000000
132153  -15.960  -43.476  55.641 0.0000000000
38384  -15.494  -43.866  56.127 0.0000000000
127784  -16.627  -44.598  56.521 0.0000000000
39249  -21.306  -42.267  55.301 0.0000000000
40133  -21.633  -41.293  55.879 0.0000000000
137203  -22.212  -39.886  55.479 0.0000000000
41755  -22.506  -39.332  55.000 0.0000000000
141984  -30.430  -31.276  50.473 0.0000000000
47724  -30.102  -32.057  51.590 0.0000000000
44309  -16.970  -36.548  53.924 0.0000000000
42639  -17.188  -37.885  52.801 0.0000000000
41765  -16.940  -39.899  52.831 0.0000000000
138543  -17.187  -41.136  53.329 0.0000000000
40167  -18.687  -41.385  52.629 0.0000000000
123552  -20.148  -41.972  53.166 0.0000000000
51248  -28.287  -28.671  51.070 0.0000000000
53155  -27.889  -27.321  51.866 0.0000000000
50296  -26.778  -29.585  51.757 0.0000000000
49411  -27.056  -29.798  50.794 0.0000000000
50298  -28.051  -29.104  51.647 0.0000000000
62062  -32.895  -16.343  39.868 0.0000000000
61126  -34.278  -16.825  39.447 0.0000000000
125720  -33.417  -14.821  39.469 0.0000000000
63857  -34.217  -14.241  38.484 0.0000000000
63865  -34.602  -13.934  37.764 0.0000000000
67459  -38.020  -10.405  36.494 0.0000000000
68420  -37.733  -9.564  35.912 0.0000000000
68421  -37.973  -9.723  34.924 0.0000000000
67480  -39.576  -10.804  33.811 0.0000000000
67481  -40.283  -10.868  33.651 0.0000000000
129415  -39.562  -9.189  33.915 0.0000000000
120051  -40.658  -8.125  33.694 0.0000000000
71089  -40.915  -6.857  33.270 0.0000000000
71919  -39.385  -5.805  32.557 0.0000000000
72778  -38.617  -4.303  32.727 0.0000000000
36540  -10.912  -45.880  58.005 0.0000000000
35673  -9.306  -46.746  58.003 0.0000000000
35657  -11.163  -46.801  59.200 0.0000000000
54935  -25.726  -25.096  50.533 0.0000000000
54078  -26.347  -25.311  48.591 0.0000000000
54945  -25.324  -24.452  48.942 0.0000000000
55866  -24.915  -23.718  48.492 0.0000000000
55879  -25.034  -23.533  47.622 0.0000000000
58451  -26.321  -19.658  45.668 0.0000000000
138023  -27.446  -19.513  44.556 0.0000000000
58472  -27.607  -20.761  43.526 0.0000000000
56810  -28.071  -22.188  42.767 0.0000000000
55952  -29.291  -23.513  42.461 0.0000000000
56824  -29.333  -22.192  41.743 0.0000000000
57658  -29.641  -21.435  41.434 0.0000000000
57675  -30.837  -21.298  40.424 0.0000000000
58505  -31.223  -20.812  40.149 0.0000000000
59331  -30.485  -19.880  40.939 0.0000000000
46008  -22.482  -33.822  51.659 0.0000000000
45117  -22.534  -34.771  52.775 0.0000000000
46816  -23.414  -34.047  52.827 0.0000000000
39244  -11.841  -42.468  55.778 0.0000000000
38382  -12.932  -43.354  56.145 0.0000000000
33913  -7.036  -49.187  59.868 0.0000000000
34778  -6.187  -47.884  60.052 0.0000000000
33912  -6.364  -48.871  60.257 0.0000000000
33902  -5.761  -48.989  61.210 0.0000000000
33123  -4.770  -49.451  61.391 0.0000000000
56771  -31.659  -22.713  49.805 0.0000000000
46865  -26.560  -33.451  50.220 0.0000000000
119644  -25.976  -34.354  51.978 0.0000000000
42622  -13.868  -38.758  54.929 0.0000000000
40924  -13.692  -40.171  54.526 0.0000000000
40141  -13.796  -41.598  54.693 0.0000000000
40142  -14.505  -41.546  54.393 0.0000000000
130770  -15.852  -42.552  54.754 0.0000000000
38397  -17.683  -43.911  55.270 0.0000000000
39258  -17.898  -42.535  53.908 0.0000000000
38398  -18.675  -44.005  55.196 0.0000000000
37516  -18.725  -44.819  56.372 0.0000000000
75538  -42.564  -1.752  27.566 0.0000000000
140093  -31.320  -28.681  49.258 0.0000000000
51270  -31.308  -28.171  48.827 0.0000000000
51284  -30.458  -28.127  48.449 0.0000000000
128016  -29.151  -27.249  48.290 0.0000000000
53171  -27.544  -26.831  49.105 0.0000000000
134168  -27.597  -26.756  51.073 0.0000000000
54047  -26.974  -26.118  51.154 0.0000000000
131689  -26.373  -25.461  51.307 0.0000000000
55827  -25.762  -23.942  52.129 0.0000000000
44326  -18.847  -36.760  51.269 0.0000000000
43492  -20.469  -37.511  50.895 0.0000000000
44334  -19.534  -36.453  50.748 0.0000000000
128462  -19.873  -34.909  50.544 0.0000000000
46861  -20.545  -33.755  50.481 0.0000000000
48553  -19.015  -31.653  51.508 0.0000000000
138229  -20.478  -32.345  50.606 0.0000000000
46862  -21.178  -33.107  50.670 0.0000000000
47733  -22.021  -32.173  50.695 0.0000000000
128001  -22.646  -32.307  50.565 0.0000000000
47735  -24.135  -32.897  50.216 0.0000000000
130417  -22.943  -29.287  50.782 0.0000000000
50317  -23.161  -29.756  50.183 0.0000000000
47743  -24.122  -31.878  49.426 0.0000000000
46863  -25.211  -32.877  49.785 0.0000000000
46870  -26.029  -32.952  49.477 0.0000000000
141970  -27.412  -32.735  49.469 0.0000000000
47748  -28.461  -32.084  49.382 0.0000000000
49440  -27.601  -30.879  48.966 0.0000000000
48576  -28.333  -31.114  48.847 0.0000000000
48577  -29.217  -31.384  49.237 0.0000000000
48578  -29.894  -30.795  49.158 0.0000000000
136634  -31.013  -30.052  49.838 0.0000000000
45116  -17.807  -35.845  52.511 0.0000000000
61127  -35.167  -17.002  39.465 0.0000000000
66482  -35.303  -12.054  38.123 0.0000000000
65574  -35.264  -12.805  37.475 0.0000000000
64728  -35.758  -13.578  36.850 0.0000000000
65576  -37.446  -12.030  36.363 0.0000000000
64730  -37.227  -13.510  35.990 0.0000000000
63877  -37.552  -14.637  36.278 0.0000000000
62993  -38.695  -14.866  36.686 0.0000000000
72804  -42.127  -4.666  29.068 0.0000000000
73706  -41.379  -3.212  29.150 0.0000000000
74608  -41.609  -2.547  28.962 0.0000000000
36511  -6.701  -45.163  59.566 0.0000000000
34789  -6.929  -47.079  58.637 0.0000000000
34800  -8.620  -47.473  58.370 0.0000000000
33933  -8.034  -48.107  58.692 0.0000000000
33922  -7.548  -48.604  59.274 0.0000000000
33133  -8.292  -49.861  60.293 0.0000000000
51285  -31.032  -27.384  48.530 0.0000000000
54082  -30.880  -25.799  48.717 0.0000000000
54065  -30.394  -24.753  49.299 0.0000000000
54080  -27.972  -25.190  48.273 0.0000000000
123633  -28.813  -25.403  48.396 0.0000000000
54964  -29.850  -24.235  49.348 0.0000000000
54947  -29.994  -23.768  49.269 0.0000000000
55869  -30.400  -23.278  48.787 0.0000000000
55884  -30.344  -23.194  47.733 0.0000000000
57601  -24.677  -21.964  47.127 0.0000000000
56784  -25.146  -22.526  46.520 0.0000000000
57613  -26.043  -21.217  44.895 0.0000000000
133406  -25.981  -22.718  45.274 0.0000000000
55903  -26.366  -23.416  45.700 0.0000000000
123051  -28.047  -24.076  46.358 0.0000000000
136559  -30.298  -23.867  46.978 0.0000000000
55063  -30.682  -24.500  42.592 0.0000000000
55050  -32.109  -25.105  43.179 0.0000000000
57679  -34.191  -21.716  40.129 0.0000000000
57688  -33.893  -21.079  39.666 0.0000000000
121721  -33.022  -18.725  39.443 0.0000000000
128775  -31.604  -19.422  40.053 0.0000000000
60222  -32.452  -18.555  39.653 0.0000000000
61124  -32.627  -17.199  39.856 0.0000000000
62931  -32.476  -15.476  40.044 0.0000000000
64694  -32.290  -13.331  40.589 0.0000000000
43482  -21.570  -37.934  52.033 0.0000000000
42641  -22.391  -37.782  53.548 0.0000000000
45097  -22.859  -35.547  54.046 0.0000000000
37489  -8.572  -44.327  57.169 0.0000000000
39235  -9.341  -42.317  56.538 0.0000000000
37508  -9.800  -43.974  56.654 0.0000000000
37491  -10.086  -44.762  56.966 0.0000000000
36541  -11.823  -45.663  58.347 0.0000000000
39245  -13.685  -42.278  55.244 0.0000000000
125510  -13.851  -43.503  56.150 0.0000000000
37513  -14.185  -44.172  56.644 0.0000000000
31557  -5.493  -52.259  62.187 0.0000000000
32324  -4.889  -50.589  61.349 0.0000000000
33119  -4.255  -49.080  61.482 0.0000000000
51259  -32.113  -28.298  50.130 0.0000000000
41795  -20.499  -39.303  51.639 0.0000000000
42659  -19.420  -38.326  51.268 0.0000000000
41793  -18.656  -38.556  51.682 0.0000000000
41782  -19.666  -39.889  51.898 0.0000000000
66456  -33.665  -11.876  40.827 0.0000000000
65559  -33.122  -12.639  39.536 0.0000000000
66464  -33.556  -11.940  39.833 0.0000000000
71893  -37.497  -5.548  35.698 0.0000000000
71070  -37.472  -6.410  35.633 0.0000000000
119922  -37.589  -6.017  35.026 0.0000000000
71896  -37.572  -5.287  34.732 0.0000000000
72763  -37.879  -4.519  34.465 0.0000000000
59299  -29.602  -19.987  42.613 0.0000000000
121139  -24.983  -34.099  51.689 0.0000000000
125339  -12.222  -40.001  55.375 0.0000000000
73725  -42.648  -3.111  27.735 0.0000000000
54937  -31.605  -23.956  50.442 0.0000000000
54949  -31.174  -24.383  49.785 0.0000000000
47723  -28.823  -32.718  50.280 0.0000000000
46851  -28.977  -33.212  51.277 0.0000000000
41764  -16.349  -39.519  53.182 0.0000000000
41763  -15.560  -39.217  53.542 0.0000000000
40932  -15.928  -40.096  53.488 0.0000000000
51268  -28.891  -28.395  48.936 0.0000000000
46828  -18.400  -33.063  51.946 0.0000000000
50291  -21.154  -29.047  51.467 0.0000000000
49409  -20.711  -29.893  51.137 0.0000000000
50315  -21.519  -29.626  50.858 0.0000000000
128266  -21.818  -30.181  50.521 0.0000000000
50292  -22.072  -28.977  51.181 0.0000000000
50295  -25.261  -29.511  51.523 0.0000000000
49439  -26.146  -30.852  49.224 0.0000000000
49428  -26.549  -30.335  49.982 0.0000000000
50338  -29.118  -29.805  48.696 0.0000000000
120420  -33.763  -18.770  39.294 0.0000000000
59343  -34.617  -18.861  39.352 0.0000000000
60224  -34.276  -17.842  39.225 0.0000000000
62949  -35.905  -15.266  39.285 0.0000000000
62981  -37.390  -15.321  37.598 0.0000000000
66496  -38.000  -11.078  37.526 0.0000000000
65604  -38.849  -12.566  34.597 0.0000000000
65605  -39.593  -12.460  34.210 0.0000000000
64744  -40.141  -13.734  34.961 0.0000000000
73695  -40.143  -2.979  30.843 0.0000000000
36562  -8.548  -45.170  57.327 0.0000000000
36539  -7.705  -45.356  57.716 0.0000000000
35684  -8.963  -46.034  57.504 0.0000000000
53176  -27.498  -26.516  48.762 0.0000000000
55880  -25.992  -23.890  47.300 0.0000000000
55881  -26.854  -24.134  46.972 0.0000000000
125176  -28.020  -23.051  43.171 0.0000000000
55933  -27.503  -23.130  43.771 0.0000000000
55046  -28.099  -23.859  43.786 0.0000000000
55026  -28.325  -24.293  44.686 0.0000000000
55047  -28.840  -24.489  43.870 0.0000000000
125797  -29.650  -24.847  43.996 0.0000000000
55990  -31.647  -23.090  40.826 0.0000000000
55991  -32.440  -23.257  40.951 0.0000000000
56851  -32.213  -22.599  40.449 0.0000000000
57677  -31.994  -21.903  39.959 0.0000000000
45123  -21.952  -35.040  51.370 0.0000000000
37511  -12.260  -43.943  56.493 0.0000000000
37493  -12.713  -44.758  57.036 0.0000000000
36566  -13.037  -45.165  57.881 0.0000000000
37521  -17.199  -44.358  55.951 0.0000000000
37515  -16.269  -44.066  56.051 0.0000000000
35655  -6.488  -46.733  59.363 0.0000000000
35635  -6.166  -46.743  60.220 0.0000000000
54067  -32.007  -26.065  49.861 0.0000000000
40145  -21.337  -42.149  54.268 0.0000000000
40146  -21.529  -41.365  54.879 0.0000000000
41766  -21.752  -39.624  53.553 0.0000000000
41754  -21.996  -39.993  54.565 0.0000000000
48555  -30.481  -31.394  51.305 0.0000000000
136556  -17.098  -35.547  53.935 0.0000000000
44316  -17.494  -36.796  53.257 0.0000000000
129853  -17.055  -38.928  52.641 0.0000000000
41780  -17.651  -39.917  52.415 0.0000000000
40945  -18.155  -40.725  52.409 0.0000000000
40169  -20.641  -41.374  52.840 0.0000000000
40168  -19.669  -41.379  52.657 0.0000000000
40158  -21.068  -41.841  53.477 0.0000000000
52196  -28.401  -28.114  51.554 0.0000000000
50297  -27.533  -29.459  51.778 0.0000000000
51223  -28.257  -28.268  53.054 0.0000000000
51236  -28.461  -28.535  52.059 0.0000000000
131691  -32.851  -14.956  39.729 0.0000000000
62946  -33.227  -15.557  39.748 0.0000000000
64710  -33.517  -13.068  38.866 0.0000000000
63847  -33.511  -13.979  38.947 0.0000000000
64711  -34.093  -13.470  38.368 0.0000000000
69403  -37.523  -8.928  36.622 0.0000000000
140138  -37.372  -8.321  36.253 0.0000000000
69415  -37.709  -8.451  34.991 0.0000000000
68428  -37.728  -9.097  35.158 0.0000000000
68429  -38.234  -9.071  34.631 0.0000000000
128993  -38.533  -9.905  34.407 0.0000000000
143499  -38.881  -9.382  34.218 0.0000000000
68430  -39.132  -10.017  33.802 0.0000000000
69417  -39.013  -8.626  34.295 0.0000000000
70256  -38.947  -7.280  34.086 0.0000000000
69426  -39.843  -8.190  33.926 0.0000000000
70257  -39.604  -7.399  33.872 0.0000000000
71088  -39.979  -6.859  33.534 0.0000000000
71098  -40.059  -6.391  32.903 0.0000000000
71907  -39.299  -6.324  33.255 0.0000000000
72769  -38.326  -4.276  33.672 0.0000000000
54926  -25.438  -24.078  51.043 0.0000000000
54934  -25.328  -24.442  49.881 0.0000000000
55837  -25.022  -23.768  50.258 0.0000000000
55865  -24.452  -22.934  49.013 0.0000000000
55852  -24.899  -23.787  49.425 0.0000000000
55878  -24.535  -23.102  47.974 0.0000000000
58473  -28.352  -20.503  43.164 0.0000000000
59287  -27.868  -19.993  43.768 0.0000000000
57632  -27.821  -21.426  43.179 0.0000000000
137066  -28.716  -22.104  42.315 0.0000000000
57659  -30.326  -21.415  40.852 0.0000000000
58504  -30.597  -20.633  40.595 0.0000000000
46846  -22.695  -33.425  51.456 0.0000000000
46829  -23.005  -33.856  52.171 0.0000000000
46818  -24.437  -34.269  53.233 0.0000000000
46817  -23.939  -33.975  53.066 0.0000000000
131075  -12.218  -41.832  55.495 0.0000000000
39243  -11.207  -41.915  55.748 0.0000000000
38381  -12.049  -43.133  56.027 0.0000000000
33131  -6.475  -49.827  60.680 0.0000000000
33124  -5.366  -49.831  61.225 0.0000000000
55838  -31.768  -23.258  50.335 0.0000000000
56763  -31.902  -22.703  50.083 0.0000000000
46849  -26.583  -33.913  51.172 0.0000000000
139139  -27.397  -33.765  50.887 0.0000000000
41753  -14.788  -39.195  54.030 0.0000000000
41752  -14.099  -39.322  54.514 0.0000000000
41751  -13.429  -39.398  54.896 0.0000000000
133097  -14.066  -40.910  54.333 0.0000000000
133390  -14.800  -41.017  53.872 0.0000000000
40143  -16.148  -42.073  54.036 0.0000000000
39256  -15.245  -41.931  54.344 0.0000000000
39247  -16.290  -43.115  55.115 0.0000000000
38405  -17.107  -43.356  54.797 0.0000000000
40156  -18.264  -41.906  53.103 0.0000000000
40155  -17.516  -41.843  53.451 0.0000000000
39266  -18.032  -42.197  53.480 0.0000000000
38399  -19.419  -43.964  55.319 0.0000000000
37523  -19.172  -44.463  55.769 0.0000000000
50340  -31.011  -29.367  49.417 0.0000000000
51269  -30.815  -28.799  48.826 0.0000000000
127302  -30.234  -28.853  48.578 0.0000000000
52212  -28.636  -27.572  48.719 0.0000000000
52211  -27.935  -27.058  48.788 0.0000000000
53163  -28.117  -27.511  50.737 0.0000000000
53154  -27.426  -26.424  52.116 0.0000000000
54046  -26.465  -25.211  52.233 0.0000000000
54927  -25.955  -24.682  51.670 0.0000000000
43491  -19.624  -37.199  50.901 0.0000000000
45122  -18.782  -35.941  51.036 0.0000000000
46859  -18.919  -33.584  50.724 0.0000000000
46018  -19.274  -34.309  50.643 0.0000000000
139504  -20.022  -34.246  50.453 0.0000000000
46019  -20.707  -34.523  50.484 0.0000000000
48563  -20.394  -31.542  50.887 0.0000000000
47732  -21.382  -32.376  50.670 0.0000000000
46845  -22.062  -33.127  50.921 0.0000000000
139265  -21.446  -31.759  50.647 0.0000000000
47734  -23.382  -32.209  49.967 0.0000000000
50294  -24.414  -29.181  51.790 0.0000000000
50274  -24.438  -29.126  52.959 0.0000000000
50273  -23.667  -28.981  52.185 0.0000000000
50293  -23.674  -29.154  51.234 0.0000000000
139881  -23.632  -29.485  50.526 0.0000000000
49438  -25.300  -30.942  49.280 0.0000000000
49437  -24.289  -30.900  49.453 0.0000000000
47744  -24.686  -32.342  49.495 0.0000000000
47745  -25.537  -32.274  49.256 0.0000000000
48575  -26.800  -31.457  49.127 0.0000000000
47747  -27.101  -32.217  49.087 0.0000000000
137932  -27.717  -32.333  49.276 0.0000000000
49429  -27.272  -30.281  49.789 0.0000000000
135869  -30.046  -31.473  49.775 0.0000000000
50353  -29.757  -29.271  48.641 0.0000000000
49443  -30.458  -30.115  49.261 0.0000000000
45995  -17.725  -34.870  52.598 0.0000000000
44325  -18.230  -36.238  51.733 0.0000000000
129206  -35.028  -21.685  40.569 0.0000000000
59344  -35.476  -18.995  39.691 0.0000000000
59334  -36.493  -19.931  40.538 0.0000000000
62064  -34.754  -16.005  39.582 0.0000000000
62065  -35.549  -16.149  39.618 0.0000000000
120688  -35.529  -11.481  39.002 0.0000000000
66494  -35.993  -12.226  37.530 0.0000000000
123269  -35.972  -12.821  36.984 0.0000000000
65588  -36.504  -13.187  36.495 0.0000000000
66507  -37.875  -11.180  36.585 0.0000000000
134427  -37.883  -11.777  35.653 0.0000000000
64742  -38.595  -13.425  35.129 0.0000000000
64741  -37.884  -13.342  35.499 0.0000000000
127953  -37.181  -14.139  36.121 0.0000000000
62992  -37.877  -15.136  36.660 0.0000000000
63878  -38.283  -14.698  36.040 0.0000000000
124725  -39.986  -14.444  36.166 0.0000000000
138707  -40.715  -10.328  33.591 0.0000000000
71108  -40.899  -6.158  32.040 0.0000000000
71937  -41.381  -5.696  30.426 0.0000000000
71947  -41.777  -5.241  29.672 0.0000000000
73705  -40.858  -3.264  29.715 0.0000000000
137087  -41.165  -3.773  29.364 0.0000000000
74606  -41.106  -2.461  29.584 0.0000000000
36521  -7.078  -45.318  58.529 0.0000000000
35656  -6.691  -46.111  58.917 0.0000000000
34799  -7.760  -47.339  58.402 0.0000000000
34802  -10.439  -47.198  58.986 0.0000000000
34801  -9.574  -47.392  58.544 0.0000000000
134020  -9.249  -48.635  59.500 0.0000000000
33934  -8.911  -48.144  58.782 0.0000000000
33923  -8.322  -48.689  59.270 0.0000000000
33144  -7.776  -49.281  59.722 0.0000000000
33125  -8.860  -50.211  61.177 0.0000000000
52213  -31.689  -27.587  49.114 0.0000000000
53180  -30.471  -26.532  48.236 0.0000000000
142072  -30.198  -25.622  48.587 0.0000000000
54961  -27.165  -25.092  48.055 0.0000000000
54963  -29.413  -24.348  48.998 0.0000000000
124991  -29.955  -23.004  48.010 0.0000000000
56778  -30.679  -23.102  48.470 0.0000000000
120378  -29.647  -23.475  47.414 0.0000000000
142874  -24.932  -21.121  46.909 0.0000000000
57602  -24.835  -21.095  47.654 0.0000000000
58462  -26.526  -20.175  44.788 0.0000000000
58450  -25.890  -20.450  45.543 0.0000000000
55918  -26.892  -23.200  44.338 0.0000000000
55917  -26.409  -23.196  44.878 0.0000000000
55905  -27.966  -24.063  45.315 0.0000000000
55898  -29.636  -24.211  46.318 0.0000000000
55899  -31.069  -23.796  47.039 0.0000000000
127149  -31.817  -25.095  44.807 0.0000000000
55953  -30.024  -23.909  42.058 0.0000000000
55080  -32.177  -24.239  41.853 0.0000000000
55064  -31.613  -24.627  42.439 0.0000000000
55955  -33.847  -23.691  42.182 0.0000000000
55974  -34.246  -23.179  41.651 0.0000000000
56837  -34.592  -22.680  41.319 0.0000000000
56853  -34.459  -22.273  40.738 0.0000000000
138926  -33.146  -20.987  39.627 0.0000000000
58516  -33.443  -20.305  39.465 0.0000000000
132562  -31.061  -20.028  40.283 0.0000000000
58514  -31.733  -20.234  39.817 0.0000000000
60213  -32.239  -17.950  39.863 0.0000000000
125968  -32.820  -17.946  39.513 0.0000000000
62050  -32.320  -16.413  40.238 0.0000000000
63835  -31.853  -14.104  41.139 0.0000000000
143136  -20.825  -36.961  50.819 0.0000000000
126977  -21.062  -37.922  51.260 0.0000000000
143390  -21.429  -37.499  51.556 0.0000000000
44310  -22.170  -36.425  52.953 0.0000000000
43473  -22.018  -37.335  52.849 0.0000000000
42626  -22.615  -38.392  54.424 0.0000000000
43460  -22.794  -37.281  54.269 0.0000000000
45983  -23.032  -34.473  53.174 0.0000000000
45108  -22.672  -35.168  53.403 0.0000000000
45999  -26.671  -34.533  52.768 0.0000000000
38372  -8.254  -43.640  57.332 0.0000000000
37507  -8.959  -43.736  56.821 0.0000000000
40119  -9.828  -41.593  56.419 0.0000000000
40118  -9.244  -41.622  56.791 0.0000000000
37509  -10.571  -44.266  56.647 0.0000000000
36564  -10.475  -45.364  57.481 0.0000000000
123744  -11.281  -45.410  57.716 0.0000000000
39255  -14.508  -42.196  54.875 0.0000000000
38395  -14.402  -42.919  55.566 0.0000000000
38383  -14.723  -43.688  56.127 0.0000000000
130240  -5.124  -52.201  61.849 0.0000000000
32323  -4.484  -49.982  61.068 0.0000000000
40948  -21.059  -40.739  52.664 0.0000000000
41784  -21.290  -39.948  52.731 0.0000000000
122170  -21.563  -39.305  52.777 0.0000000000
49431  -31.179  -30.182  50.557 0.0000000000
138858  -17.817  -37.155  52.611 0.0000000000
43481  -18.124  -37.735  52.090 0.0000000000
127253  -18.593  -40.017  52.060 0.0000000000
40947  -20.134  -40.684  52.406 0.0000000000
52178  -28.278  -27.445  53.462 0.0000000000
64701  -32.481  -13.755  39.944 0.0000000000
63846  -32.915  -14.274  39.557 0.0000000000
70237  -37.353  -7.679  36.352 0.0000000000
131095  -37.476  -7.220  35.571 0.0000000000
70245  -37.723  -7.683  34.912 0.0000000000
70246  -38.304  -7.419  34.409 0.0000000000
71077  -38.405  -6.790  34.133 0.0000000000
71906  -38.570  -6.198  33.680 0.0000000000
71905  -38.190  -5.260  33.856 0.0000000000
56762  -24.533  -22.460  50.784 0.0000000000
56769  -24.388  -22.156  49.903 0.0000000000
58483  -29.069  -20.616  42.467 0.0000000000
59315  -29.647  -20.219  41.963 0.0000000000
59316  -30.149  -19.906  41.569 0.0000000000
47721  -23.180  -32.942  51.014 0.0000000000
46830  -23.654  -33.866  52.383 0.0000000000
72812  -42.388  -4.116  28.496 0.0000000000
73714  -42.914  -3.910  27.969 0.0000000000
32337  -7.807  -50.468  60.808 0.0000000000
32326  -7.174  -50.972  61.368 0.0000000000
31565  -6.369  -51.727  61.969 0.0000000000
142267  -27.910  -33.407  50.436 0.0000000000
46850  -28.220  -33.623  51.136 0.0000000000
46836  -29.369  -33.491  52.312 0.0000000000
43471  -16.694  -37.689  53.332 0.0000000000
42624  -16.148  -37.688  53.811 0.0000000000
43458  -15.990  -37.342  54.674 0.0000000000
40144  -17.003  -42.247  53.929 0.0000000000
39260  -19.900  -43.178  54.225 0.0000000000
39259  -18.884  -43.000  54.049 0.0000000000
38400  -20.038  -43.492  55.133 0.0000000000
51283  -29.794  -28.484  48.467 0.0000000000
46006  -18.214  -34.443  51.743 0.0000000000
46844  -18.476  -33.712  51.398 0.0000000000
47730  -18.734  -32.935  51.071 0.0000000000
49408  -19.993  -30.213  51.501 0.0000000000
50290  -20.314  -29.448  51.788 0.0000000000
48564  -21.031  -31.245  50.705 0.0000000000
49424  -22.505  -30.342  50.179 0.0000000000
50275  -25.647  -29.433  52.500 0.0000000000
48574  -25.857  -31.511  49.095 0.0000000000
50336  -27.927  -30.005  49.122 0.0000000000
58517  -34.412  -20.439  39.521 0.0000000000
58507  -35.280  -20.519  39.761 0.0000000000
58518  -34.987  -19.765  39.482 0.0000000000
62965  -34.962  -14.901  39.003 0.0000000000
124106  -35.433  -15.496  39.393 0.0000000000
66484  -37.206  -11.444  38.411 0.0000000000
66483  -36.215  -11.677  38.268 0.0000000000
66521  -38.416  -11.542  34.842 0.0000000000
63891  -38.786  -14.219  35.483 0.0000000000
64743  -39.353  -13.699  34.973 0.0000000000
63893  -40.422  -14.021  35.697 0.0000000000
71928  -40.304  -5.652  31.453 0.0000000000
72787  -39.623  -4.441  31.301 0.0000000000
72794  -40.238  -4.451  30.590 0.0000000000
73700  -40.381  -3.484  30.382 0.0000000000
35672  -8.395  -46.665  58.001 0.0000000000
33134  -9.218  -49.580  60.519 0.0000000000
53179  -29.782  -26.906  47.834 0.0000000000
54959  -25.751  -24.128  48.075 0.0000000000
54960  -26.476  -24.600  47.908 0.0000000000
55867  -28.653  -23.705  47.383 0.0000000000
132186  -28.699  -23.534  47.048 0.0000000000
58441  -25.445  -20.644  46.376 0.0000000000
57625  -27.034  -21.499  43.665 0.0000000000
56800  -27.000  -22.497  43.823 0.0000000000
55003  -30.187  -24.730  45.460 0.0000000000
55027  -30.246  -25.012  44.596 0.0000000000
55028  -31.044  -25.144  44.262 0.0000000000
55078  -30.799  -23.989  41.848 0.0000000000
125035  -31.163  -23.541  41.307 0.0000000000
55972  -32.564  -23.708  41.499 0.0000000000
55954  -32.983  -23.928  42.070 0.0000000000
118872  -33.620  -22.247  40.359 0.0000000000
132552  -32.786  -22.117  40.100 0.0000000000
57687  -32.587  -21.382  39.761 0.0000000000
58515  -32.541  -20.495  39.586 0.0000000000
142149  -31.601  -17.841  41.170 0.0000000000
61115  -31.665  -17.293  41.040 0.0000000000
62049  -31.859  -16.538  40.838 0.0000000000
62930  -31.968  -15.701  40.653 0.0000000000
44327  -21.884  -36.105  51.340 0.0000000000
138737  -22.234  -36.100  52.145 0.0000000000
128785  -11.225  -42.811  56.009 0.0000000000
37510  -11.310  -44.132  56.558 0.0000000000
36565  -12.075  -45.218  57.683 0.0000000000
141671  -15.725  -42.961  55.334 0.0000000000
38396  -15.255  -43.290  55.636 0.0000000000
127608  -15.804  -44.410  56.640 0.0000000000
54066  -31.383  -25.437  49.340 0.0000000000
121841  -21.388  -42.103  56.326 0.0000000000
40909  -21.996  -40.712  56.365 0.0000000000
40927  -21.677  -40.729  54.478 0.0000000000
119669  -21.835  -40.513  55.457 0.0000000000
48567  -29.998  -31.826  50.679 0.0000000000
43480  -17.563  -37.506  52.803 0.0000000000
43472  -17.177  -37.179  53.399 0.0000000000
140277  -16.777  -38.211  52.933 0.0000000000
40934  -17.356  -40.614  52.881 0.0000000000
40166  -17.792  -41.348  52.837 0.0000000000
40157  -19.166  -42.007  52.969 0.0000000000
39268  -19.591  -42.582  53.546 0.0000000000
39269  -20.602  -42.516  53.828 0.0000000000
39261  -20.700  -42.813  54.680 0.0000000000
130254  -28.375  -28.145  50.667 0.0000000000
50276  -26.473  -29.524  52.593 0.0000000000
61125  -33.420  -17.202  39.511 0.0000000000
62063  -33.801  -16.178  39.720 0.0000000000
62947  -34.038  -15.466  39.577 0.0000000000
63848  -34.109  -14.788  39.141 0.0000000000
63858  -34.821  -14.529  38.014 0.0000000000
63866  -35.387  -14.345  37.339 0.0000000000
130482  -38.142  -10.698  37.200 0.0000000000
68414  -37.892  -9.644  36.921 0.0000000000
67465  -37.945  -10.271  35.538 0.0000000000
69408  -37.503  -8.726  35.725 0.0000000000
67471  -38.264  -10.503  34.842 0.0000000000
67472  -38.836  -10.731  34.314 0.0000000000
65612  -39.924  -11.635  33.803 0.0000000000
66523  -40.539  -11.477  33.807 0.0000000000
68439  -40.000  -9.983  33.554 0.0000000000
69427  -40.373  -8.967  33.651 0.0000000000
71918  -38.752  -5.586  33.127 0.0000000000
135481  -38.858  -5.056  32.474 0.0000000000
72779  -39.069  -4.425  31.953 0.0000000000
35685  -9.869  -46.075  57.581 0.0000000000
35674  -10.416  -46.618  58.375 0.0000000000
54063  -26.475  -25.716  49.092 0.0000000000
54946  -25.781  -25.234  49.343 0.0000000000
55894  -25.387  -23.295  46.858 0.0000000000
59262  -26.920  -19.420  45.252 0.0000000000
58463  -27.050  -20.411  43.915 0.0000000000
55951  -28.613  -22.910  42.649 0.0000000000
138544  -29.165  -22.749  42.229 0.0000000000
55969  -29.720  -23.069  41.777 0.0000000000
57644  -29.057  -21.401  42.019 0.0000000000
56834  -30.159  -22.379  41.184 0.0000000000
56835  -30.811  -22.012  40.588 0.0000000000
57676  -31.358  -21.579  40.217 0.0000000000
59332  -31.114  -19.287  40.769 0.0000000000
60200  -31.386  -18.469  41.342 0.0000000000
62016  -31.798  -17.063  42.497 0.0000000000
45996  -22.381  -34.470  51.995 0.0000000000
45997  -22.825  -34.178  52.502 0.0000000000
45984  -23.783  -34.280  53.475 0.0000000000
40129  -10.531  -41.614  56.061 0.0000000000
40130  -11.007  -41.079  55.825 0.0000000000
37512  -13.281  -44.110  56.569 0.0000000000
36585  -18.273  -45.223  56.919 0.0000000000
33921  -6.862  -48.430  59.535 0.0000000000
120843  -5.853  -48.190  60.591 0.0000000000
33901  -5.107  -48.816  61.564 0.0000000000
66485  -38.066  -11.020  38.390 0.0000000000
55870  -31.552  -23.012  48.895 0.0000000000
46848  -25.822  -33.712  51.018 0.0000000000
46833  -27.028  -34.159  51.896 0.0000000000
42612  -13.447  -38.700  55.620 0.0000000000
40140  -13.251  -40.937  54.651 0.0000000000
129234  -16.720  -43.695  55.496 0.0000000000
122997  -17.321  -42.817  54.314 0.0000000000
38406  -18.099  -43.406  54.523 0.0000000000
37522  -18.275  -44.463  55.777 0.0000000000
74617  -42.448  -2.343  27.792 0.0000000000
51258  -31.619  -28.843  49.844 0.0000000000
51271  -31.743  -28.236  49.446 0.0000000000
52222  -29.763  -27.665  48.149 0.0000000000
141309  -27.935  -26.859  50.153 0.0000000000
54056  -27.406  -26.318  50.100 0.0000000000
54055  -26.556  -25.747  50.094 0.0000000000
42660  -20.300  -38.431  51.223 0.0000000000
43500  -20.332  -36.806  50.706 0.0000000000
44335  -20.278  -36.190  50.553 0.0000000000
45132  -18.991  -35.103  50.877 0.0000000000
45133  -19.633  -35.704  50.599 0.0000000000
45134  -20.716  -35.461  50.520 0.0000000000
45135  -21.446  -34.793  50.738 0.0000000000
46020  -21.331  -33.936  50.736 0.0000000000
48552  -18.465  -31.604  52.301 0.0000000000
47731  -19.457  -32.796  50.586 0.0000000000
48554  -19.680  -31.074  51.404 0.0000000000
48562  -19.674  -31.950  50.987 0.0000000000
127535  -20.240  -33.093  50.384 0.0000000000
137432  -21.887  -33.550  51.085 0.0000000000
47720  -22.461  -32.891  50.899 0.0000000000
49425  -23.362  -30.459  49.765 0.0000000000
130480  -24.058  -29.887  49.944 0.0000000000
48572  -23.496  -31.386  49.619 0.0000000000
46864  -25.738  -33.331  50.120 0.0000000000
46871  -26.809  -32.875  49.423 0.0000000000
47736  -28.044  -32.897  49.846 0.0000000000
47737  -29.412  -32.097  49.965 0.0000000000
49430  -30.635  -30.757  49.904 0.0000000000
50322  -31.420  -29.513  50.235 0.0000000000
45106  -17.500  -35.653  53.304 0.0000000000
44317  -17.835  -36.593  52.592 0.0000000000
43490  -18.905  -37.647  51.380 0.0000000000
142522  -35.860  -20.437  40.253 0.0000000000
122969  -35.842  -17.481  39.672 0.0000000000
122543  -34.775  -11.571  39.450 0.0000000000
66481  -34.536  -11.945  38.709 0.0000000000
120066  -34.669  -12.521  38.033 0.0000000000
65573  -34.554  -13.163  37.812 0.0000000000
64716  -35.046  -13.562  37.365 0.0000000000
63875  -36.107  -14.278  36.757 0.0000000000
65589  -37.092  -12.744  36.287 0.0000000000
65597  -37.587  -12.688  35.726 0.0000000000
64729  -36.545  -13.888  36.381 0.0000000000
63876  -36.806  -14.480  36.553 0.0000000000
62991  -37.222  -14.944  36.842 0.0000000000
63879  -39.150  -14.633  36.009 0.0000000000
72803  -41.363  -4.414  29.435 0.0000000000
72811  -41.646  -3.940  28.901 0.0000000000
73712  -41.861  -3.341  28.581 0.0000000000
75529  -41.812  -1.906  28.868 0.0000000000
75524  -41.384  -1.603  29.476 0.0000000000
127778  -7.288  -47.912  58.852 0.0000000000
53172  -31.466  -26.547  48.906 0.0000000000
54079  -26.919  -25.851  48.661 0.0000000000
137624  -27.424  -25.815  48.443 0.0000000000
54081  -29.515  -24.915  49.032 0.0000000000
54948  -30.419  -23.862  49.619 0.0000000000
55853  -30.778  -23.286  49.475 0.0000000000
56770  -31.089  -22.927  49.317 0.0000000000
57593  -24.386  -21.722  49.002 0.0000000000
58435  -25.299  -20.357  48.177 0.0000000000
57597  -24.833  -20.992  48.518 0.0000000000
57596  -24.476  -21.797  47.999 0.0000000000
133354  -24.526  -22.494  47.678 0.0000000000
57612  -25.568  -21.426  45.623 0.0000000000
131882  -25.798  -22.027  45.146 0.0000000000
56788  -25.510  -22.251  45.766 0.0000000000
56785  -25.755  -22.960  46.087 0.0000000000
55896  -27.017  -23.920  46.284 0.0000000000
55897  -28.919  -23.487  46.873 0.0000000000
55885  -31.235  -23.352  47.869 0.0000000000
142329  -31.469  -24.968  45.687 0.0000000000
55062  -29.639  -24.365  43.076 0.0000000000
55049  -31.255  -25.028  43.281 0.0000000000
143622  -31.134  -24.339  42.143 0.0000000000
59341  -32.393  -19.451  39.600 0.0000000000
60221  -31.935  -18.683  39.926 0.0000000000
63840  -32.080  -14.835  40.545 0.0000000000
134639  -32.198  -14.116  40.427 0.0000000000
42661  -21.079  -38.716  51.613 0.0000000000
42654  -21.569  -38.735  52.399 0.0000000000
126437  -21.956  -38.135  52.820 0.0000000000
42640  -22.005  -38.738  53.372 0.0000000000
45107  -22.355  -35.576  52.901 0.0000000000
121370  -22.452  -35.938  53.572 0.0000000000
131392  -22.746  -36.325  54.195 0.0000000000
43444  -23.167  -37.746  55.061 0.0000000000
45998  -25.863  -34.453  53.051 0.0000000000
137122  -7.621  -43.947  57.805 0.0000000000
39234  -8.705  -42.925  56.764 0.0000000000
38378  -9.542  -43.126  56.483 0.0000000000
37490  -9.221  -44.513  57.048 0.0000000000
40132  -13.048  -41.591  55.214 0.0000000000
143323  -12.998  -42.223  55.537 0.0000000000
38394  -13.392  -42.839  55.707 0.0000000000
37498  -17.255  -45.114  56.912 0.0000000000
37497  -16.247  -44.958  57.144 0.0000000000
37495  -14.501  -44.682  57.270 0.0000000000
119914  -5.119  -51.582  61.837 0.0000000000
32335  -4.227  -50.488  60.828 0.0000000000
32334  -3.779  -49.857  60.751 0.0000000000
136943  -4.007  -49.937  60.928 0.0000000000
32322  -3.888  -49.490  61.098 0.0000000000
38385  -19.900  -44.165  55.908 0.0000000000
40159  -21.516  -41.393  53.905 0.0000000000
43493  -21.269  -37.087  51.128 0.0000000000
47719  -19.065  -32.304  51.088 0.0000000000
56781  -24.727  -22.907  47.242 0.0000000000
58438  -25.325  -20.418  47.323 0.0000000000
59239  -25.779  -19.787  46.905 0.0000000000
59342  -33.253  -19.476  39.395 0.0000000000
64751  -39.870  -13.187  34.447 0.0000000000
65558  -32.513  -13.038  39.871 0.0000000000
66473  -34.115  -11.736  39.394 0.0000000000
72788  -39.993  -5.059  31.116 0.0000000000
131179  -19.737  -37.860  50.980 0.0000000000
131967  -17.276  -36.167  53.697 0.0000000000
140442  -17.200  -44.729  56.422 0.0000000000
140985  -24.046  -32.382  49.636 0.0000000000
