#!ascii label  , from subject sub-032304 vox2ras=TkReg
1743
133464  -31.594  -21.848  65.942 0.0000000000
71863  -47.069  -4.736  41.961 0.0000000000
61942  -37.657  -15.861  52.325 0.0000000000
42585  -5.819  -39.066  58.333 0.0000000000
122196  -18.516  -31.337  64.356 0.0000000000
48472  -3.046  -31.991  61.714 0.0000000000
46663  -4.805  -33.575  67.220 0.0000000000
121377  -42.100  -11.448  47.772 0.0000000000
53109  -3.693  -26.838  56.095 0.0000000000
38311  -3.787  -43.615  65.090 0.0000000000
124973  -28.852  -22.325  60.218 0.0000000000
51126  -28.235  -26.463  63.330 0.0000000000
52056  -26.391  -27.010  66.936 0.0000000000
76349  -49.470  -0.758  40.365 0.0000000000
62856  -40.357  -15.580  50.438 0.0000000000
44249  -15.828  -35.765  58.622 0.0000000000
54854  -4.715  -24.716  61.922 0.0000000000
142943  -6.828  -33.912  60.501 0.0000000000
47670  -5.905  -32.265  56.867 0.0000000000
124814  -7.826  -37.797  54.058 0.0000000000
37385  -10.387  -42.331  67.754 0.0000000000
136785  -6.688  -41.464  68.691 0.0000000000
60964  -35.079  -16.656  55.823 0.0000000000
51073  -24.310  -28.065  69.894 0.0000000000
130337  -19.689  -27.785  61.918 0.0000000000
46696  -3.398  -33.575  64.402 0.0000000000
43374  -6.532  -37.216  63.888 0.0000000000
68376  -45.004  -9.171  43.711 0.0000000000
40017  -13.352  -40.947  65.302 0.0000000000
42554  -14.708  -38.717  62.413 0.0000000000
126370  -2.354  -28.892  58.824 0.0000000000
48525  -3.066  -30.987  53.683 0.0000000000
44939  -8.011  -36.184  68.157 0.0000000000
41657  -5.105  -40.151  66.947 0.0000000000
40875  -4.493  -40.872  61.538 0.0000000000
135753  -31.996  -20.422  65.483 0.0000000000
123055  -30.185  -23.951  62.834 0.0000000000
125204  -30.248  -21.951  63.264 0.0000000000
53947  -30.167  -25.205  64.443 0.0000000000
52125  -29.343  -25.892  62.214 0.0000000000
53929  -29.185  -25.259  67.067 0.0000000000
74556  -48.125  -2.823  41.189 0.0000000000
69372  -44.030  -8.133  41.137 0.0000000000
71871  -44.611  -4.933  40.665 0.0000000000
74563  -45.278  -2.571  40.422 0.0000000000
60994  -39.259  -16.760  51.072 0.0000000000
118795  -34.335  -16.654  52.226 0.0000000000
61017  -35.954  -17.531  49.386 0.0000000000
60115  -37.040  -18.113  48.103 0.0000000000
44238  -8.015  -36.804  59.257 0.0000000000
44256  -8.348  -36.149  57.364 0.0000000000
42601  -6.829  -38.768  56.557 0.0000000000
41761  -7.122  -40.302  54.066 0.0000000000
40906  -5.522  -40.700  56.265 0.0000000000
38313  -10.093  -42.242  65.591 0.0000000000
37412  -8.244  -42.980  66.710 0.0000000000
60937  -34.944  -17.362  58.398 0.0000000000
137984  -31.006  -18.130  60.746 0.0000000000
58351  -27.637  -20.209  59.039 0.0000000000
60040  -31.495  -17.820  57.842 0.0000000000
141344  -31.763  -18.306  56.027 0.0000000000
53015  -26.429  -26.115  70.680 0.0000000000
139777  -24.087  -26.537  62.074 0.0000000000
52078  -23.230  -26.677  64.444 0.0000000000
78146  -45.919  1.271  37.998 0.0000000000
78177  -46.372  1.440  36.110 0.0000000000
122418  -3.844  -33.596  66.373 0.0000000000
44993  -4.779  -34.559  64.060 0.0000000000
44960  -5.332  -35.684  65.821 0.0000000000
121512  -43.672  -10.614  45.755 0.0000000000
64648  -37.947  -13.340  48.053 0.0000000000
66406  -38.858  -11.074  46.705 0.0000000000
67385  -41.432  -10.506  44.836 0.0000000000
40836  -14.673  -40.311  67.956 0.0000000000
41665  -15.320  -39.159  66.531 0.0000000000
134115  -2.109  -28.346  63.580 0.0000000000
52118  -2.557  -27.232  61.560 0.0000000000
49301  -2.367  -30.485  60.382 0.0000000000
46814  -5.658  -33.848  53.576 0.0000000000
48526  -4.345  -31.667  54.501 0.0000000000
46827  -3.356  -33.981  52.352 0.0000000000
44165  -9.434  -37.827  68.381 0.0000000000
141014  -4.848  -42.221  67.354 0.0000000000
40828  -4.639  -40.621  67.891 0.0000000000
40010  -4.309  -41.521  66.179 0.0000000000
40852  -5.048  -40.730  64.387 0.0000000000
39168  -4.112  -42.133  63.140 0.0000000000
59156  -30.525  -19.784  62.811 0.0000000000
53018  -27.252  -26.041  69.717 0.0000000000
53026  -27.805  -25.769  68.328 0.0000000000
142417  -27.914  -26.397  65.314 0.0000000000
77226  -48.662  0.498  39.600 0.0000000000
76359  -46.203  -0.372  39.906 0.0000000000
65493  -40.778  -12.474  49.644 0.0000000000
61970  -38.031  -16.388  48.125 0.0000000000
47642  -17.302  -32.571  59.972 0.0000000000
46742  -17.117  -33.653  61.206 0.0000000000
53091  -4.950  -26.318  59.411 0.0000000000
46740  -4.264  -33.231  61.236 0.0000000000
47649  -4.846  -32.385  59.020 0.0000000000
46764  -6.806  -33.398  58.061 0.0000000000
45095  -8.098  -34.912  54.664 0.0000000000
137533  -5.978  -36.821  52.488 0.0000000000
39986  -10.890  -40.446  69.602 0.0000000000
41632  -8.849  -39.810  69.509 0.0000000000
38276  -9.021  -42.213  68.856 0.0000000000
37387  -6.872  -43.082  67.502 0.0000000000
62809  -36.222  -15.479  54.021 0.0000000000
143822  -33.418  -17.406  54.174 0.0000000000
50129  -21.253  -28.776  66.448 0.0000000000
51092  -25.303  -27.530  68.033 0.0000000000
51104  -22.084  -27.698  65.691 0.0000000000
50152  -19.033  -29.760  63.148 0.0000000000
132421  -2.313  -29.360  64.924 0.0000000000
119550  -2.196  -30.087  67.337 0.0000000000
48455  -3.048  -32.269  62.979 0.0000000000
45885  -4.114  -33.515  62.090 0.0000000000
45007  -7.232  -35.630  62.249 0.0000000000
43395  -6.951  -38.125  60.806 0.0000000000
70203  -46.053  -7.154  42.863 0.0000000000
67409  -42.919  -9.789  42.474 0.0000000000
125032  -12.882  -41.056  69.561 0.0000000000
39141  -12.135  -41.476  66.164 0.0000000000
40023  -10.903  -41.280  64.309 0.0000000000
45008  -16.556  -35.095  62.661 0.0000000000
44209  -16.339  -36.876  63.561 0.0000000000
42534  -15.795  -37.763  65.581 0.0000000000
123895  -13.802  -39.633  63.825 0.0000000000
40869  -11.566  -40.387  62.521 0.0000000000
53951  -3.446  -25.287  63.443 0.0000000000
136499  -3.629  -26.681  60.780 0.0000000000
134592  -2.778  -27.534  57.530 0.0000000000
122736  -4.063  -31.539  57.713 0.0000000000
49358  -3.069  -30.209  55.624 0.0000000000
133897  -2.495  -28.565  54.343 0.0000000000
45824  -6.309  -34.895  68.064 0.0000000000
42494  -7.385  -39.129  68.836 0.0000000000
140958  -5.704  -38.413  68.388 0.0000000000
44176  -5.063  -36.748  66.675 0.0000000000
128719  -5.626  -38.189  65.844 0.0000000000
41684  -5.395  -39.798  62.455 0.0000000000
41707  -4.498  -39.829  59.444 0.0000000000
119447  -3.323  -45.165  62.545 0.0000000000
38346  -3.245  -43.299  60.363 0.0000000000
40104  -4.363  -41.256  57.713 0.0000000000
57458  -32.106  -20.873  65.858 0.0000000000
57450  -31.978  -20.983  66.313 0.0000000000
125157  -30.705  -22.255  64.666 0.0000000000
57479  -31.292  -21.224  64.845 0.0000000000
129994  -30.551  -23.441  65.433 0.0000000000
54832  -30.373  -24.619  63.894 0.0000000000
56600  -31.444  -22.107  66.410 0.0000000000
55705  -30.371  -23.485  66.163 0.0000000000
72730  -47.797  -4.048  41.732 0.0000000000
71039  -45.441  -6.312  41.567 0.0000000000
71046  -44.213  -6.859  40.842 0.0000000000
71861  -45.744  -5.389  41.419 0.0000000000
72742  -46.072  -3.841  40.917 0.0000000000
61950  -38.174  -16.204  51.720 0.0000000000
62839  -39.926  -15.816  52.559 0.0000000000
62838  -39.301  -15.791  52.530 0.0000000000
119847  -34.230  -16.684  51.170 0.0000000000
60991  -36.294  -16.704  50.887 0.0000000000
61004  -36.796  -17.235  50.113 0.0000000000
43420  -6.832  -38.150  58.175 0.0000000000
42593  -7.106  -37.973  57.540 0.0000000000
121558  -6.468  -38.842  57.366 0.0000000000
41742  -6.586  -39.574  56.001 0.0000000000
41734  -5.482  -39.759  57.270 0.0000000000
39159  -9.389  -41.798  64.460 0.0000000000
37430  -8.316  -42.466  64.826 0.0000000000
120467  -32.517  -17.742  59.965 0.0000000000
120929  -31.466  -17.710  59.767 0.0000000000
60029  -32.971  -17.771  59.423 0.0000000000
136428  -33.032  -17.793  57.995 0.0000000000
78148  -47.855  1.562  38.307 0.0000000000
78163  -46.397  1.496  37.114 0.0000000000
79116  -47.727  2.119  35.748 0.0000000000
45838  -4.486  -34.018  66.752 0.0000000000
139535  -4.300  -34.578  65.644 0.0000000000
44959  -4.766  -35.104  65.947 0.0000000000
66421  -43.351  -10.846  46.818 0.0000000000
67361  -45.028  -10.483  46.619 0.0000000000
65500  -39.725  -12.102  48.456 0.0000000000
65506  -38.856  -11.758  47.504 0.0000000000
66408  -40.614  -11.175  47.336 0.0000000000
124315  -41.998  -10.651  46.265 0.0000000000
41656  -15.844  -38.704  68.809 0.0000000000
42522  -16.068  -38.195  67.591 0.0000000000
48433  -19.418  -30.991  65.976 0.0000000000
48449  -18.401  -31.918  64.593 0.0000000000
54003  -5.773  -26.230  57.245 0.0000000000
140598  -2.030  -30.359  61.934 0.0000000000
50158  -1.635  -29.474  61.660 0.0000000000
128641  -2.786  -31.334  61.008 0.0000000000
45994  -3.923  -35.107  52.334 0.0000000000
45978  -4.251  -34.362  52.671 0.0000000000
141261  -3.077  -35.051  52.064 0.0000000000
43347  -10.294  -37.345  67.424 0.0000000000
43333  -9.988  -38.471  68.645 0.0000000000
38304  -4.384  -42.994  66.264 0.0000000000
134417  -3.805  -41.782  67.235 0.0000000000
120371  -3.797  -43.020  65.747 0.0000000000
39158  -4.202  -42.166  64.640 0.0000000000
120408  -3.682  -42.836  64.002 0.0000000000
58311  -31.171  -20.419  64.163 0.0000000000
58322  -30.266  -20.856  62.886 0.0000000000
59158  -32.265  -18.728  63.601 0.0000000000
59994  -31.899  -18.395  62.604 0.0000000000
52083  -29.286  -26.175  64.439 0.0000000000
52059  -28.594  -26.267  66.239 0.0000000000
51125  -27.543  -26.418  63.652 0.0000000000
52112  -26.394  -26.518  62.639 0.0000000000
76361  -49.020  -0.123  40.108 0.0000000000
75479  -46.990  -1.771  40.572 0.0000000000
75487  -45.277  -1.602  40.027 0.0000000000
76347  -47.224  -0.792  40.311 0.0000000000
132135  -46.968  0.158  39.867 0.0000000000
63786  -40.229  -14.614  50.230 0.0000000000
65480  -42.099  -12.584  50.540 0.0000000000
63783  -41.341  -14.396  51.348 0.0000000000
61031  -38.566  -17.530  48.283 0.0000000000
61040  -38.286  -17.754  48.042 0.0000000000
62860  -38.768  -16.278  48.727 0.0000000000
63790  -38.788  -14.214  49.069 0.0000000000
54855  -5.292  -24.265  61.626 0.0000000000
54870  -6.055  -24.708  60.052 0.0000000000
53969  -5.153  -25.013  61.291 0.0000000000
46741  -5.433  -33.282  60.131 0.0000000000
123699  -5.180  -32.910  59.600 0.0000000000
142505  -6.651  -33.189  59.322 0.0000000000
43441  -8.327  -36.419  55.492 0.0000000000
45082  -8.472  -35.573  56.009 0.0000000000
136197  -8.096  -35.976  54.683 0.0000000000
45105  -7.092  -35.790  53.503 0.0000000000
129878  -6.925  -37.128  52.837 0.0000000000
42636  -6.946  -38.950  52.906 0.0000000000
38279  -10.606  -42.125  68.584 0.0000000000
39121  -9.810  -41.675  69.140 0.0000000000
38287  -9.697  -42.326  68.253 0.0000000000
36469  -7.528  -43.133  66.171 0.0000000000
36444  -7.638  -43.184  67.028 0.0000000000
36459  -6.615  -43.475  65.866 0.0000000000
36450  -6.346  -43.503  66.345 0.0000000000
61927  -35.339  -16.193  54.908 0.0000000000
60957  -33.734  -17.621  56.209 0.0000000000
60075  -32.330  -17.783  55.193 0.0000000000
60969  -33.777  -17.456  54.917 0.0000000000
60977  -34.366  -16.831  53.822 0.0000000000
51072  -23.648  -28.343  70.239 0.0000000000
124509  -22.641  -28.781  68.726 0.0000000000
50122  -22.402  -28.616  67.826 0.0000000000
52038  -26.703  -26.911  68.378 0.0000000000
122018  -26.311  -27.072  68.920 0.0000000000
52044  -26.007  -27.326  67.659 0.0000000000
52107  -21.618  -27.090  63.278 0.0000000000
52066  -22.497  -27.289  65.199 0.0000000000
142230  -21.243  -27.573  64.064 0.0000000000
50144  -20.627  -28.460  64.977 0.0000000000
50163  -19.184  -28.749  62.456 0.0000000000
49302  -18.225  -30.495  61.228 0.0000000000
47565  -2.832  -32.455  66.223 0.0000000000
48434  -2.503  -31.448  65.902 0.0000000000
48442  -2.417  -31.460  64.899 0.0000000000
47583  -3.071  -32.363  63.917 0.0000000000
46719  -3.516  -33.126  62.422 0.0000000000
46712  -3.596  -33.293  63.302 0.0000000000
44985  -5.761  -35.429  64.425 0.0000000000
45005  -5.588  -34.829  63.149 0.0000000000
44208  -6.848  -36.221  63.498 0.0000000000
43388  -7.385  -37.264  61.332 0.0000000000
43380  -7.035  -37.494  62.882 0.0000000000
136784  -45.446  -8.518  43.646 0.0000000000
70200  -47.137  -7.061  44.225 0.0000000000
69355  -46.381  -8.062  44.740 0.0000000000
67387  -43.187  -10.429  44.482 0.0000000000
67398  -42.699  -10.394  43.925 0.0000000000
127241  -44.116  -9.849  43.236 0.0000000000
69361  -44.519  -8.850  42.460 0.0000000000
40819  -14.408  -39.159  70.155 0.0000000000
40012  -13.756  -40.689  66.255 0.0000000000
40000  -13.429  -41.171  67.378 0.0000000000
39151  -12.876  -41.212  65.602 0.0000000000
39149  -11.484  -41.703  65.354 0.0000000000
40024  -11.814  -41.172  64.500 0.0000000000
45918  -16.452  -34.839  59.969 0.0000000000
45887  -16.967  -34.348  62.413 0.0000000000
45907  -16.309  -35.363  60.479 0.0000000000
42572  -15.032  -37.983  61.179 0.0000000000
43390  -16.086  -37.019  61.748 0.0000000000
43375  -15.757  -37.653  63.233 0.0000000000
43369  -16.093  -37.302  65.026 0.0000000000
42547  -15.271  -38.356  63.705 0.0000000000
41675  -14.815  -39.006  64.808 0.0000000000
41686  -14.218  -39.349  62.952 0.0000000000
41701  -11.717  -39.623  61.110 0.0000000000
53950  -3.009  -25.699  63.887 0.0000000000
51161  -2.018  -27.859  60.187 0.0000000000
52130  -2.867  -27.235  60.658 0.0000000000
52136  -2.733  -27.374  59.617 0.0000000000
53088  -2.985  -26.825  58.958 0.0000000000
128826  -2.594  -27.659  58.034 0.0000000000
47660  -5.380  -32.199  58.220 0.0000000000
48493  -4.698  -31.953  58.301 0.0000000000
48509  -5.056  -31.525  56.896 0.0000000000
47688  -3.831  -31.631  54.053 0.0000000000
49359  -3.640  -30.865  55.150 0.0000000000
127199  -2.946  -30.419  54.757 0.0000000000
50235  -2.685  -29.364  55.067 0.0000000000
49373  -2.826  -30.380  54.020 0.0000000000
137265  -2.557  -28.702  53.145 0.0000000000
44938  -7.431  -35.990  67.998 0.0000000000
39983  -8.039  -41.026  69.496 0.0000000000
139865  -8.390  -39.755  69.408 0.0000000000
40813  -6.993  -40.557  69.016 0.0000000000
40832  -4.182  -40.597  68.032 0.0000000000
128624  -5.350  -39.866  68.064 0.0000000000
42515  -5.272  -39.528  67.729 0.0000000000
43338  -5.538  -38.117  67.372 0.0000000000
136291  -5.531  -38.229  66.864 0.0000000000
43354  -5.431  -37.310  66.450 0.0000000000
42524  -5.470  -39.241  66.109 0.0000000000
40866  -4.581  -40.743  62.528 0.0000000000
41683  -5.262  -40.011  63.085 0.0000000000
41691  -5.109  -40.258  62.098 0.0000000000
41692  -5.218  -39.844  61.393 0.0000000000
125116  -4.327  -40.474  60.296 0.0000000000
36510  -3.406  -45.939  60.953 0.0000000000
37447  -3.342  -44.882  61.400 0.0000000000
59137  -33.034  -18.970  64.907 0.0000000000
126368  -29.922  -24.361  61.898 0.0000000000
55744  -29.882  -23.367  62.357 0.0000000000
56629  -30.354  -22.287  63.539 0.0000000000
57480  -31.545  -20.534  64.915 0.0000000000
52084  -29.598  -25.730  64.038 0.0000000000
52098  -29.687  -25.535  63.033 0.0000000000
53964  -30.087  -24.810  62.672 0.0000000000
53938  -29.531  -25.274  65.978 0.0000000000
122696  -48.503  -2.094  40.995 0.0000000000
71045  -43.497  -6.557  40.471 0.0000000000
72739  -43.736  -4.943  40.327 0.0000000000
73658  -43.994  -3.583  40.179 0.0000000000
72740  -44.680  -3.974  40.485 0.0000000000
74564  -46.814  -2.571  40.810 0.0000000000
61957  -40.100  -17.063  51.040 0.0000000000
63775  -41.682  -14.973  52.089 0.0000000000
61946  -40.459  -16.354  52.155 0.0000000000
63751  -41.628  -14.698  53.609 0.0000000000
136859  -32.334  -17.289  51.927 0.0000000000
143000  -32.606  -17.155  50.566 0.0000000000
121135  -33.171  -17.155  50.036 0.0000000000
61029  -34.867  -17.922  48.600 0.0000000000
60113  -35.547  -18.258  48.016 0.0000000000
140163  -36.351  -17.860  48.960 0.0000000000
124325  -38.026  -17.381  49.574 0.0000000000
45043  -8.152  -35.629  59.650 0.0000000000
45917  -8.131  -34.493  58.609 0.0000000000
44247  -8.309  -36.137  58.162 0.0000000000
44273  -7.889  -36.861  57.018 0.0000000000
123254  -8.106  -37.891  54.920 0.0000000000
41762  -7.369  -39.379  53.702 0.0000000000
41750  -7.169  -39.482  54.778 0.0000000000
134253  -6.517  -40.739  54.857 0.0000000000
37415  -10.206  -42.303  66.830 0.0000000000
121244  -9.475  -42.396  67.451 0.0000000000
37422  -9.492  -42.522  65.986 0.0000000000
60959  -35.149  -16.802  56.934 0.0000000000
58341  -28.781  -20.379  61.020 0.0000000000
58352  -28.022  -20.498  59.772 0.0000000000
59178  -28.799  -19.132  59.927 0.0000000000
120474  -30.115  -18.402  58.723 0.0000000000
60047  -30.859  -18.335  57.276 0.0000000000
60048  -31.787  -17.791  57.211 0.0000000000
60059  -33.141  -17.883  56.767 0.0000000000
52025  -25.280  -27.418  70.249 0.0000000000
119435  -25.483  -26.475  64.262 0.0000000000
120491  -24.986  -26.669  65.294 0.0000000000
52093  -24.006  -26.535  63.866 0.0000000000
51148  -21.608  -26.812  61.351 0.0000000000
77255  -44.974  0.752  36.816 0.0000000000
135970  -45.201  0.766  36.000 0.0000000000
78191  -45.729  1.241  34.736 0.0000000000
78196  -45.838  1.227  33.708 0.0000000000
46678  -3.221  -33.340  66.000 0.0000000000
127653  -3.855  -33.964  63.783 0.0000000000
45847  -3.927  -34.431  65.080 0.0000000000
44983  -4.766  -34.746  64.539 0.0000000000
44191  -5.670  -36.074  65.261 0.0000000000
68373  -44.309  -10.080  44.756 0.0000000000
68369  -45.226  -9.906  46.124 0.0000000000
65509  -37.206  -12.421  46.760 0.0000000000
66432  -38.127  -10.882  45.752 0.0000000000
67371  -39.636  -10.370  45.071 0.0000000000
67356  -40.637  -10.546  45.699 0.0000000000
67374  -42.327  -10.572  45.250 0.0000000000
40827  -14.767  -39.268  69.875 0.0000000000
41652  -15.590  -39.158  69.120 0.0000000000
40837  -15.171  -39.770  67.676 0.0000000000
123445  -14.175  -40.240  65.332 0.0000000000
42581  -14.301  -37.780  59.691 0.0000000000
41703  -12.860  -38.686  60.959 0.0000000000
126369  -2.198  -27.620  63.932 0.0000000000
53056  -2.569  -26.806  62.948 0.0000000000
126504  -1.895  -28.207  62.727 0.0000000000
122774  -1.508  -28.680  61.376 0.0000000000
50186  -2.100  -29.762  59.010 0.0000000000
46791  -5.780  -32.743  54.842 0.0000000000
47680  -5.325  -32.069  55.398 0.0000000000
47690  -5.115  -32.403  54.441 0.0000000000
47700  -4.080  -32.732  53.411 0.0000000000
47705  -3.459  -32.864  52.619 0.0000000000
44963  -11.061  -36.030  65.870 0.0000000000
44955  -9.676  -36.005  66.717 0.0000000000
44171  -8.702  -36.615  67.895 0.0000000000
38281  -5.614  -42.176  67.907 0.0000000000
39990  -5.592  -40.891  68.107 0.0000000000
137971  -4.101  -41.862  68.031 0.0000000000
128593  -3.542  -40.916  68.042 0.0000000000
140102  -4.067  -40.804  66.874 0.0000000000
41670  -5.272  -40.551  65.545 0.0000000000
126457  -4.737  -41.319  65.518 0.0000000000
134303  -4.657  -41.131  64.134 0.0000000000
40038  -4.206  -41.528  62.213 0.0000000000
56666  -29.390  -23.240  60.580 0.0000000000
56652  -29.672  -23.094  61.931 0.0000000000
57514  -29.683  -21.623  62.133 0.0000000000
57513  -29.441  -20.981  61.537 0.0000000000
59163  -30.124  -19.394  62.050 0.0000000000
119374  -32.068  -17.830  61.703 0.0000000000
52047  -27.581  -26.313  67.682 0.0000000000
53928  -28.432  -25.577  67.624 0.0000000000
52058  -27.734  -26.541  66.885 0.0000000000
52070  -26.562  -26.533  65.978 0.0000000000
52094  -25.906  -26.506  63.384 0.0000000000
75485  -43.683  -1.551  39.311 0.0000000000
77224  -46.144  0.453  39.400 0.0000000000
77239  -47.257  1.250  38.953 0.0000000000
66386  -42.110  -11.627  49.034 0.0000000000
66402  -44.138  -11.393  48.461 0.0000000000
139748  -43.487  -12.062  49.869 0.0000000000
60128  -35.932  -18.295  47.555 0.0000000000
124728  -37.299  -14.919  47.479 0.0000000000
123293  -39.234  -12.804  48.746 0.0000000000
48467  -17.781  -31.749  62.461 0.0000000000
47608  -17.601  -32.378  62.630 0.0000000000
46743  -17.117  -33.102  60.710 0.0000000000
45919  -16.532  -33.959  59.759 0.0000000000
53990  -5.730  -25.844  58.931 0.0000000000
53104  -4.948  -26.522  57.754 0.0000000000
47626  -3.327  -32.520  61.523 0.0000000000
48478  -3.526  -32.427  61.043 0.0000000000
140992  -4.469  -32.816  60.084 0.0000000000
47651  -5.480  -32.384  58.521 0.0000000000
47662  -6.608  -32.657  57.097 0.0000000000
45935  -8.393  -34.573  57.311 0.0000000000
45943  -7.903  -33.929  56.843 0.0000000000
46793  -7.365  -33.351  55.544 0.0000000000
122963  -7.185  -34.395  54.250 0.0000000000
41648  -10.157  -39.185  69.071 0.0000000000
40816  -10.123  -40.119  69.662 0.0000000000
39111  -9.079  -41.394  69.531 0.0000000000
39118  -7.521  -41.829  69.073 0.0000000000
37390  -8.537  -42.734  67.718 0.0000000000
37380  -7.787  -42.787  68.215 0.0000000000
38282  -6.502  -42.346  68.222 0.0000000000
37386  -6.090  -42.826  67.747 0.0000000000
37411  -5.096  -43.445  66.023 0.0000000000
37420  -4.163  -44.029  64.934 0.0000000000
62836  -36.931  -15.375  53.044 0.0000000000
63750  -38.914  -14.841  53.460 0.0000000000
62810  -36.923  -14.847  53.819 0.0000000000
57540  -27.416  -21.375  58.479 0.0000000000
60974  -32.036  -17.532  53.315 0.0000000000
61939  -34.916  -16.432  53.201 0.0000000000
49256  -20.913  -29.578  67.892 0.0000000000
124061  -19.511  -30.231  65.494 0.0000000000
120849  -27.031  -26.067  70.124 0.0000000000
119656  -26.127  -27.093  69.972 0.0000000000
51091  -24.581  -27.839  68.408 0.0000000000
52055  -24.431  -27.316  66.841 0.0000000000
138893  -23.887  -27.589  67.277 0.0000000000
133614  -23.955  -28.081  67.887 0.0000000000
50137  -21.718  -28.154  66.066 0.0000000000
50135  -19.965  -29.186  65.277 0.0000000000
133087  -18.728  -30.401  63.646 0.0000000000
48473  -18.012  -31.256  61.878 0.0000000000
78200  -46.233  1.408  32.854 0.0000000000
78201  -46.669  1.543  32.066 0.0000000000
78214  -46.641  1.676  30.532 0.0000000000
51118  -2.135  -29.171  63.964 0.0000000000
49278  -2.324  -30.565  63.697 0.0000000000
50124  -2.153  -29.862  65.875 0.0000000000
128435  -2.681  -31.462  63.845 0.0000000000
48466  -2.956  -32.185  62.334 0.0000000000
46728  -3.296  -32.929  62.103 0.0000000000
45893  -4.321  -33.466  61.637 0.0000000000
45894  -5.221  -33.799  61.615 0.0000000000
45876  -4.595  -34.269  63.356 0.0000000000
45886  -5.732  -34.480  62.387 0.0000000000
45896  -7.085  -34.381  60.951 0.0000000000
44223  -7.675  -36.378  61.006 0.0000000000
43396  -7.408  -37.389  60.458 0.0000000000
42578  -6.124  -38.766  59.317 0.0000000000
71034  -46.405  -6.337  42.637 0.0000000000
67384  -40.915  -10.325  44.169 0.0000000000
67407  -40.785  -10.430  43.078 0.0000000000
126201  -42.290  -10.071  42.064 0.0000000000
68382  -43.389  -9.246  41.957 0.0000000000
70207  -45.082  -7.509  41.803 0.0000000000
39115  -12.177  -41.282  69.889 0.0000000000
38290  -11.631  -41.883  68.159 0.0000000000
39998  -14.115  -40.855  69.025 0.0000000000
39129  -12.771  -41.447  67.414 0.0000000000
38298  -11.397  -41.771  66.791 0.0000000000
39160  -10.382  -41.818  64.766 0.0000000000
46714  -17.518  -33.376  63.244 0.0000000000
45878  -17.153  -34.094  63.211 0.0000000000
45865  -17.163  -34.894  64.305 0.0000000000
44224  -16.215  -36.224  61.405 0.0000000000
44218  -16.612  -36.098  62.866 0.0000000000
44986  -17.139  -35.543  64.774 0.0000000000
44188  -17.314  -36.038  66.154 0.0000000000
134288  -16.390  -37.098  66.265 0.0000000000
43356  -16.305  -37.437  67.051 0.0000000000
42525  -15.570  -38.371  66.196 0.0000000000
40848  -14.449  -39.653  65.101 0.0000000000
40854  -13.639  -40.146  64.393 0.0000000000
41694  -12.882  -39.324  61.694 0.0000000000
40877  -12.288  -40.122  62.644 0.0000000000
40033  -12.304  -40.778  63.945 0.0000000000
40041  -11.107  -40.640  62.939 0.0000000000
54842  -4.061  -24.901  63.197 0.0000000000
53064  -2.881  -26.623  62.156 0.0000000000
141542  -3.784  -26.330  61.391 0.0000000000
53968  -4.499  -25.456  61.552 0.0000000000
53090  -4.296  -26.499  59.775 0.0000000000
140946  -3.640  -26.686  58.786 0.0000000000
53102  -3.670  -27.131  56.957 0.0000000000
48486  -3.521  -32.244  59.926 0.0000000000
48485  -3.166  -31.355  59.156 0.0000000000
49329  -2.862  -30.077  57.711 0.0000000000
48508  -4.692  -31.465  56.327 0.0000000000
49345  -3.625  -30.948  56.159 0.0000000000
142830  -2.684  -29.301  57.812 0.0000000000
51199  -2.416  -28.330  56.315 0.0000000000
52158  -2.563  -27.719  55.602 0.0000000000
52159  -3.196  -27.266  55.417 0.0000000000
52176  -2.663  -27.759  53.216 0.0000000000
121544  -9.192  -39.168  69.067 0.0000000000
43324  -8.335  -38.304  68.781 0.0000000000
43323  -7.759  -38.016  68.903 0.0000000000
41638  -6.136  -39.808  68.533 0.0000000000
42502  -6.123  -39.095  68.780 0.0000000000
136311  -6.998  -37.174  68.804 0.0000000000
44161  -6.102  -36.700  68.270 0.0000000000
44170  -5.209  -36.172  67.496 0.0000000000
44943  -4.933  -35.599  67.172 0.0000000000
44183  -5.304  -36.602  66.367 0.0000000000
43360  -5.831  -37.126  65.678 0.0000000000
43367  -5.971  -37.097  65.187 0.0000000000
41674  -5.371  -40.016  64.989 0.0000000000
42539  -5.642  -39.205  64.508 0.0000000000
42546  -6.456  -38.314  63.440 0.0000000000
42552  -5.732  -39.302  61.795 0.0000000000
42568  -5.525  -39.179  59.588 0.0000000000
41708  -5.018  -39.360  59.202 0.0000000000
37428  -3.860  -44.862  64.345 0.0000000000
36491  -3.156  -46.211  63.189 0.0000000000
37435  -3.387  -44.647  64.036 0.0000000000
38331  -3.211  -43.552  62.599 0.0000000000
38337  -3.254  -43.160  61.665 0.0000000000
39203  -3.569  -42.392  60.859 0.0000000000
38355  -3.072  -43.043  59.315 0.0000000000
40062  -3.664  -41.369  60.235 0.0000000000
40076  -3.358  -40.884  59.306 0.0000000000
40890  -4.532  -40.541  58.251 0.0000000000
41724  -4.796  -40.037  57.880 0.0000000000
40117  -5.022  -40.957  56.476 0.0000000000
138501  -5.241  -41.934  55.555 0.0000000000
57469  -31.667  -21.403  65.729 0.0000000000
57457  -31.764  -21.491  66.253 0.0000000000
56609  -31.192  -21.947  65.447 0.0000000000
121159  -31.292  -21.535  65.148 0.0000000000
133203  -30.595  -22.929  64.944 0.0000000000
55706  -31.030  -22.520  65.808 0.0000000000
72731  -48.625  -3.949  42.203 0.0000000000
71040  -46.107  -5.972  41.903 0.0000000000
132855  -46.351  -4.797  41.481 0.0000000000
61943  -38.828  -15.987  52.136 0.0000000000
62837  -38.362  -15.680  52.687 0.0000000000
138162  -36.318  -16.428  51.761 0.0000000000
61948  -35.715  -16.550  51.680 0.0000000000
61949  -37.146  -16.226  51.808 0.0000000000
60992  -36.949  -16.575  51.001 0.0000000000
42586  -6.217  -38.692  58.570 0.0000000000
42592  -6.410  -38.581  57.822 0.0000000000
41726  -5.987  -39.177  57.719 0.0000000000
38326  -8.402  -42.041  63.853 0.0000000000
66410  -42.817  -11.150  47.503 0.0000000000
66411  -43.703  -11.183  47.593 0.0000000000
66398  -40.664  -11.595  48.116 0.0000000000
66409  -41.445  -11.285  47.595 0.0000000000
123511  -42.088  -10.892  47.113 0.0000000000
43337  -16.544  -36.999  69.441 0.0000000000
43343  -16.364  -37.681  68.944 0.0000000000
43351  -16.429  -37.618  68.076 0.0000000000
49269  -19.065  -30.902  64.812 0.0000000000
48438  -19.149  -31.258  65.314 0.0000000000
119130  -4.884  -26.463  56.912 0.0000000000
53111  -5.684  -26.362  56.431 0.0000000000
138518  -2.487  -31.306  62.185 0.0000000000
136165  -2.458  -31.120  61.604 0.0000000000
42516  -10.826  -38.609  68.416 0.0000000000
134150  -3.944  -43.499  65.736 0.0000000000
134432  -3.969  -42.926  66.137 0.0000000000
120409  -3.724  -42.976  64.930 0.0000000000
38319  -3.573  -43.692  64.355 0.0000000000
59147  -32.524  -19.037  64.449 0.0000000000
59146  -31.682  -19.592  63.977 0.0000000000
51113  -28.819  -26.405  63.918 0.0000000000
140997  -28.156  -26.434  64.099 0.0000000000
76348  -48.403  -0.746  40.415 0.0000000000
75480  -47.920  -1.505  40.686 0.0000000000
76360  -47.968  -0.031  40.046 0.0000000000
64634  -40.902  -13.964  50.595 0.0000000000
63782  -40.745  -14.994  50.863 0.0000000000
61962  -39.657  -17.094  49.896 0.0000000000
61967  -39.174  -17.271  48.985 0.0000000000
125576  -39.567  -16.531  49.491 0.0000000000
62855  -39.883  -15.511  49.856 0.0000000000
55736  -4.706  -23.519  62.543 0.0000000000
54844  -4.894  -24.095  62.168 0.0000000000
45915  -6.552  -33.506  59.960 0.0000000000
45916  -7.337  -33.836  59.215 0.0000000000
43457  -8.240  -37.030  54.543 0.0000000000
43470  -7.683  -37.068  53.620 0.0000000000
139206  -7.382  -37.681  53.308 0.0000000000
126512  -7.005  -38.038  52.736 0.0000000000
42637  -7.403  -38.424  53.463 0.0000000000
38289  -10.749  -42.240  68.150 0.0000000000
38278  -10.045  -41.974  68.659 0.0000000000
37384  -9.933  -42.434  67.915 0.0000000000
36460  -7.238  -43.194  66.376 0.0000000000
141965  -35.238  -16.329  55.269 0.0000000000
61918  -35.777  -15.842  55.186 0.0000000000
61905  -35.751  -15.921  56.572 0.0000000000
57533  -29.155  -23.128  59.892 0.0000000000
60963  -34.300  -17.245  55.437 0.0000000000
135836  -34.834  -16.533  54.856 0.0000000000
50108  -23.847  -28.317  69.595 0.0000000000
50116  -23.282  -28.532  69.153 0.0000000000
50123  -23.176  -28.307  68.138 0.0000000000
52045  -26.589  -27.097  67.714 0.0000000000
51137  -20.794  -27.309  62.334 0.0000000000
51123  -20.618  -27.679  63.487 0.0000000000
51136  -19.806  -27.910  62.991 0.0000000000
142290  -20.077  -28.146  63.655 0.0000000000
141100  -19.260  -28.463  61.686 0.0000000000
140125  -18.851  -28.944  61.586 0.0000000000
50167  -18.832  -28.885  60.785 0.0000000000
48427  -2.924  -31.306  66.658 0.0000000000
47572  -3.074  -32.248  65.114 0.0000000000
139722  -3.242  -32.915  64.425 0.0000000000
46711  -3.442  -33.146  63.500 0.0000000000
134717  -3.564  -33.615  63.830 0.0000000000
44200  -6.410  -36.020  64.390 0.0000000000
44995  -6.171  -35.333  63.822 0.0000000000
69359  -46.009  -8.047  43.957 0.0000000000
69354  -45.532  -8.659  44.549 0.0000000000
67400  -43.867  -10.077  44.171 0.0000000000
67399  -43.447  -10.109  43.625 0.0000000000
139033  -44.438  -9.678  43.894 0.0000000000
69357  -44.546  -9.370  43.074 0.0000000000
40011  -13.281  -40.955  65.893 0.0000000000
40016  -12.889  -41.264  65.111 0.0000000000
40025  -12.676  -41.015  64.666 0.0000000000
45045  -16.196  -35.291  59.098 0.0000000000
44240  -15.923  -35.859  59.688 0.0000000000
42562  -14.662  -38.407  61.567 0.0000000000
42563  -15.188  -38.247  61.871 0.0000000000
42555  -15.221  -38.320  62.783 0.0000000000
41687  -14.676  -38.844  63.283 0.0000000000
41695  -14.099  -38.852  62.067 0.0000000000
127090  -2.565  -26.235  64.478 0.0000000000
130303  -2.211  -28.148  59.333 0.0000000000
52140  -2.642  -27.409  58.755 0.0000000000
51186  -2.431  -28.069  58.594 0.0000000000
47669  -5.428  -31.919  57.346 0.0000000000
48499  -5.204  -31.843  57.704 0.0000000000
119465  -5.417  -31.808  56.425 0.0000000000
48533  -3.425  -31.515  53.560 0.0000000000
49374  -3.387  -31.036  54.276 0.0000000000
49385  -2.659  -30.410  53.171 0.0000000000
48532  -2.919  -31.331  53.096 0.0000000000
44947  -8.324  -35.994  67.706 0.0000000000
132794  -7.336  -41.152  69.240 0.0000000000
40814  -7.429  -40.652  69.319 0.0000000000
39992  -6.779  -41.067  68.837 0.0000000000
41654  -5.050  -40.077  67.508 0.0000000000
42521  -5.355  -39.223  67.038 0.0000000000
126513  -5.445  -38.722  67.323 0.0000000000
132564  -5.552  -38.295  66.760 0.0000000000
42523  -5.383  -39.415  66.753 0.0000000000
40867  -4.853  -40.388  62.807 0.0000000000
127703  -4.765  -40.560  61.821 0.0000000000
134059  -4.730  -40.267  60.983 0.0000000000
137100  -4.544  -40.548  61.014 0.0000000000
135427  -3.246  -47.277  60.324 0.0000000000
35634  -3.387  -46.995  60.996 0.0000000000
119450  -3.190  -46.491  59.933 0.0000000000
59136  -32.265  -19.650  65.148 0.0000000000
126661  -30.073  -24.310  62.342 0.0000000000
54850  -30.060  -23.791  62.430 0.0000000000
55735  -30.183  -23.221  62.864 0.0000000000
58312  -31.777  -19.801  64.630 0.0000000000
53054  -29.750  -25.624  64.217 0.0000000000
52097  -29.430  -25.894  63.460 0.0000000000
53055  -29.996  -25.089  63.855 0.0000000000
127692  -30.468  -23.914  63.565 0.0000000000
54841  -30.202  -24.654  63.166 0.0000000000
142302  -30.144  -24.507  62.670 0.0000000000
53972  -29.949  -24.666  62.124 0.0000000000
54810  -30.168  -24.366  65.700 0.0000000000
53946  -29.978  -25.783  65.087 0.0000000000
53049  -29.837  -25.956  64.947 0.0000000000
74566  -49.485  -1.929  41.073 0.0000000000
74557  -49.087  -2.607  41.400 0.0000000000
68388  -43.153  -8.843  41.155 0.0000000000
69370  -42.874  -8.492  40.544 0.0000000000
69371  -43.527  -8.299  40.877 0.0000000000
71047  -44.852  -5.869  41.129 0.0000000000
71870  -44.050  -5.822  40.602 0.0000000000
71881  -43.264  -5.637  40.218 0.0000000000
143511  -44.062  -4.307  40.362 0.0000000000
73650  -47.555  -3.433  41.352 0.0000000000
73661  -46.767  -3.307  41.060 0.0000000000
73662  -47.350  -2.892  41.103 0.0000000000
74565  -47.608  -2.294  40.885 0.0000000000
60995  -39.846  -17.074  51.475 0.0000000000
62843  -40.451  -16.644  51.709 0.0000000000
61953  -40.061  -17.117  51.901 0.0000000000
62826  -40.433  -15.450  53.253 0.0000000000
62827  -41.100  -15.431  53.259 0.0000000000
62812  -40.900  -14.893  53.736 0.0000000000
60989  -33.265  -16.817  51.867 0.0000000000
61002  -35.249  -16.961  50.330 0.0000000000
61001  -34.128  -17.235  50.216 0.0000000000
61015  -33.972  -17.544  49.365 0.0000000000
61016  -35.054  -17.547  49.411 0.0000000000
61030  -35.962  -18.035  48.657 0.0000000000
134661  -38.477  -16.939  50.500 0.0000000000
61019  -37.184  -17.659  49.335 0.0000000000
61006  -38.923  -17.335  50.010 0.0000000000
44239  -8.345  -36.204  58.891 0.0000000000
44246  -7.910  -36.851  58.403 0.0000000000
125405  -6.943  -38.263  57.080 0.0000000000
132732  -7.473  -37.332  57.399 0.0000000000
43429  -7.410  -37.568  56.899 0.0000000000
42602  -7.448  -37.860  56.084 0.0000000000
42611  -7.313  -38.698  55.455 0.0000000000
40907  -5.839  -40.073  56.620 0.0000000000
40916  -6.231  -40.444  55.833 0.0000000000
40915  -5.971  -41.083  55.534 0.0000000000
38305  -10.180  -42.330  66.241 0.0000000000
37414  -9.592  -42.413  66.850 0.0000000000
60949  -34.696  -17.362  57.570 0.0000000000
60002  -29.673  -19.038  61.264 0.0000000000
59170  -28.921  -19.474  60.882 0.0000000000
60014  -30.175  -18.381  60.460 0.0000000000
137997  -31.398  -17.910  58.724 0.0000000000
60027  -30.618  -18.054  59.305 0.0000000000
60039  -30.761  -18.079  58.219 0.0000000000
60038  -29.953  -18.497  57.882 0.0000000000
122670  -31.332  -18.175  56.961 0.0000000000
60051  -34.235  -17.602  58.049 0.0000000000
60050  -33.455  -17.763  57.621 0.0000000000
52022  -24.988  -27.193  70.935 0.0000000000
52026  -25.832  -26.849  70.474 0.0000000000
119806  -24.941  -26.454  63.341 0.0000000000
141263  -24.675  -26.496  64.304 0.0000000000
52110  -24.056  -26.436  62.893 0.0000000000
77250  -45.190  0.786  37.786 0.0000000000
77249  -44.487  0.451  37.536 0.0000000000
78176  -45.697  1.134  36.477 0.0000000000
78186  -45.719  1.127  35.645 0.0000000000
78187  -46.375  1.494  35.271 0.0000000000
119954  -46.926  1.711  35.714 0.0000000000
46684  -3.428  -33.866  65.201 0.0000000000
45842  -3.809  -34.046  65.785 0.0000000000
44967  -4.633  -34.922  65.265 0.0000000000
44968  -5.042  -35.118  65.090 0.0000000000
44969  -5.265  -35.311  65.036 0.0000000000
67376  -44.229  -10.415  45.537 0.0000000000
68368  -44.753  -9.990  45.395 0.0000000000
67377  -44.668  -10.337  46.004 0.0000000000
64647  -37.380  -13.447  47.502 0.0000000000
66407  -39.737  -11.087  47.066 0.0000000000
137681  -37.986  -11.895  46.936 0.0000000000
66416  -38.274  -11.191  46.305 0.0000000000
67354  -39.002  -10.598  45.823 0.0000000000
66417  -39.796  -10.690  46.195 0.0000000000
67359  -43.140  -10.740  46.052 0.0000000000
67358  -42.480  -10.629  45.796 0.0000000000
67388  -43.713  -10.426  45.012 0.0000000000
41653  -15.768  -38.489  69.583 0.0000000000
41658  -15.502  -39.228  67.397 0.0000000000
41655  -15.526  -39.159  68.288 0.0000000000
40842  -14.990  -39.754  66.762 0.0000000000
40847  -14.261  -40.227  66.090 0.0000000000
128248  -14.610  -39.640  65.940 0.0000000000
42580  -13.482  -38.176  59.385 0.0000000000
42579  -12.486  -38.559  59.086 0.0000000000
52087  -2.187  -27.561  63.181 0.0000000000
129423  -2.252  -30.344  61.210 0.0000000000
50166  -1.823  -29.379  60.726 0.0000000000
50174  -2.007  -29.628  59.780 0.0000000000
46801  -5.518  -33.057  53.871 0.0000000000
46812  -4.053  -33.646  52.815 0.0000000000
46811  -3.644  -33.224  52.710 0.0000000000
47699  -3.745  -32.276  53.293 0.0000000000
46826  -3.056  -33.797  52.125 0.0000000000
43346  -9.489  -37.289  67.784 0.0000000000
44178  -10.192  -36.634  66.979 0.0000000000
44172  -9.004  -36.512  67.565 0.0000000000
122529  -8.923  -37.456  68.405 0.0000000000
39128  -4.666  -42.020  67.852 0.0000000000
39127  -4.186  -41.998  67.813 0.0000000000
39999  -3.493  -41.513  67.776 0.0000000000
123838  -3.794  -41.277  66.897 0.0000000000
129943  -3.553  -40.927  67.474 0.0000000000
40845  -4.699  -41.263  66.247 0.0000000000
129498  -4.340  -41.749  63.976 0.0000000000
40022  -4.525  -41.440  64.761 0.0000000000
40030  -4.368  -41.238  63.249 0.0000000000
127227  -29.311  -23.587  59.958 0.0000000000
55749  -29.739  -23.724  61.628 0.0000000000
56643  -29.889  -22.612  62.600 0.0000000000
124998  -29.404  -21.883  61.351 0.0000000000
58331  -29.888  -20.437  62.255 0.0000000000
121867  -29.055  -26.337  61.387 0.0000000000
139554  -27.782  -25.697  68.926 0.0000000000
53034  -27.510  -26.120  68.312 0.0000000000
54797  -29.442  -24.525  67.445 0.0000000000
52071  -27.422  -26.513  65.740 0.0000000000
123783  -27.524  -26.606  66.506 0.0000000000
119585  -26.306  -26.486  64.182 0.0000000000
52124  -25.453  -26.660  61.435 0.0000000000
78135  -49.420  0.990  39.174 0.0000000000
73659  -44.586  -3.081  40.358 0.0000000000
73667  -43.961  -2.896  39.951 0.0000000000
74570  -44.350  -2.168  40.013 0.0000000000
138502  -45.561  -0.832  39.821 0.0000000000
75486  -44.460  -1.428  39.642 0.0000000000
76358  -44.852  -0.865  39.536 0.0000000000
76367  -45.315  -0.099  39.323 0.0000000000
77225  -47.641  0.649  39.501 0.0000000000
77240  -48.271  1.155  39.056 0.0000000000
65502  -41.474  -11.959  49.280 0.0000000000
66387  -42.859  -11.685  49.267 0.0000000000
132617  -41.539  -12.333  49.916 0.0000000000
64636  -42.469  -13.168  51.387 0.0000000000
65481  -43.729  -12.545  50.725 0.0000000000
63764  -41.751  -15.119  52.716 0.0000000000
63776  -42.401  -14.386  52.650 0.0000000000
60114  -36.490  -18.200  48.159 0.0000000000
60129  -36.891  -18.112  47.875 0.0000000000
61969  -37.711  -17.058  47.780 0.0000000000
61974  -37.048  -16.213  47.100 0.0000000000
62865  -37.891  -15.227  48.102 0.0000000000
64641  -40.201  -13.404  49.917 0.0000000000
64645  -39.294  -13.428  49.286 0.0000000000
65492  -39.905  -12.608  49.262 0.0000000000
65501  -40.682  -12.009  48.886 0.0000000000
47618  -17.506  -32.122  61.814 0.0000000000
47629  -17.439  -32.344  60.832 0.0000000000
45929  -16.557  -34.012  58.639 0.0000000000
54864  -6.306  -23.975  60.254 0.0000000000
53984  -5.534  -25.516  59.739 0.0000000000
53097  -4.996  -26.499  58.635 0.0000000000
47627  -3.615  -32.670  61.207 0.0000000000
47628  -4.149  -32.825  60.735 0.0000000000
46752  -6.064  -32.850  59.367 0.0000000000
47641  -5.401  -32.557  59.048 0.0000000000
46763  -6.112  -32.607  58.571 0.0000000000
47661  -5.837  -32.333  57.752 0.0000000000
137129  -6.490  -32.754  57.816 0.0000000000
45056  -8.542  -35.186  57.900 0.0000000000
45927  -8.220  -34.347  57.999 0.0000000000
45069  -8.593  -35.459  56.921 0.0000000000
45955  -8.389  -34.752  55.440 0.0000000000
45944  -8.454  -34.729  56.398 0.0000000000
45954  -8.058  -33.890  55.873 0.0000000000
45968  -7.986  -33.963  54.872 0.0000000000
46802  -7.147  -33.606  54.781 0.0000000000
44307  -6.275  -36.162  52.849 0.0000000000
45104  -6.198  -35.211  53.147 0.0000000000
40931  -6.563  -40.567  53.315 0.0000000000
40822  -10.207  -39.813  69.542 0.0000000000
40817  -10.658  -40.176  69.595 0.0000000000
39120  -9.313  -41.863  69.227 0.0000000000
132462  -8.762  -42.028  69.327 0.0000000000
39119  -8.102  -42.030  69.281 0.0000000000
143422  -8.536  -42.244  69.052 0.0000000000
37391  -9.008  -42.448  67.602 0.0000000000
37402  -8.414  -42.863  67.307 0.0000000000
36443  -7.345  -43.150  67.251 0.0000000000
37389  -7.913  -43.021  67.667 0.0000000000
37388  -7.378  -42.923  67.880 0.0000000000
38283  -7.291  -42.487  68.447 0.0000000000
37379  -6.852  -42.751  68.033 0.0000000000
36458  -5.659  -43.795  65.711 0.0000000000
36449  -5.752  -43.412  66.600 0.0000000000
61935  -35.902  -15.778  53.365 0.0000000000
58359  -27.625  -21.007  59.193 0.0000000000
60968  -33.239  -17.543  54.767 0.0000000000
60074  -31.539  -18.069  54.895 0.0000000000
60083  -32.409  -17.605  54.298 0.0000000000
61934  -35.323  -16.248  53.659 0.0000000000
139214  -35.542  -16.038  53.017 0.0000000000
50121  -21.529  -29.009  67.394 0.0000000000
49257  -21.892  -29.181  68.360 0.0000000000
49264  -20.716  -29.533  66.900 0.0000000000
50128  -20.280  -29.330  66.026 0.0000000000
51083  -26.001  -27.323  68.434 0.0000000000
52031  -26.246  -27.065  69.431 0.0000000000
51075  -25.710  -27.375  69.199 0.0000000000
51074  -24.956  -27.624  69.542 0.0000000000
51082  -25.160  -27.562  68.867 0.0000000000
52079  -24.010  -26.662  64.875 0.0000000000
52068  -24.170  -26.984  65.901 0.0000000000
52067  -23.203  -26.940  65.470 0.0000000000
51111  -21.986  -27.530  64.905 0.0000000000
51105  -22.701  -27.387  66.167 0.0000000000
140787  -23.122  -27.706  67.206 0.0000000000
123648  -22.394  -27.884  66.545 0.0000000000
51090  -22.675  -28.139  67.347 0.0000000000
50153  -19.563  -28.786  63.662 0.0000000000
50143  -19.764  -29.031  64.581 0.0000000000
49284  -19.185  -29.804  64.053 0.0000000000
49292  -18.573  -30.509  62.914 0.0000000000
49296  -18.488  -30.561  62.039 0.0000000000
49308  -17.769  -30.848  59.833 0.0000000000
78192  -46.512  1.484  34.401 0.0000000000
78197  -46.710  1.519  33.563 0.0000000000
78206  -46.851  1.566  31.210 0.0000000000
78207  -47.423  1.783  31.603 0.0000000000
51100  -2.284  -28.774  65.899 0.0000000000
50138  -2.113  -29.796  63.556 0.0000000000
50131  -2.053  -29.996  64.283 0.0000000000
49252  -2.798  -30.452  67.338 0.0000000000
133997  -2.031  -30.226  66.590 0.0000000000
122777  -2.628  -31.378  62.950 0.0000000000
47616  -3.199  -32.721  61.962 0.0000000000
47607  -3.247  -32.731  62.416 0.0000000000
45884  -3.803  -33.341  62.437 0.0000000000
46720  -3.606  -33.229  62.166 0.0000000000
126658  -4.658  -33.790  62.217 0.0000000000
45861  -4.319  -34.298  63.878 0.0000000000
45006  -6.627  -35.333  62.896 0.0000000000
45018  -6.749  -35.015  62.155 0.0000000000
45895  -6.393  -34.348  61.652 0.0000000000
45019  -7.351  -35.298  61.536 0.0000000000
45030  -7.745  -35.393  60.618 0.0000000000
43402  -6.774  -38.175  59.889 0.0000000000
42569  -6.141  -38.759  60.147 0.0000000000
71035  -47.207  -5.954  43.110 0.0000000000
71028  -46.740  -6.664  43.439 0.0000000000
63734  -39.796  -14.596  53.859 0.0000000000
67372  -40.605  -10.427  44.985 0.0000000000
122120  -40.103  -10.323  44.502 0.0000000000
67410  -42.984  -10.013  43.202 0.0000000000
67397  -41.495  -10.429  43.424 0.0000000000
119877  -42.292  -10.287  43.122 0.0000000000
67408  -41.556  -10.353  42.506 0.0000000000
68381  -42.764  -9.603  41.806 0.0000000000
69362  -45.021  -8.185  42.388 0.0000000000
70202  -45.505  -7.554  42.421 0.0000000000
71033  -45.711  -6.852  42.067 0.0000000000
133942  -12.922  -40.011  69.898 0.0000000000
39124  -12.202  -41.555  69.049 0.0000000000
40833  -14.718  -40.288  68.830 0.0000000000
40830  -14.500  -39.985  69.479 0.0000000000
40001  -14.106  -40.804  68.168 0.0000000000
39135  -12.564  -41.442  66.493 0.0000000000
134452  -12.926  -41.473  66.895 0.0000000000
38299  -12.160  -41.629  66.869 0.0000000000
39134  -11.813  -41.637  66.475 0.0000000000
38297  -11.034  -41.887  66.611 0.0000000000
38307  -11.611  -41.637  65.861 0.0000000000
39161  -11.308  -41.686  64.947 0.0000000000
39169  -9.997  -41.609  63.998 0.0000000000
128294  -17.363  -32.843  62.149 0.0000000000
47600  -17.735  -32.534  63.398 0.0000000000
46731  -17.239  -33.536  62.010 0.0000000000
45021  -16.684  -34.900  61.817 0.0000000000
45866  -17.463  -34.071  64.167 0.0000000000
119538  -16.753  -34.787  63.294 0.0000000000
44231  -15.534  -36.573  60.140 0.0000000000
43398  -15.717  -36.786  60.924 0.0000000000
43382  -16.324  -37.041  62.574 0.0000000000
44210  -16.706  -36.036  63.863 0.0000000000
44202  -16.819  -36.051  64.570 0.0000000000
44194  -17.083  -36.104  65.312 0.0000000000
44201  -16.360  -36.734  64.419 0.0000000000
42541  -15.697  -37.872  64.951 0.0000000000
43361  -16.277  -37.186  65.671 0.0000000000
129307  -15.994  -37.648  66.280 0.0000000000
42526  -15.927  -38.094  66.848 0.0000000000
42533  -15.384  -38.379  65.280 0.0000000000
41680  -14.148  -39.551  64.366 0.0000000000
40855  -14.067  -40.162  64.755 0.0000000000
40871  -13.432  -39.954  63.865 0.0000000000
41702  -12.243  -39.282  60.989 0.0000000000
134840  -11.527  -40.095  61.711 0.0000000000
40862  -12.534  -40.366  63.461 0.0000000000
40861  -11.873  -40.504  63.208 0.0000000000
54833  -3.079  -24.776  64.089 0.0000000000
54834  -3.560  -24.301  63.771 0.0000000000
53957  -3.773  -25.644  62.652 0.0000000000
141812  -2.304  -27.336  62.380 0.0000000000
53075  -3.253  -26.686  61.411 0.0000000000
53967  -4.048  -25.911  61.832 0.0000000000
53076  -4.147  -26.202  61.032 0.0000000000
53085  -4.300  -26.259  60.472 0.0000000000
53084  -3.929  -26.617  60.253 0.0000000000
53094  -2.910  -27.026  58.176 0.0000000000
136828  -3.252  -26.784  58.544 0.0000000000
53095  -3.427  -26.940  57.827 0.0000000000
52145  -3.115  -27.311  57.301 0.0000000000
47648  -4.222  -32.431  59.371 0.0000000000
48492  -3.839  -31.935  58.751 0.0000000000
49317  -3.365  -31.174  58.159 0.0000000000
49316  -2.727  -30.425  58.656 0.0000000000
47679  -4.832  -31.774  54.907 0.0000000000
48519  -4.944  -31.601  55.882 0.0000000000
48518  -4.574  -31.439  55.301 0.0000000000
49344  -3.009  -30.045  56.624 0.0000000000
50213  -2.394  -29.071  57.070 0.0000000000
50225  -2.500  -29.176  56.018 0.0000000000
51205  -2.361  -28.340  55.324 0.0000000000
52164  -2.463  -27.853  54.622 0.0000000000
138082  -2.779  -27.548  54.768 0.0000000000
138498  -2.597  -27.942  53.883 0.0000000000
44945  -5.788  -34.825  67.816 0.0000000000
41633  -9.675  -39.867  69.568 0.0000000000
137003  -9.627  -39.257  69.114 0.0000000000
41640  -9.266  -39.515  69.338 0.0000000000
42495  -7.893  -39.321  69.011 0.0000000000
132682  -8.349  -39.293  69.066 0.0000000000
42504  -8.035  -38.728  68.832 0.0000000000
123414  -7.366  -38.390  68.909 0.0000000000
40829  -4.617  -40.956  67.748 0.0000000000
121516  -6.084  -40.448  68.461 0.0000000000
40820  -5.351  -40.268  68.029 0.0000000000
42501  -5.668  -39.069  68.280 0.0000000000
128185  -5.606  -39.758  68.244 0.0000000000
43321  -5.956  -38.313  68.762 0.0000000000
130756  -6.595  -38.268  68.962 0.0000000000
44154  -6.410  -37.454  68.729 0.0000000000
134804  -6.576  -36.558  68.366 0.0000000000
44153  -5.818  -37.553  68.344 0.0000000000
43345  -5.513  -37.808  67.016 0.0000000000
43330  -5.527  -37.306  67.649 0.0000000000
44169  -4.963  -36.788  67.103 0.0000000000
136854  -5.086  -35.959  66.608 0.0000000000
43359  -5.619  -37.132  65.996 0.0000000000
42532  -5.880  -38.146  65.269 0.0000000000
40853  -5.233  -40.522  64.666 0.0000000000
41678  -5.435  -39.985  64.039 0.0000000000
41679  -5.536  -39.635  63.477 0.0000000000
138006  -5.860  -38.918  63.790 0.0000000000
127840  -5.940  -39.181  62.928 0.0000000000
42553  -6.445  -38.567  62.375 0.0000000000
134768  -4.866  -39.788  60.540 0.0000000000
42559  -5.513  -39.350  60.597 0.0000000000
41700  -4.884  -39.519  59.883 0.0000000000
36484  -3.681  -45.637  64.143 0.0000000000
36499  -3.320  -45.989  62.209 0.0000000000
119097  -2.892  -46.876  62.912 0.0000000000
118971  -3.271  -45.446  63.632 0.0000000000
37441  -3.088  -44.434  63.131 0.0000000000
118921  -3.006  -43.815  61.185 0.0000000000
142176  -3.284  -43.169  61.000 0.0000000000
39191  -3.739  -42.219  61.644 0.0000000000
39211  -3.322  -42.210  59.951 0.0000000000
40075  -2.956  -41.149  59.415 0.0000000000
40063  -3.738  -40.829  59.814 0.0000000000
40089  -2.960  -41.413  58.764 0.0000000000
40090  -4.167  -41.139  58.628 0.0000000000
40897  -4.691  -40.514  57.404 0.0000000000
41733  -4.952  -40.015  57.393 0.0000000000
58294  -32.479  -20.009  65.675 0.0000000000
58287  -32.606  -20.391  65.990 0.0000000000
55723  -30.564  -22.947  63.612 0.0000000000
57470  -31.675  -20.995  65.413 0.0000000000
54821  -30.549  -24.307  64.797 0.0000000000
53949  -30.151  -24.936  63.939 0.0000000000
132784  -30.646  -23.865  64.230 0.0000000000
134172  -30.637  -23.172  64.140 0.0000000000
56593  -30.850  -22.565  67.143 0.0000000000
55694  -30.824  -22.766  66.508 0.0000000000
57449  -31.625  -21.465  66.868 0.0000000000
73651  -48.637  -3.358  41.700 0.0000000000
70206  -44.432  -7.586  41.262 0.0000000000
70211  -43.902  -7.763  40.802 0.0000000000
71038  -44.878  -6.840  41.373 0.0000000000
71872  -45.312  -5.032  41.028 0.0000000000
72741  -45.374  -4.359  40.783 0.0000000000
72728  -45.919  -4.583  41.170 0.0000000000
72729  -46.793  -4.127  41.339 0.0000000000
60993  -38.494  -16.553  51.100 0.0000000000
61952  -39.800  -17.011  51.905 0.0000000000
61944  -39.575  -16.354  52.143 0.0000000000
62811  -40.298  -14.810  53.782 0.0000000000
60990  -35.138  -16.653  51.479 0.0000000000
139492  -35.782  -16.728  50.876 0.0000000000
61003  -36.215  -17.144  50.090 0.0000000000
61005  -37.589  -16.948  50.375 0.0000000000
43412  -7.471  -37.589  58.704 0.0000000000
43421  -7.370  -37.434  57.916 0.0000000000
41735  -6.263  -39.407  57.055 0.0000000000
38321  -9.839  -42.084  65.037 0.0000000000
38312  -9.265  -42.335  65.287 0.0000000000
38320  -8.823  -42.063  64.673 0.0000000000
38325  -7.905  -42.440  63.977 0.0000000000
60015  -31.813  -17.718  60.836 0.0000000000
142727  -30.794  -17.887  60.054 0.0000000000
60028  -32.244  -17.916  58.897 0.0000000000
60041  -32.317  -17.718  57.961 0.0000000000
128963  -32.979  -17.723  58.701 0.0000000000
60042  -33.736  -17.651  58.538 0.0000000000
53881  -26.424  -25.383  70.927 0.0000000000
52122  -23.666  -26.539  61.400 0.0000000000
78147  -46.833  1.493  38.115 0.0000000000
78164  -47.444  1.749  37.406 0.0000000000
79105  -49.142  2.229  37.153 0.0000000000
134424  -4.319  -34.385  66.199 0.0000000000
139724  -43.720  -10.760  46.335 0.0000000000
67360  -44.290  -10.651  46.308 0.0000000000
66422  -44.086  -10.965  46.898 0.0000000000
67345  -44.697  -10.848  47.074 0.0000000000
65499  -38.762  -12.562  48.146 0.0000000000
65505  -37.996  -12.601  47.591 0.0000000000
143804  -39.247  -11.966  48.000 0.0000000000
66397  -39.796  -11.553  47.779 0.0000000000
66418  -40.621  -10.759  46.502 0.0000000000
66419  -41.385  -10.848  46.802 0.0000000000
66420  -42.632  -10.754  46.583 0.0000000000
42514  -16.087  -38.242  69.139 0.0000000000
41659  -15.721  -38.659  67.973 0.0000000000
41666  -15.769  -38.682  67.096 0.0000000000
49255  -20.266  -30.281  67.240 0.0000000000
53997  -6.454  -25.540  57.538 0.0000000000
129926  -1.979  -29.152  63.025 0.0000000000
129942  -1.461  -28.866  62.154 0.0000000000
50148  -1.807  -29.599  62.301 0.0000000000
45103  -5.234  -34.573  52.964 0.0000000000
46813  -4.866  -33.775  53.324 0.0000000000
45993  -3.310  -34.622  52.246 0.0000000000
43339  -10.070  -38.063  68.050 0.0000000000
38296  -4.497  -42.189  67.101 0.0000000000
120951  -4.233  -42.175  66.772 0.0000000000
39140  -4.094  -42.079  66.395 0.0000000000
39147  -4.240  -42.036  65.508 0.0000000000
57503  -30.488  -21.063  63.519 0.0000000000
58323  -30.845  -20.142  63.548 0.0000000000
59157  -31.293  -19.200  63.261 0.0000000000
52126  -29.545  -25.601  61.766 0.0000000000
52060  -29.299  -26.001  65.604 0.0000000000
53046  -28.828  -26.032  66.422 0.0000000000
52073  -29.020  -26.216  65.334 0.0000000000
52082  -28.448  -26.318  64.842 0.0000000000
51112  -27.606  -26.399  64.672 0.0000000000
52081  -26.951  -26.393  63.976 0.0000000000
52096  -26.947  -26.330  63.030 0.0000000000
77227  -49.723  0.316  39.681 0.0000000000
75478  -46.148  -2.141  40.436 0.0000000000
75488  -46.237  -1.252  40.240 0.0000000000
65479  -41.166  -12.920  50.346 0.0000000000
64635  -41.632  -13.386  51.078 0.0000000000
137024  -37.315  -18.061  47.934 0.0000000000
61966  -38.590  -17.493  48.377 0.0000000000
124357  -38.521  -15.001  48.729 0.0000000000
62861  -39.162  -15.306  49.262 0.0000000000
63785  -39.578  -14.404  49.600 0.0000000000
47652  -17.068  -32.715  59.032 0.0000000000
54863  -5.777  -24.361  60.857 0.0000000000
53977  -5.381  -25.247  60.551 0.0000000000
53983  -4.790  -25.949  60.170 0.0000000000
45904  -4.867  -33.373  60.975 0.0000000000
46751  -4.642  -33.016  60.262 0.0000000000
46753  -6.775  -33.068  58.904 0.0000000000
44274  -8.348  -36.258  56.497 0.0000000000
45087  -8.364  -35.559  55.240 0.0000000000
45094  -7.584  -35.398  54.102 0.0000000000
137575  -7.777  -36.294  53.911 0.0000000000
44308  -7.212  -36.484  53.341 0.0000000000
39114  -11.191  -41.102  69.570 0.0000000000
39113  -10.266  -41.048  69.498 0.0000000000
39122  -10.481  -41.645  69.145 0.0000000000
38277  -9.484  -42.129  68.690 0.0000000000
38286  -9.220  -42.326  68.329 0.0000000000
36461  -7.868  -43.151  66.880 0.0000000000
36451  -7.034  -43.233  66.614 0.0000000000
36442  -6.830  -43.282  66.969 0.0000000000
36467  -6.002  -43.952  65.365 0.0000000000
61928  -35.604  -16.041  54.241 0.0000000000
63731  -36.358  -15.110  54.888 0.0000000000
59180  -28.136  -19.519  58.597 0.0000000000
60068  -32.944  -17.817  56.021 0.0000000000
60076  -33.012  -17.660  55.375 0.0000000000
60976  -33.936  -17.263  54.343 0.0000000000
60970  -34.317  -17.028  54.491 0.0000000000
143003  -35.176  -16.356  54.305 0.0000000000
50107  -23.260  -28.624  69.966 0.0000000000
53024  -27.258  -26.246  69.291 0.0000000000
52032  -26.869  -26.677  69.015 0.0000000000
133819  -22.309  -26.763  63.673 0.0000000000
142163  -22.784  -26.920  64.810 0.0000000000
51124  -21.845  -27.226  64.220 0.0000000000
121681  -21.331  -27.809  64.667 0.0000000000
51110  -21.478  -28.001  65.314 0.0000000000
50154  -20.459  -28.224  64.244 0.0000000000
50162  -18.761  -29.764  62.247 0.0000000000
130969  -18.556  -29.752  61.405 0.0000000000
49303  -18.381  -29.664  60.591 0.0000000000
77258  -44.224  0.500  35.134 0.0000000000
49258  -2.400  -30.631  66.605 0.0000000000
49265  -2.074  -30.740  65.693 0.0000000000
47596  -3.340  -32.788  62.959 0.0000000000
46718  -3.425  -33.016  62.652 0.0000000000
44994  -5.179  -34.777  63.785 0.0000000000
44216  -7.250  -36.330  62.646 0.0000000000
44217  -7.461  -36.327  61.829 0.0000000000
43381  -7.336  -37.116  62.115 0.0000000000
43387  -7.056  -37.989  61.792 0.0000000000
70198  -45.628  -7.978  43.083 0.0000000000
70199  -46.343  -7.422  43.638 0.0000000000
127624  -46.568  -7.606  44.284 0.0000000000
67386  -42.480  -10.532  44.723 0.0000000000
120887  -41.875  -10.487  44.220 0.0000000000
68378  -43.587  -9.769  42.788 0.0000000000
68379  -44.104  -9.419  42.565 0.0000000000
69358  -44.965  -8.663  43.052 0.0000000000
39994  -13.773  -40.462  69.585 0.0000000000
134770  -13.819  -40.790  66.751 0.0000000000
40005  -13.947  -40.790  67.300 0.0000000000
40004  -13.333  -41.159  66.599 0.0000000000
39142  -12.780  -41.255  66.105 0.0000000000
127022  -12.365  -41.352  65.827 0.0000000000
39150  -12.259  -41.393  65.446 0.0000000000
39162  -12.141  -41.398  65.061 0.0000000000
45908  -16.768  -34.144  60.690 0.0000000000
45897  -17.039  -34.194  61.493 0.0000000000
45032  -16.568  -34.679  60.936 0.0000000000
45031  -16.369  -35.399  61.215 0.0000000000
42571  -14.487  -37.922  60.632 0.0000000000
123501  -15.452  -37.523  61.394 0.0000000000
43389  -15.670  -37.682  62.258 0.0000000000
43376  -15.849  -37.616  64.270 0.0000000000
42540  -15.295  -38.399  64.487 0.0000000000
41681  -14.617  -38.876  64.084 0.0000000000
122072  -14.253  -39.253  63.739 0.0000000000
125000  -13.638  -39.782  63.172 0.0000000000
40876  -10.662  -40.358  61.176 0.0000000000
40868  -10.853  -40.483  62.090 0.0000000000
51146  -2.081  -27.891  61.046 0.0000000000
53083  -3.411  -26.977  59.931 0.0000000000
47659  -5.041  -32.025  58.310 0.0000000000
48498  -4.899  -31.593  57.426 0.0000000000
140258  -4.600  -31.526  57.457 0.0000000000
48517  -4.106  -31.214  54.768 0.0000000000
134357  -2.621  -29.635  54.388 0.0000000000
134238  -2.528  -28.274  53.490 0.0000000000
50249  -2.555  -29.304  53.645 0.0000000000
132097  -8.378  -40.340  69.553 0.0000000000
141057  -7.812  -40.131  69.449 0.0000000000
129308  -7.317  -40.235  69.216 0.0000000000
41631  -7.320  -39.756  69.041 0.0000000000
41637  -5.256  -40.214  67.887 0.0000000000
41647  -5.139  -40.192  67.851 0.0000000000
42508  -5.339  -39.602  67.913 0.0000000000
135070  -5.550  -39.111  68.131 0.0000000000
42500  -5.575  -38.455  68.114 0.0000000000
132088  -5.438  -39.108  67.744 0.0000000000
43353  -5.366  -37.454  66.654 0.0000000000
127951  -5.573  -38.295  66.398 0.0000000000
40859  -4.766  -40.637  63.473 0.0000000000
40860  -5.131  -40.424  63.740 0.0000000000
41699  -4.433  -39.985  60.101 0.0000000000
119820  -3.323  -44.935  60.391 0.0000000000
37454  -3.107  -44.213  60.603 0.0000000000
53978  -29.775  -24.695  61.514 0.0000000000
54865  -29.715  -24.298  61.337 0.0000000000
54858  -29.947  -23.825  62.047 0.0000000000
135758  -30.136  -22.737  62.891 0.0000000000
57490  -30.706  -21.268  64.175 0.0000000000
51127  -28.773  -26.340  63.071 0.0000000000
51128  -29.166  -26.096  62.964 0.0000000000
52113  -29.505  -25.725  62.908 0.0000000000
52114  -29.665  -25.496  62.623 0.0000000000
53954  -30.143  -24.898  63.261 0.0000000000
53060  -30.045  -25.033  62.876 0.0000000000
129022  -29.765  -25.112  61.763 0.0000000000
55693  -30.162  -23.546  66.959 0.0000000000
54809  -29.745  -24.496  66.606 0.0000000000
53047  -29.331  -25.868  65.740 0.0000000000
75481  -48.948  -1.421  40.677 0.0000000000
75482  -49.955  -1.334  40.638 0.0000000000
135549  -43.649  -7.322  40.601 0.0000000000
71044  -43.082  -7.215  40.377 0.0000000000
132140  -42.491  -7.149  40.100 0.0000000000
71057  -42.640  -6.324  40.091 0.0000000000
72747  -43.355  -4.111  39.970 0.0000000000
73660  -45.368  -3.493  40.595 0.0000000000
119027  -46.101  -3.028  40.618 0.0000000000
138781  -40.140  -16.533  50.253 0.0000000000
62849  -40.622  -16.175  51.135 0.0000000000
62844  -41.151  -15.954  52.043 0.0000000000
61945  -40.019  -16.647  52.218 0.0000000000
62841  -41.150  -15.726  52.712 0.0000000000
119600  -33.281  -16.964  50.873 0.0000000000
61028  -33.741  -17.795  48.552 0.0000000000
61018  -36.670  -17.754  49.175 0.0000000000
60108  -37.692  -17.815  48.576 0.0000000000
61020  -38.465  -17.671  48.882 0.0000000000
61021  -39.146  -17.384  49.375 0.0000000000
54843  -4.461  -24.334  62.725 0.0000000000
45906  -7.512  -34.402  60.085 0.0000000000
129644  -8.038  -34.681  59.317 0.0000000000
45044  -8.393  -35.384  58.783 0.0000000000
44255  -7.855  -36.822  57.685 0.0000000000
44289  -8.016  -37.042  56.251 0.0000000000
139301  -8.232  -37.247  55.355 0.0000000000
42621  -7.558  -38.633  54.396 0.0000000000
41749  -6.743  -40.127  55.103 0.0000000000
40139  -6.320  -41.386  54.490 0.0000000000
37405  -10.429  -42.197  66.990 0.0000000000
37393  -10.165  -42.361  67.512 0.0000000000
37404  -9.970  -42.390  67.327 0.0000000000
37413  -8.810  -42.693  66.376 0.0000000000
37421  -8.666  -42.645  65.566 0.0000000000
130665  -7.978  -42.994  65.785 0.0000000000
128740  -35.472  -16.343  56.445 0.0000000000
61904  -35.653  -16.312  57.342 0.0000000000
57524  -28.904  -21.507  60.821 0.0000000000
57532  -28.303  -21.511  59.895 0.0000000000
138469  -28.449  -20.750  60.410 0.0000000000
59169  -28.380  -19.944  60.369 0.0000000000
60026  -29.723  -18.575  59.638 0.0000000000
124161  -28.680  -19.212  59.003 0.0000000000
59181  -28.903  -18.891  58.202 0.0000000000
59185  -29.196  -18.836  57.272 0.0000000000
60046  -30.204  -18.570  56.841 0.0000000000
60056  -30.976  -18.549  56.354 0.0000000000
60057  -31.645  -18.151  56.465 0.0000000000
60049  -32.496  -17.815  57.164 0.0000000000
60058  -32.291  -17.962  56.346 0.0000000000
51069  -24.749  -27.763  70.068 0.0000000000
127278  -25.726  -26.742  66.163 0.0000000000
52092  -23.122  -26.507  63.487 0.0000000000
52109  -23.330  -26.467  62.362 0.0000000000
52108  -22.466  -26.596  62.756 0.0000000000
52120  -21.818  -26.796  62.235 0.0000000000
51147  -20.458  -27.100  61.111 0.0000000000
50168  -19.556  -28.145  61.021 0.0000000000
77254  -44.440  0.513  35.967 0.0000000000
78162  -45.607  1.152  37.250 0.0000000000
124028  -44.964  0.832  35.140 0.0000000000
77263  -45.155  0.890  34.197 0.0000000000
46683  -3.177  -33.136  65.334 0.0000000000
46697  -3.653  -34.117  64.425 0.0000000000
44982  -4.281  -34.540  64.520 0.0000000000
44984  -5.255  -35.146  64.660 0.0000000000
44199  -5.801  -36.089  64.922 0.0000000000
68374  -44.862  -9.504  44.597 0.0000000000
69350  -45.338  -9.230  45.435 0.0000000000
65504  -37.424  -12.766  47.216 0.0000000000
67355  -39.958  -10.482  45.515 0.0000000000
122830  -41.233  -10.530  45.324 0.0000000000
67357  -41.338  -10.576  45.980 0.0000000000
67373  -41.843  -10.565  45.450 0.0000000000
139741  -41.965  -10.559  44.920 0.0000000000
41636  -15.064  -38.872  70.100 0.0000000000
40831  -15.105  -39.576  69.309 0.0000000000
40834  -15.243  -39.737  68.574 0.0000000000
40841  -14.408  -40.345  66.954 0.0000000000
40018  -13.737  -40.626  65.590 0.0000000000
44257  -15.477  -36.228  58.080 0.0000000000
43414  -15.172  -36.914  58.596 0.0000000000
43413  -14.837  -37.484  59.106 0.0000000000
43404  -14.865  -37.525  59.865 0.0000000000
42570  -13.574  -38.191  60.361 0.0000000000
42561  -13.766  -38.413  61.192 0.0000000000
137914  -13.408  -38.942  61.675 0.0000000000
41710  -12.249  -38.940  60.112 0.0000000000
134089  -2.227  -26.928  64.156 0.0000000000
142924  -2.253  -27.046  63.571 0.0000000000
52101  -1.937  -27.998  61.870 0.0000000000
129864  -1.723  -28.417  60.662 0.0000000000
126371  -1.800  -28.641  59.997 0.0000000000
142867  -1.988  -29.043  59.368 0.0000000000
47681  -5.926  -32.411  55.842 0.0000000000
47689  -4.499  -32.219  54.132 0.0000000000
46800  -4.727  -32.913  53.633 0.0000000000
136247  -4.127  -32.044  53.853 0.0000000000
44962  -10.142  -35.610  66.236 0.0000000000
44954  -9.032  -35.794  67.022 0.0000000000
44948  -8.659  -35.811  67.346 0.0000000000
44164  -8.356  -36.904  68.398 0.0000000000
39117  -6.217  -41.813  68.343 0.0000000000
39991  -6.348  -41.119  68.548 0.0000000000
39116  -5.930  -41.386  68.310 0.0000000000
39996  -4.943  -41.351  67.729 0.0000000000
142770  -4.042  -41.351  68.258 0.0000000000
130994  -3.762  -41.921  68.036 0.0000000000
135137  -3.709  -41.485  68.188 0.0000000000
39995  -3.918  -40.873  68.246 0.0000000000
40840  -3.992  -40.594  67.496 0.0000000000
41663  -4.985  -40.502  66.877 0.0000000000
41669  -5.134  -40.928  66.268 0.0000000000
40846  -5.127  -40.977  65.362 0.0000000000
139858  -4.879  -41.111  64.950 0.0000000000
57525  -29.260  -22.544  60.758 0.0000000000
56661  -29.566  -23.439  61.125 0.0000000000
57502  -30.057  -21.781  62.785 0.0000000000
56642  -29.688  -22.406  62.224 0.0000000000
56660  -29.519  -22.643  61.433 0.0000000000
59162  -29.415  -19.939  61.601 0.0000000000
60003  -30.446  -18.595  61.531 0.0000000000
59993  -30.810  -18.814  62.450 0.0000000000
60004  -31.303  -18.266  61.691 0.0000000000
60016  -32.685  -17.566  61.025 0.0000000000
53904  -27.528  -25.755  69.428 0.0000000000
52039  -27.201  -26.513  68.358 0.0000000000
52046  -27.146  -26.734  67.700 0.0000000000
53917  -28.321  -25.363  68.510 0.0000000000
53040  -28.441  -25.960  67.096 0.0000000000
52048  -28.191  -26.198  67.034 0.0000000000
53039  -27.893  -25.920  67.673 0.0000000000
52057  -27.111  -26.934  67.075 0.0000000000
52080  -25.971  -26.461  65.177 0.0000000000
124310  -24.806  -26.470  62.254 0.0000000000
52095  -26.513  -26.439  63.432 0.0000000000
52111  -25.669  -26.504  62.441 0.0000000000
77237  -45.562  0.679  38.678 0.0000000000
77238  -46.351  1.119  38.815 0.0000000000
138483  -46.827  0.770  39.349 0.0000000000
78149  -48.944  1.589  38.523 0.0000000000
66400  -42.437  -11.531  48.329 0.0000000000
66401  -43.275  -11.426  48.381 0.0000000000
66388  -43.729  -11.702  49.245 0.0000000000
65494  -42.909  -12.213  50.161 0.0000000000
62850  -41.143  -15.397  51.511 0.0000000000
64620  -42.874  -13.593  52.236 0.0000000000
63793  -37.538  -14.190  47.754 0.0000000000
63789  -38.208  -14.198  48.384 0.0000000000
64644  -38.624  -13.417  48.682 0.0000000000
48461  -18.414  -31.143  63.589 0.0000000000
48460  -18.016  -31.846  63.134 0.0000000000
46732  -17.219  -32.955  61.510 0.0000000000
46754  -16.889  -33.241  59.904 0.0000000000
122219  -16.854  -33.637  60.516 0.0000000000
53996  -5.857  -26.173  58.104 0.0000000000
136110  -4.218  -26.745  56.686 0.0000000000
48477  -3.344  -31.947  60.932 0.0000000000
47638  -3.917  -32.635  60.489 0.0000000000
47639  -4.407  -32.662  59.825 0.0000000000
47640  -4.823  -32.646  59.437 0.0000000000
47650  -5.113  -32.359  58.790 0.0000000000
45926  -7.490  -33.874  58.378 0.0000000000
45934  -7.736  -33.865  57.656 0.0000000000
46772  -7.205  -33.217  57.300 0.0000000000
46782  -7.385  -33.187  56.476 0.0000000000
46781  -6.691  -32.681  56.170 0.0000000000
46792  -6.466  -33.091  55.237 0.0000000000
45967  -6.316  -33.557  54.243 0.0000000000
45979  -6.250  -34.424  53.614 0.0000000000
45980  -6.852  -35.053  53.761 0.0000000000
45114  -5.261  -35.495  52.545 0.0000000000
134505  -9.804  -40.172  69.647 0.0000000000
39112  -9.637  -41.125  69.508 0.0000000000
134401  -9.533  -40.458  69.632 0.0000000000
39984  -8.798  -40.858  69.583 0.0000000000
39109  -7.638  -41.595  69.254 0.0000000000
131016  -7.054  -41.754  68.749 0.0000000000
37392  -9.663  -42.412  67.738 0.0000000000
37382  -9.064  -42.436  67.816 0.0000000000
37381  -8.792  -42.495  68.128 0.0000000000
127797  -8.288  -42.711  68.184 0.0000000000
38285  -8.596  -42.392  68.620 0.0000000000
38284  -7.915  -42.517  68.653 0.0000000000
38274  -7.458  -42.102  68.823 0.0000000000
38273  -6.938  -41.953  68.623 0.0000000000
119724  -5.086  -42.237  67.574 0.0000000000
37400  -6.272  -43.310  67.137 0.0000000000
37399  -5.571  -42.901  67.253 0.0000000000
138471  -5.115  -42.690  66.726 0.0000000000
119155  -4.372  -43.636  65.649 0.0000000000
61941  -36.348  -15.934  52.542 0.0000000000
62824  -37.990  -15.106  53.191 0.0000000000
63732  -37.966  -14.527  53.896 0.0000000000
124086  -37.031  -14.468  54.761 0.0000000000
57541  -28.160  -21.857  58.907 0.0000000000
57551  -27.820  -22.240  58.347 0.0000000000
60981  -31.723  -17.504  52.438 0.0000000000
60982  -32.646  -17.123  52.675 0.0000000000
60983  -33.645  -16.921  52.903 0.0000000000
129984  -33.917  -17.096  53.719 0.0000000000
60984  -34.415  -16.721  53.124 0.0000000000
61947  -35.047  -16.577  52.408 0.0000000000
49251  -22.139  -29.325  69.209 0.0000000000
49263  -19.887  -30.166  66.366 0.0000000000
53023  -26.820  -26.553  69.681 0.0000000000
141299  -26.547  -26.571  70.178 0.0000000000
52030  -25.524  -27.446  69.740 0.0000000000
121420  -24.459  -27.902  69.231 0.0000000000
52069  -24.988  -27.087  66.263 0.0000000000
51099  -25.423  -27.320  67.088 0.0000000000
52054  -23.522  -27.246  66.516 0.0000000000
51098  -24.610  -27.645  67.616 0.0000000000
51081  -23.934  -28.248  68.738 0.0000000000
50130  -22.057  -28.384  66.928 0.0000000000
50136  -20.845  -28.559  65.661 0.0000000000
49274  -19.370  -29.995  64.750 0.0000000000
49283  -18.792  -30.609  64.246 0.0000000000
48468  -18.243  -31.198  62.688 0.0000000000
48479  -17.819  -31.332  60.872 0.0000000000
77268  -45.083  0.871  33.449 0.0000000000
77272  -45.448  1.142  32.763 0.0000000000
140161  -45.867  1.374  32.155 0.0000000000
136193  -2.291  -28.357  64.585 0.0000000000
130473  -2.306  -30.277  62.810 0.0000000000
49270  -2.094  -30.787  64.631 0.0000000000
135060  -2.261  -30.119  65.074 0.0000000000
47617  -3.349  -32.876  61.755 0.0000000000
46739  -3.673  -33.148  61.596 0.0000000000
46729  -3.398  -33.029  61.889 0.0000000000
45905  -6.000  -33.661  60.879 0.0000000000
45875  -4.051  -33.558  63.117 0.0000000000
126953  -4.305  -33.673  62.703 0.0000000000
45877  -4.889  -34.417  62.908 0.0000000000
44230  -7.834  -36.551  60.131 0.0000000000
43403  -7.470  -37.539  59.583 0.0000000000
43411  -6.823  -38.201  59.015 0.0000000000
71857  -46.752  -5.532  42.390 0.0000000000
72725  -48.153  -4.512  42.429 0.0000000000
71858  -47.636  -5.203  42.759 0.0000000000
62825  -38.945  -15.542  53.005 0.0000000000
67383  -39.323  -10.274  44.488 0.0000000000
67396  -39.919  -10.239  43.721 0.0000000000
135113  -40.041  -10.220  42.747 0.0000000000
67418  -40.698  -10.259  41.965 0.0000000000
67419  -41.642  -10.121  41.574 0.0000000000
67420  -42.274  -9.720  41.269 0.0000000000
120702  -42.827  -9.289  41.392 0.0000000000
69366  -43.745  -8.607  41.498 0.0000000000
68383  -44.048  -8.904  42.052 0.0000000000
69367  -44.445  -8.300  41.750 0.0000000000
39987  -12.039  -40.762  70.069 0.0000000000
39123  -11.346  -41.750  69.240 0.0000000000
38280  -11.329  -41.999  68.646 0.0000000000
40826  -14.284  -39.598  69.832 0.0000000000
39993  -13.190  -41.122  69.015 0.0000000000
39997  -13.356  -41.090  68.176 0.0000000000
39126  -12.534  -41.444  68.174 0.0000000000
38291  -11.090  -42.008  67.540 0.0000000000
37394  -10.754  -42.044  67.138 0.0000000000
38306  -10.790  -42.062  66.379 0.0000000000
38314  -10.818  -42.034  65.758 0.0000000000
39148  -10.688  -41.951  65.267 0.0000000000
125121  -8.963  -41.645  63.612 0.0000000000
48448  -18.098  -31.838  63.924 0.0000000000
47588  -17.992  -32.432  64.236 0.0000000000
120966  -17.589  -33.005  63.949 0.0000000000
46721  -17.324  -33.643  62.645 0.0000000000
46702  -18.028  -33.256  64.652 0.0000000000
45853  -17.409  -34.884  64.997 0.0000000000
140216  -15.529  -36.516  59.631 0.0000000000
44232  -16.071  -36.055  60.606 0.0000000000
45020  -16.418  -35.601  62.035 0.0000000000
129476  -16.318  -36.348  62.124 0.0000000000
135330  -16.728  -35.457  63.452 0.0000000000
44996  -16.886  -35.417  64.004 0.0000000000
44975  -17.579  -34.789  65.804 0.0000000000
134106  -17.535  -35.378  66.141 0.0000000000
44193  -16.546  -36.631  65.142 0.0000000000
43362  -16.710  -36.597  65.844 0.0000000000
43352  -16.669  -36.747  67.643 0.0000000000
41671  -14.942  -38.986  65.654 0.0000000000
40027  -13.764  -40.567  64.973 0.0000000000
40026  -13.303  -40.790  64.781 0.0000000000
118832  -13.550  -39.347  62.386 0.0000000000
41693  -12.320  -39.710  61.755 0.0000000000
41685  -12.988  -39.711  62.514 0.0000000000
40870  -13.068  -40.056  63.338 0.0000000000
40034  -13.018  -40.415  64.118 0.0000000000
40032  -11.453  -40.858  63.731 0.0000000000
40031  -10.523  -41.013  63.507 0.0000000000
40040  -10.212  -40.853  62.581 0.0000000000
54835  -4.058  -24.136  63.402 0.0000000000
53051  -2.653  -26.458  63.652 0.0000000000
53956  -3.095  -26.068  62.908 0.0000000000
53065  -3.514  -26.204  62.025 0.0000000000
53958  -4.334  -25.173  62.394 0.0000000000
53976  -4.659  -25.682  60.847 0.0000000000
53089  -3.601  -26.724  59.332 0.0000000000
127551  -4.255  -26.593  59.076 0.0000000000
53096  -3.962  -26.715  58.276 0.0000000000
53103  -4.204  -26.796  57.385 0.0000000000
126674  -3.052  -31.433  60.211 0.0000000000
49307  -2.457  -30.568  59.472 0.0000000000
50200  -2.601  -29.522  58.388 0.0000000000
48497  -4.436  -31.311  56.822 0.0000000000
48507  -4.186  -31.322  55.724 0.0000000000
49330  -3.674  -30.873  57.161 0.0000000000
130803  -2.569  -28.620  58.011 0.0000000000
51192  -2.498  -28.115  57.251 0.0000000000
52151  -2.708  -27.705  56.699 0.0000000000
52152  -3.119  -27.348  56.333 0.0000000000
53123  -3.294  -27.221  54.477 0.0000000000
52165  -2.837  -27.595  53.873 0.0000000000
52177  -2.896  -27.548  53.077 0.0000000000
45830  -5.370  -34.322  67.432 0.0000000000
42510  -10.608  -38.924  68.940 0.0000000000
42509  -9.910  -38.828  68.843 0.0000000000
43332  -9.344  -38.335  68.684 0.0000000000
42505  -8.864  -39.422  69.235 0.0000000000
43325  -8.961  -38.614  68.810 0.0000000000
43331  -8.666  -37.889  68.648 0.0000000000
44156  -8.034  -37.592  68.744 0.0000000000
44163  -7.788  -36.770  68.535 0.0000000000
39981  -6.666  -40.604  68.763 0.0000000000
40821  -6.396  -40.214  68.606 0.0000000000
41639  -6.705  -39.573  68.782 0.0000000000
133650  -5.476  -40.024  68.157 0.0000000000
42503  -6.878  -38.942  68.830 0.0000000000
44155  -7.493  -37.383  68.790 0.0000000000
44162  -7.165  -36.602  68.438 0.0000000000
44937  -6.741  -35.802  68.088 0.0000000000
44936  -6.008  -35.676  68.199 0.0000000000
44160  -5.685  -36.331  67.974 0.0000000000
44944  -5.399  -35.306  67.611 0.0000000000
45829  -4.977  -34.611  67.139 0.0000000000
44953  -4.807  -35.047  66.618 0.0000000000
129459  -5.228  -35.832  66.281 0.0000000000
44184  -5.453  -36.562  66.200 0.0000000000
44190  -5.597  -36.079  65.621 0.0000000000
43368  -6.204  -36.918  64.674 0.0000000000
41664  -5.275  -40.183  66.247 0.0000000000
134011  -5.350  -39.903  65.685 0.0000000000
42531  -5.569  -39.187  65.431 0.0000000000
43373  -6.148  -38.048  64.456 0.0000000000
42560  -6.322  -38.746  61.222 0.0000000000
42577  -5.637  -39.115  58.946 0.0000000000
41716  -5.298  -39.341  58.654 0.0000000000
120410  -3.772  -44.193  64.526 0.0000000000
138824  -3.530  -46.115  63.701 0.0000000000
38324  -3.266  -43.740  63.586 0.0000000000
135425  -3.726  -42.971  63.100 0.0000000000
119446  -2.831  -44.106  62.065 0.0000000000
39178  -3.648  -42.573  62.363 0.0000000000
40048  -4.132  -41.527  61.127 0.0000000000
122288  -3.143  -44.186  59.787 0.0000000000
40049  -4.257  -40.871  60.574 0.0000000000
40881  -4.172  -40.453  59.679 0.0000000000
40885  -4.290  -40.422  59.076 0.0000000000
41715  -4.709  -39.758  58.644 0.0000000000
41725  -5.275  -39.564  58.006 0.0000000000
40905  -5.046  -40.388  56.858 0.0000000000
37383  -9.580  -42.400  68.032 0.0000000000
37401  -8.111  -43.055  67.326 0.0000000000
38275  -8.006  -42.259  69.051 0.0000000000
38288  -10.154  -42.342  68.170 0.0000000000
38292  -11.958  -41.709  67.460 0.0000000000
39108  -7.113  -41.386  68.962 0.0000000000
39110  -8.366  -41.616  69.444 0.0000000000
39125  -5.247  -41.816  67.977 0.0000000000
39133  -3.848  -42.057  67.717 0.0000000000
39982  -6.984  -40.895  69.041 0.0000000000
39985  -10.089  -40.405  69.647 0.0000000000
40812  -6.773  -40.341  68.822 0.0000000000
40815  -9.299  -40.165  69.618 0.0000000000
41630  -6.759  -40.122  68.811 0.0000000000
41645  -15.297  -38.946  69.752 0.0000000000
42496  -7.862  -39.756  69.309 0.0000000000
42506  -9.547  -38.970  68.915 0.0000000000
42520  -16.110  -38.251  68.449 0.0000000000
43322  -7.141  -37.753  68.990 0.0000000000
43357  -16.730  -36.641  66.652 0.0000000000
44177  -9.549  -36.585  67.268 0.0000000000
44179  -10.962  -36.963  66.854 0.0000000000
44974  -17.376  -35.510  65.511 0.0000000000
46722  -17.516  -33.081  62.653 0.0000000000
46730  -3.837  -33.331  61.789 0.0000000000
50269  -2.566  -29.259  52.734 0.0000000000
51114  -29.143  -26.219  63.640 0.0000000000
52072  -28.173  -26.496  65.891 0.0000000000
52074  -29.679  -25.996  64.803 0.0000000000
52085  -29.735  -25.473  63.688 0.0000000000
53041  -28.937  -25.767  66.657 0.0000000000
53050  -29.846  -25.550  64.309 0.0000000000
53891  -27.381  -25.608  69.958 0.0000000000
53939  -30.195  -25.123  65.194 0.0000000000
56617  -30.670  -21.797  64.430 0.0000000000
56674  -28.950  -23.737  59.425 0.0000000000
59177  -28.129  -19.733  59.546 0.0000000000
60013  -29.384  -18.855  60.506 0.0000000000
60107  -37.077  -18.051  48.480 0.0000000000
60116  -37.456  -18.069  47.969 0.0000000000
60130  -37.676  -17.945  47.973 0.0000000000
60962  -33.502  -17.577  55.496 0.0000000000
61007  -39.591  -17.082  50.482 0.0000000000
61917  -35.489  -16.212  55.669 0.0000000000
61933  -34.777  -16.612  54.017 0.0000000000
61940  -35.630  -16.315  52.460 0.0000000000
61951  -39.156  -16.456  51.707 0.0000000000
62840  -40.483  -15.868  52.611 0.0000000000
64619  -42.021  -13.884  51.879 0.0000000000
66399  -41.608  -11.663  48.371 0.0000000000
67375  -42.986  -10.604  45.300 0.0000000000
71862  -46.371  -5.252  41.780 0.0000000000
120455  -26.822  -26.479  64.956 0.0000000000
120649  -22.488  -26.903  64.399 0.0000000000
121823  -19.715  -30.893  66.666 0.0000000000
122496  -11.398  -41.793  67.063 0.0000000000
123244  -9.974  -39.698  69.480 0.0000000000
123268  -42.961  -12.718  50.864 0.0000000000
124316  -29.380  -18.727  58.863 0.0000000000
126691  -27.052  -26.709  66.525 0.0000000000
127237  -18.770  -31.516  64.855 0.0000000000
127573  -8.652  -38.925  68.878 0.0000000000
128151  -39.705  -15.373  53.230 0.0000000000
129530  -27.370  -20.641  58.552 0.0000000000
129986  -17.099  -34.673  63.844 0.0000000000
130528  -42.174  -11.993  49.709 0.0000000000
132297  -30.003  -25.127  63.378 0.0000000000
137734  -5.860  -40.163  68.371 0.0000000000
138218  -11.475  -41.715  66.241 0.0000000000
139318  -18.050  -30.408  60.434 0.0000000000
139878  -37.664  -16.469  51.248 0.0000000000
142753  -45.296  -6.905  41.679 0.0000000000
143420  -9.068  -37.127  68.077 0.0000000000
