#!ascii label  , from subject sub-032304 vox2ras=TkReg
758
33891  -22.050  -48.126  63.948 0.0000000000
54874  -37.942  -23.836  59.705 0.0000000000
56759  -42.802  -22.730  52.086 0.0000000000
55912  -47.980  -23.674  45.756 0.0000000000
50171  -36.239  -29.108  60.901 0.0000000000
54089  -45.397  -25.481  48.665 0.0000000000
63818  -48.056  -14.746  43.077 0.0000000000
67431  -51.930  -10.141  40.917 0.0000000000
53982  -40.732  -24.762  60.089 0.0000000000
54894  -43.259  -24.242  56.113 0.0000000000
56706  -39.614  -22.356  56.200 0.0000000000
35565  -22.460  -47.120  67.901 0.0000000000
39131  -24.550  -42.615  69.035 0.0000000000
41662  -25.146  -38.723  67.386 0.0000000000
44198  -27.301  -36.122  65.672 0.0000000000
46692  -31.699  -33.876  65.531 0.0000000000
47595  -35.621  -32.014  64.644 0.0000000000
136968  -38.147  -27.951  63.155 0.0000000000
52199  -44.669  -27.361  51.529 0.0000000000
122056  -52.467  -8.676  38.524 0.0000000000
55752  -39.296  -23.198  61.196 0.0000000000
57536  -40.993  -22.044  59.296 0.0000000000
56676  -38.732  -22.757  58.656 0.0000000000
36462  -22.273  -45.727  66.763 0.0000000000
36446  -23.731  -45.354  68.229 0.0000000000
47603  -32.136  -32.514  63.866 0.0000000000
46695  -33.438  -32.533  65.315 0.0000000000
134628  -34.188  -31.238  64.074 0.0000000000
53086  -36.906  -26.437  60.921 0.0000000000
52099  -36.553  -27.651  63.764 0.0000000000
54851  -37.956  -24.875  62.935 0.0000000000
53081  -39.861  -26.095  61.284 0.0000000000
56720  -43.919  -22.587  54.658 0.0000000000
128069  -44.393  -26.073  53.706 0.0000000000
55825  -45.530  -24.087  52.132 0.0000000000
54998  -46.698  -24.718  46.264 0.0000000000
52227  -48.221  -27.148  48.324 0.0000000000
53187  -49.280  -25.705  45.910 0.0000000000
56804  -49.514  -23.332  44.598 0.0000000000
64663  -50.335  -13.382  44.455 0.0000000000
61985  -48.768  -15.766  46.529 0.0000000000
48482  -35.143  -31.395  60.626 0.0000000000
132895  -44.873  -22.900  45.373 0.0000000000
65547  -50.186  -12.196  42.021 0.0000000000
64692  -51.486  -13.011  42.003 0.0000000000
65594  -52.293  -13.006  36.535 0.0000000000
52150  -40.366  -26.640  58.396 0.0000000000
54879  -41.903  -23.865  58.289 0.0000000000
137587  -42.647  -22.029  56.769 0.0000000000
33863  -22.670  -48.535  66.948 0.0000000000
38309  -26.848  -43.536  67.239 0.0000000000
143317  -24.965  -40.305  68.077 0.0000000000
40021  -25.359  -41.452  66.311 0.0000000000
41677  -25.648  -39.423  65.247 0.0000000000
43384  -26.784  -37.678  63.571 0.0000000000
44221  -28.447  -36.438  62.865 0.0000000000
44979  -29.264  -34.707  65.516 0.0000000000
45003  -33.150  -35.145  63.830 0.0000000000
50155  -35.533  -29.205  64.149 0.0000000000
49288  -37.111  -30.479  63.818 0.0000000000
48475  -38.547  -31.618  61.517 0.0000000000
50184  -40.279  -29.446  60.195 0.0000000000
120980  -40.477  -27.873  59.667 0.0000000000
54060  -46.825  -25.777  50.518 0.0000000000
61050  -46.867  -17.958  47.473 0.0000000000
57607  -48.872  -21.058  46.277 0.0000000000
33873  -21.801  -48.717  65.515 0.0000000000
55757  -38.429  -23.546  60.252 0.0000000000
125447  -39.059  -22.765  59.482 0.0000000000
55772  -37.700  -23.410  58.432 0.0000000000
47611  -32.272  -32.356  62.804 0.0000000000
47604  -32.825  -32.306  63.682 0.0000000000
48469  -33.882  -31.865  62.450 0.0000000000
53987  -37.109  -25.163  59.494 0.0000000000
53080  -37.451  -26.000  61.933 0.0000000000
53980  -37.951  -24.960  61.534 0.0000000000
54860  -38.632  -24.162  61.853 0.0000000000
55812  -44.661  -23.708  53.686 0.0000000000
56748  -44.170  -22.994  52.433 0.0000000000
55018  -47.250  -24.292  45.870 0.0000000000
54111  -48.407  -25.692  46.588 0.0000000000
55020  -49.379  -24.238  45.601 0.0000000000
55041  -49.756  -24.336  45.050 0.0000000000
55914  -49.644  -23.423  45.326 0.0000000000
63833  -50.886  -14.227  43.298 0.0000000000
62887  -50.331  -14.798  45.121 0.0000000000
62027  -50.504  -15.941  43.122 0.0000000000
124024  -50.117  -11.876  40.657 0.0000000000
131720  -51.071  -10.873  41.608 0.0000000000
128753  -51.045  -11.664  42.690 0.0000000000
139825  -51.623  -11.042  41.607 0.0000000000
64698  -51.739  -12.845  40.339 0.0000000000
66470  -52.160  -10.756  40.740 0.0000000000
67457  -52.399  -10.324  37.903 0.0000000000
53994  -40.927  -25.344  59.218 0.0000000000
54000  -41.195  -25.165  58.425 0.0000000000
54875  -41.456  -23.937  59.031 0.0000000000
125099  -40.409  -21.817  57.933 0.0000000000
57554  -41.770  -21.649  57.996 0.0000000000
120486  -41.588  -21.538  56.634 0.0000000000
57566  -41.941  -21.549  55.841 0.0000000000
56707  -40.519  -22.190  55.741 0.0000000000
34711  -23.650  -47.702  66.852 0.0000000000
34706  -23.609  -46.879  67.820 0.0000000000
37395  -24.015  -44.571  68.786 0.0000000000
41668  -24.696  -38.792  67.283 0.0000000000
40839  -25.046  -39.487  67.633 0.0000000000
40015  -25.375  -41.144  67.622 0.0000000000
40851  -25.467  -40.260  66.510 0.0000000000
40858  -25.414  -40.252  65.372 0.0000000000
41673  -25.608  -39.170  66.587 0.0000000000
43372  -27.135  -36.814  65.464 0.0000000000
44213  -27.895  -36.779  63.612 0.0000000000
44206  -28.077  -35.714  65.443 0.0000000000
46706  -30.562  -33.278  64.803 0.0000000000
46705  -29.325  -33.721  64.698 0.0000000000
45858  -30.402  -34.290  65.517 0.0000000000
44989  -30.244  -34.927  65.295 0.0000000000
44990  -31.058  -34.824  65.003 0.0000000000
45014  -32.545  -35.300  63.318 0.0000000000
44992  -32.758  -34.714  64.609 0.0000000000
47594  -34.818  -32.486  65.112 0.0000000000
45873  -34.361  -34.081  64.312 0.0000000000
46710  -35.505  -33.127  64.380 0.0000000000
47613  -36.718  -32.895  63.129 0.0000000000
49298  -35.423  -30.274  62.083 0.0000000000
50164  -35.635  -29.430  62.954 0.0000000000
51131  -37.614  -27.408  63.475 0.0000000000
51117  -36.518  -28.246  64.241 0.0000000000
50157  -37.700  -28.557  63.427 0.0000000000
49295  -37.737  -30.536  62.830 0.0000000000
49299  -38.504  -30.449  62.038 0.0000000000
51160  -39.311  -28.522  61.254 0.0000000000
53975  -40.152  -25.450  61.098 0.0000000000
132185  -40.486  -27.065  60.194 0.0000000000
53087  -40.560  -26.373  60.075 0.0000000000
122613  -40.633  -26.937  59.342 0.0000000000
35568  -21.391  -47.142  67.493 0.0000000000
34705  -21.791  -47.560  67.917 0.0000000000
33846  -22.034  -48.271  68.120 0.0000000000
54020  -42.994  -25.087  56.039 0.0000000000
53122  -43.447  -25.733  55.317 0.0000000000
53148  -44.562  -26.689  52.981 0.0000000000
54955  -44.684  -24.816  50.175 0.0000000000
54943  -46.279  -24.740  50.951 0.0000000000
54059  -46.642  -25.464  50.477 0.0000000000
52236  -48.260  -27.729  47.170 0.0000000000
52225  -47.759  -27.641  48.762 0.0000000000
61043  -49.201  -16.838  46.927 0.0000000000
61975  -47.696  -16.895  46.920 0.0000000000
60134  -48.657  -18.002  47.501 0.0000000000
59257  -47.456  -19.340  47.256 0.0000000000
122472  -49.095  -19.859  46.824 0.0000000000
126288  -49.553  -21.476  45.024 0.0000000000
68396  -51.198  -9.378  39.810 0.0000000000
67440  -52.241  -9.501  39.897 0.0000000000
69396  -51.749  -8.196  38.763 0.0000000000
70228  -52.319  -7.649  38.024 0.0000000000
54868  -40.573  -23.714  60.598 0.0000000000
55760  -41.007  -23.048  60.141 0.0000000000
57527  -40.132  -22.388  60.222 0.0000000000
56677  -39.473  -22.337  59.086 0.0000000000
56687  -39.269  -22.346  57.431 0.0000000000
36452  -22.403  -46.232  67.456 0.0000000000
35566  -23.028  -46.614  67.983 0.0000000000
39130  -23.761  -43.063  68.821 0.0000000000
47579  -31.942  -32.910  65.053 0.0000000000
45860  -32.488  -33.602  65.414 0.0000000000
47592  -33.052  -32.475  65.196 0.0000000000
48451  -33.581  -31.805  64.991 0.0000000000
48440  -34.618  -31.042  64.907 0.0000000000
51184  -36.488  -27.748  60.298 0.0000000000
128448  -36.377  -28.127  62.585 0.0000000000
53079  -37.002  -26.774  61.847 0.0000000000
138445  -37.260  -26.637  63.145 0.0000000000
52116  -38.172  -26.418  63.353 0.0000000000
52117  -38.831  -26.546  62.599 0.0000000000
53966  -38.560  -25.103  62.676 0.0000000000
133167  -39.718  -24.546  61.499 0.0000000000
142935  -21.693  -46.218  66.403 0.0000000000
55796  -43.721  -23.518  55.226 0.0000000000
54909  -43.867  -24.947  54.910 0.0000000000
54910  -44.254  -24.435  54.292 0.0000000000
54035  -44.807  -25.194  53.157 0.0000000000
53149  -45.062  -26.077  52.243 0.0000000000
54099  -45.711  -25.450  47.824 0.0000000000
54091  -47.402  -26.405  48.715 0.0000000000
54101  -47.821  -26.208  47.415 0.0000000000
53186  -48.824  -26.426  46.426 0.0000000000
64676  -49.524  -13.502  43.886 0.0000000000
62886  -48.900  -14.819  45.186 0.0000000000
63801  -50.062  -14.178  45.438 0.0000000000
61987  -50.049  -15.617  46.128 0.0000000000
119702  -36.872  -24.683  58.722 0.0000000000
53100  -36.683  -25.594  58.762 0.0000000000
55834  -43.085  -23.058  51.787 0.0000000000
54098  -44.797  -25.355  47.853 0.0000000000
54997  -44.885  -24.471  46.269 0.0000000000
55017  -46.115  -24.134  45.862 0.0000000000
132894  -45.920  -22.887  45.493 0.0000000000
64686  -49.214  -13.521  42.731 0.0000000000
65535  -50.482  -12.554  43.642 0.0000000000
64678  -50.980  -12.918  43.629 0.0000000000
127259  -51.235  -14.732  42.116 0.0000000000
141561  -52.299  -10.932  39.484 0.0000000000
65581  -51.959  -12.148  38.187 0.0000000000
53115  -40.674  -25.691  56.937 0.0000000000
54011  -42.083  -24.757  56.775 0.0000000000
54893  -42.716  -24.113  56.678 0.0000000000
55773  -41.767  -23.103  58.832 0.0000000000
56688  -42.510  -22.680  57.447 0.0000000000
56697  -42.895  -22.686  56.298 0.0000000000
57562  -43.071  -21.825  55.844 0.0000000000
57572  -42.745  -21.681  54.567 0.0000000000
56684  -37.054  -22.983  57.358 0.0000000000
56694  -37.228  -22.731  56.955 0.0000000000
56716  -39.643  -22.700  55.202 0.0000000000
33874  -22.535  -48.434  65.971 0.0000000000
34719  -23.722  -47.695  65.971 0.0000000000
39146  -27.162  -43.360  66.490 0.0000000000
39143  -22.989  -42.226  66.106 0.0000000000
128101  -23.510  -41.526  68.060 0.0000000000
40003  -24.776  -41.588  68.590 0.0000000000
39153  -25.631  -42.189  66.727 0.0000000000
42550  -25.779  -38.895  63.528 0.0000000000
42558  -26.303  -38.315  63.023 0.0000000000
45855  -27.361  -35.194  65.278 0.0000000000
45869  -28.148  -34.545  65.060 0.0000000000
137480  -28.646  -35.090  65.536 0.0000000000
44207  -28.962  -35.520  65.125 0.0000000000
45011  -29.934  -35.625  63.700 0.0000000000
45881  -33.598  -34.616  64.290 0.0000000000
128003  -34.580  -31.503  62.013 0.0000000000
49293  -34.726  -30.612  63.868 0.0000000000
121730  -35.573  -29.946  64.581 0.0000000000
51115  -35.859  -28.676  64.258 0.0000000000
131145  -35.875  -29.759  64.655 0.0000000000
49287  -36.315  -30.277  64.565 0.0000000000
48465  -37.363  -31.453  62.864 0.0000000000
47615  -37.916  -32.027  62.115 0.0000000000
49315  -40.589  -30.330  59.375 0.0000000000
52134  -39.770  -27.642  60.902 0.0000000000
51175  -40.407  -28.575  60.070 0.0000000000
50199  -40.515  -29.736  59.344 0.0000000000
51191  -40.358  -28.541  59.043 0.0000000000
33099  -22.078  -48.893  67.471 0.0000000000
131077  -45.298  -23.862  51.742 0.0000000000
54931  -46.216  -24.836  51.261 0.0000000000
53165  -46.310  -26.201  50.982 0.0000000000
52209  -47.477  -26.766  49.706 0.0000000000
52208  -47.309  -26.941  50.040 0.0000000000
128128  -45.509  -27.394  50.542 0.0000000000
57617  -44.587  -21.172  45.582 0.0000000000
56794  -46.447  -22.081  45.484 0.0000000000
61995  -47.629  -16.456  45.002 0.0000000000
61983  -46.473  -17.182  45.415 0.0000000000
59243  -45.672  -19.065  47.265 0.0000000000
122145  -47.093  -19.925  46.698 0.0000000000
57620  -48.503  -21.909  45.879 0.0000000000
56797  -49.628  -22.759  45.286 0.0000000000
33884  -21.542  -48.515  64.525 0.0000000000
55765  -38.237  -23.480  59.567 0.0000000000
55764  -37.814  -23.610  59.032 0.0000000000
47621  -32.212  -32.573  61.707 0.0000000000
47622  -33.186  -32.357  62.040 0.0000000000
54866  -37.681  -24.654  60.135 0.0000000000
54867  -38.185  -24.108  60.721 0.0000000000
56747  -42.971  -22.409  52.584 0.0000000000
56733  -43.566  -22.479  52.932 0.0000000000
56760  -43.413  -22.778  52.244 0.0000000000
55019  -48.588  -24.330  45.958 0.0000000000
55913  -49.155  -23.608  45.728 0.0000000000
62915  -50.811  -15.313  42.622 0.0000000000
130170  -50.725  -15.199  43.515 0.0000000000
67439  -50.928  -10.043  40.298 0.0000000000
67430  -51.350  -10.307  41.003 0.0000000000
67411  -51.176  -11.225  41.958 0.0000000000
66461  -51.941  -10.543  41.166 0.0000000000
65549  -51.909  -11.207  41.284 0.0000000000
67432  -52.159  -10.044  40.661 0.0000000000
53988  -40.694  -25.544  59.800 0.0000000000
53989  -41.117  -24.722  59.416 0.0000000000
57552  -40.118  -21.835  57.325 0.0000000000
57560  -40.856  -21.566  57.156 0.0000000000
57559  -40.330  -21.828  56.674 0.0000000000
57565  -41.108  -21.633  56.229 0.0000000000
34701  -22.793  -47.287  67.979 0.0000000000
38294  -24.408  -43.648  69.035 0.0000000000
37396  -24.728  -44.440  68.634 0.0000000000
41661  -24.861  -39.338  67.551 0.0000000000
40844  -25.293  -39.564  67.400 0.0000000000
127356  -27.028  -36.214  65.756 0.0000000000
44205  -27.758  -36.470  64.871 0.0000000000
134136  -31.010  -33.865  65.515 0.0000000000
46691  -30.245  -33.785  65.431 0.0000000000
45859  -30.976  -34.246  65.496 0.0000000000
44981  -30.634  -34.540  65.412 0.0000000000
45870  -31.370  -34.427  65.379 0.0000000000
44991  -31.936  -34.821  64.799 0.0000000000
45871  -32.213  -34.317  65.314 0.0000000000
133935  -34.831  -31.574  65.194 0.0000000000
132141  -36.127  -32.834  63.879 0.0000000000
47605  -36.451  -32.073  63.939 0.0000000000
140697  -35.640  -29.565  62.041 0.0000000000
51158  -35.874  -28.908  62.074 0.0000000000
50165  -38.119  -29.594  62.642 0.0000000000
51144  -38.525  -28.462  62.384 0.0000000000
50172  -38.867  -29.511  61.655 0.0000000000
53981  -40.489  -25.590  60.371 0.0000000000
53093  -40.622  -26.232  59.658 0.0000000000
35569  -22.166  -46.915  67.762 0.0000000000
34700  -22.173  -47.717  68.053 0.0000000000
54013  -43.166  -24.654  56.090 0.0000000000
54021  -43.391  -25.127  55.601 0.0000000000
53157  -44.652  -27.054  52.216 0.0000000000
51245  -44.086  -27.826  52.132 0.0000000000
51262  -44.129  -27.969  51.510 0.0000000000
54072  -45.077  -25.208  49.491 0.0000000000
54956  -45.666  -24.945  50.239 0.0000000000
54073  -46.005  -25.423  49.564 0.0000000000
62898  -47.667  -15.364  43.513 0.0000000000
60152  -49.268  -17.933  47.010 0.0000000000
139172  -48.815  -17.358  47.359 0.0000000000
60151  -49.108  -18.995  47.150 0.0000000000
55753  -39.931  -23.030  61.164 0.0000000000
56663  -40.030  -22.624  60.706 0.0000000000
56654  -39.605  -22.894  60.884 0.0000000000
135359  -39.577  -22.461  59.702 0.0000000000
57543  -39.339  -22.333  58.285 0.0000000000
138888  -38.481  -22.752  57.804 0.0000000000
38300  -23.144  -43.623  67.354 0.0000000000
135624  -31.431  -32.637  63.124 0.0000000000
47602  -31.364  -32.672  64.012 0.0000000000
47590  -31.350  -32.914  64.681 0.0000000000
47591  -32.253  -32.651  64.873 0.0000000000
48462  -33.501  -31.817  64.124 0.0000000000
48463  -34.044  -31.375  64.689 0.0000000000
48439  -34.062  -31.570  65.185 0.0000000000
48452  -34.216  -31.324  64.893 0.0000000000
123256  -36.688  -26.952  60.301 0.0000000000
52133  -36.800  -27.264  61.166 0.0000000000
53973  -37.850  -25.076  62.936 0.0000000000
53072  -37.540  -25.925  63.031 0.0000000000
53955  -37.824  -25.388  63.191 0.0000000000
53062  -37.536  -26.160  63.186 0.0000000000
53063  -38.017  -25.788  63.354 0.0000000000
53073  -38.408  -25.732  63.159 0.0000000000
53965  -38.110  -25.160  63.191 0.0000000000
55751  -39.030  -23.383  61.258 0.0000000000
54853  -38.922  -24.432  62.129 0.0000000000
54861  -39.379  -23.736  61.476 0.0000000000
54862  -40.041  -23.874  61.208 0.0000000000
35573  -21.807  -46.491  67.176 0.0000000000
54902  -43.835  -24.241  54.909 0.0000000000
55803  -44.156  -23.619  54.512 0.0000000000
55813  -45.306  -23.800  52.860 0.0000000000
54917  -44.871  -24.430  53.437 0.0000000000
54918  -45.392  -24.461  52.577 0.0000000000
54043  -45.316  -25.180  52.347 0.0000000000
135296  -46.130  -25.112  46.950 0.0000000000
54100  -46.779  -25.749  47.702 0.0000000000
54110  -47.255  -25.448  46.772 0.0000000000
54112  -49.116  -25.742  46.217 0.0000000000
52250  -48.548  -27.053  46.599 0.0000000000
54117  -49.225  -25.665  45.605 0.0000000000
63808  -50.025  -13.619  44.926 0.0000000000
64655  -50.195  -13.852  45.121 0.0000000000
61061  -50.050  -16.380  45.772 0.0000000000
54109  -45.078  -24.899  47.018 0.0000000000
55909  -44.528  -23.601  45.632 0.0000000000
55910  -45.495  -23.572  45.619 0.0000000000
65552  -50.005  -12.215  41.249 0.0000000000
64696  -49.506  -12.847  41.389 0.0000000000
143500  -49.094  -13.311  41.888 0.0000000000
124030  -49.720  -12.741  42.450 0.0000000000
64687  -49.978  -12.676  43.525 0.0000000000
65541  -50.527  -12.173  42.981 0.0000000000
65548  -51.397  -11.843  42.154 0.0000000000
65543  -51.015  -12.197  43.150 0.0000000000
64688  -51.195  -12.583  42.819 0.0000000000
63821  -51.215  -13.583  42.576 0.0000000000
63838  -51.442  -14.106  41.569 0.0000000000
64697  -51.661  -13.373  41.079 0.0000000000
65562  -51.894  -12.357  39.679 0.0000000000
68407  -52.257  -8.656  39.126 0.0000000000
121165  -52.398  -10.224  39.474 0.0000000000
67448  -52.472  -9.593  38.898 0.0000000000
66501  -52.323  -11.437  37.604 0.0000000000
53107  -40.023  -26.426  57.366 0.0000000000
53108  -40.678  -25.774  57.970 0.0000000000
54886  -42.011  -24.213  57.864 0.0000000000
54001  -41.760  -24.586  57.737 0.0000000000
54002  -42.250  -24.259  57.123 0.0000000000
54887  -42.328  -23.903  57.525 0.0000000000
57528  -40.643  -22.265  59.840 0.0000000000
55766  -41.215  -22.554  59.607 0.0000000000
119636  -42.262  -21.847  57.474 0.0000000000
57547  -42.097  -22.062  58.241 0.0000000000
130832  -42.188  -21.666  55.068 0.0000000000
34718  -23.093  -47.985  65.494 0.0000000000
33875  -23.261  -48.141  66.502 0.0000000000
34712  -24.083  -47.181  67.143 0.0000000000
36445  -23.343  -46.000  68.000 0.0000000000
35567  -23.649  -46.010  68.089 0.0000000000
37410  -27.113  -44.272  67.242 0.0000000000
38310  -27.889  -43.951  66.832 0.0000000000
40006  -23.247  -41.693  67.126 0.0000000000
40835  -24.717  -40.585  68.175 0.0000000000
39138  -25.386  -42.127  68.372 0.0000000000
40009  -25.125  -40.953  68.191 0.0000000000
139637  -26.223  -42.672  66.342 0.0000000000
39164  -25.687  -42.281  65.466 0.0000000000
140785  -25.371  -39.982  64.694 0.0000000000
129329  -25.218  -40.646  64.297 0.0000000000
130301  -25.483  -39.731  64.075 0.0000000000
43378  -26.736  -37.477  64.806 0.0000000000
42545  -26.395  -37.875  65.440 0.0000000000
42551  -26.358  -38.168  64.160 0.0000000000
43386  -27.873  -36.939  62.458 0.0000000000
128183  -28.468  -36.709  62.000 0.0000000000
45857  -29.625  -34.331  65.506 0.0000000000
46704  -28.655  -34.170  65.025 0.0000000000
138795  -28.667  -34.672  65.449 0.0000000000
44988  -29.471  -34.994  65.497 0.0000000000
45000  -30.585  -35.290  64.370 0.0000000000
44222  -29.964  -35.800  62.471 0.0000000000
123623  -32.587  -35.400  62.301 0.0000000000
45015  -33.379  -35.284  62.740 0.0000000000
46707  -33.178  -33.422  65.334 0.0000000000
45872  -32.989  -34.191  65.084 0.0000000000
122853  -33.604  -34.009  64.838 0.0000000000
49294  -35.199  -30.006  63.479 0.0000000000
49286  -35.288  -29.971  64.484 0.0000000000
51143  -36.445  -27.749  63.572 0.0000000000
51142  -35.929  -28.504  63.566 0.0000000000
51129  -36.112  -28.015  64.100 0.0000000000
50147  -37.016  -28.844  64.342 0.0000000000
50146  -36.184  -28.966  64.467 0.0000000000
49277  -36.663  -29.642  64.428 0.0000000000
48464  -36.768  -31.240  63.891 0.0000000000
48471  -38.182  -31.238  62.201 0.0000000000
49305  -39.849  -30.262  60.452 0.0000000000
52128  -39.516  -26.749  61.542 0.0000000000
52135  -40.322  -27.744  60.296 0.0000000000
135707  -40.437  -28.239  59.941 0.0000000000
51185  -40.401  -28.855  59.586 0.0000000000
50212  -40.397  -29.354  59.051 0.0000000000
52144  -40.403  -27.635  58.815 0.0000000000
33853  -22.519  -48.447  67.757 0.0000000000
135527  -21.909  -48.707  68.030 0.0000000000
33862  -22.037  -48.928  66.513 0.0000000000
54029  -44.057  -25.757  54.556 0.0000000000
53134  -43.848  -26.132  54.780 0.0000000000
53135  -44.081  -26.600  54.194 0.0000000000
55848  -43.680  -23.596  51.335 0.0000000000
136510  -44.239  -23.337  51.866 0.0000000000
54932  -46.665  -25.159  50.948 0.0000000000
54051  -46.605  -25.488  51.006 0.0000000000
142371  -46.223  -25.775  51.279 0.0000000000
54075  -47.271  -26.229  49.850 0.0000000000
53181  -47.830  -26.900  49.035 0.0000000000
52216  -47.272  -27.517  49.396 0.0000000000
51277  -46.541  -27.773  49.390 0.0000000000
52215  -46.492  -27.414  50.017 0.0000000000
51276  -45.449  -27.805  49.916 0.0000000000
57618  -45.764  -21.045  45.519 0.0000000000
62875  -48.494  -15.616  45.672 0.0000000000
62885  -48.072  -15.565  44.498 0.0000000000
122294  -47.482  -17.456  47.329 0.0000000000
61059  -46.576  -17.552  46.626 0.0000000000
61049  -45.236  -18.010  46.527 0.0000000000
121103  -46.067  -18.185  47.118 0.0000000000
59242  -45.103  -18.892  47.190 0.0000000000
60131  -46.165  -18.569  47.345 0.0000000000
58446  -48.249  -20.120  46.818 0.0000000000
58458  -47.811  -20.771  46.232 0.0000000000
57621  -49.153  -22.150  45.756 0.0000000000
55758  -38.987  -23.152  60.616 0.0000000000
56653  -39.385  -22.984  60.869 0.0000000000
56668  -38.775  -23.112  59.846 0.0000000000
56675  -38.254  -23.194  59.033 0.0000000000
56685  -37.867  -23.157  57.971 0.0000000000
47612  -33.271  -32.101  63.062 0.0000000000
136933  -33.814  -31.659  63.335 0.0000000000
53979  -37.190  -25.595  60.632 0.0000000000
54859  -38.141  -24.546  62.789 0.0000000000
143664  -38.431  -24.362  61.573 0.0000000000
55750  -38.693  -23.681  61.137 0.0000000000
56734  -43.871  -22.400  53.764 0.0000000000
128234  -44.337  -23.002  53.957 0.0000000000
130324  -44.571  -23.062  53.112 0.0000000000
55824  -45.039  -23.514  52.355 0.0000000000
54999  -47.932  -24.919  46.333 0.0000000000
55000  -49.134  -24.946  45.976 0.0000000000
54113  -49.297  -24.998  45.754 0.0000000000
54118  -49.437  -24.968  45.392 0.0000000000
55021  -49.531  -24.510  45.380 0.0000000000
120308  -49.798  -23.928  45.187 0.0000000000
55927  -49.938  -23.564  45.020 0.0000000000
63820  -50.597  -13.477  44.255 0.0000000000
63809  -50.366  -13.872  45.005 0.0000000000
62900  -50.601  -14.512  44.296 0.0000000000
134500  -50.547  -15.688  44.241 0.0000000000
66468  -50.527  -11.512  41.583 0.0000000000
66459  -50.702  -11.675  42.394 0.0000000000
66460  -50.970  -11.345  42.161 0.0000000000
66454  -51.245  -11.329  42.006 0.0000000000
143707  -51.581  -12.633  41.614 0.0000000000
65553  -51.708  -12.281  41.177 0.0000000000
65554  -51.960  -11.779  40.534 0.0000000000
66479  -52.218  -11.324  39.972 0.0000000000
142374  -52.516  -9.387  38.089 0.0000000000
68412  -52.506  -9.714  37.319 0.0000000000
127959  -52.486  -10.795  36.975 0.0000000000
64748  -52.510  -13.331  35.561 0.0000000000
53101  -40.698  -25.974  58.947 0.0000000000
53995  -41.463  -24.515  58.575 0.0000000000
57545  -40.543  -21.901  58.783 0.0000000000
57546  -41.354  -21.802  58.577 0.0000000000
57553  -41.086  -21.578  58.002 0.0000000000
120326  -41.697  -21.558  57.361 0.0000000000
57561  -42.371  -21.632  56.549 0.0000000000
57570  -41.464  -21.950  55.183 0.0000000000
56717  -40.769  -22.453  54.784 0.0000000000
33864  -23.166  -48.154  67.381 0.0000000000
130186  -23.409  -47.636  67.560 0.0000000000
39139  -26.194  -42.827  67.989 0.0000000000
121192  -25.097  -40.140  67.874 0.0000000000
129677  -25.338  -40.424  67.305 0.0000000000
140492  -25.344  -40.869  65.758 0.0000000000
43379  -27.345  -37.136  64.294 0.0000000000
44214  -28.539  -36.182  64.297 0.0000000000
47589  -29.992  -33.355  64.298 0.0000000000
140115  -29.464  -33.665  63.839 0.0000000000
138045  -29.840  -33.529  65.047 0.0000000000
44980  -29.928  -34.622  65.461 0.0000000000
45001  -31.656  -35.340  64.047 0.0000000000
45002  -32.493  -35.175  64.208 0.0000000000
47593  -34.213  -32.749  65.317 0.0000000000
46708  -33.921  -33.395  65.104 0.0000000000
46709  -34.695  -33.331  64.743 0.0000000000
45874  -35.290  -33.781  64.003 0.0000000000
46726  -36.677  -33.582  62.813 0.0000000000
49304  -35.521  -30.804  60.912 0.0000000000
48474  -35.210  -31.175  61.537 0.0000000000
131946  -36.821  -27.550  63.804 0.0000000000
52086  -36.271  -27.918  64.054 0.0000000000
51130  -37.090  -28.059  64.064 0.0000000000
50156  -37.442  -29.647  63.720 0.0000000000
49300  -39.204  -30.342  61.245 0.0000000000
50173  -39.588  -29.443  60.764 0.0000000000
52129  -40.148  -26.941  60.696 0.0000000000
53082  -40.346  -26.302  60.543 0.0000000000
52139  -40.579  -27.080  59.914 0.0000000000
34704  -21.012  -47.726  67.784 0.0000000000
33854  -22.812  -47.925  67.956 0.0000000000
52175  -44.243  -27.132  53.569 0.0000000000
52192  -44.209  -27.573  52.854 0.0000000000
54942  -45.237  -24.449  50.772 0.0000000000
52226  -48.235  -27.682  48.067 0.0000000000
125163  -48.006  -27.248  48.734 0.0000000000
61977  -49.204  -16.023  46.752 0.0000000000
120035  -48.387  -16.462  46.878 0.0000000000
61052  -48.613  -16.760  47.155 0.0000000000
61042  -48.219  -17.412  47.562 0.0000000000
60133  -47.897  -17.978  47.796 0.0000000000
60132  -47.136  -18.191  47.600 0.0000000000
59245  -47.624  -18.649  47.541 0.0000000000
131061  -48.546  -19.435  47.187 0.0000000000
58447  -48.902  -20.183  46.661 0.0000000000
57622  -49.374  -21.676  45.612 0.0000000000
68389  -51.591  -9.732  40.359 0.0000000000
68390  -52.051  -9.615  40.205 0.0000000000
68397  -51.842  -9.083  39.842 0.0000000000
69385  -52.080  -8.611  39.309 0.0000000000
69397  -52.239  -8.117  38.652 0.0000000000
69402  -52.472  -7.961  38.261 0.0000000000
130407  -52.601  -8.676  37.774 0.0000000000
54869  -41.108  -23.933  59.789 0.0000000000
55759  -40.417  -22.849  60.631 0.0000000000
56664  -40.571  -22.529  60.237 0.0000000000
57535  -40.318  -22.175  59.626 0.0000000000
56669  -39.365  -22.757  60.254 0.0000000000
57526  -39.803  -22.411  60.030 0.0000000000
57534  -39.905  -22.158  59.343 0.0000000000
57544  -39.904  -22.073  58.562 0.0000000000
138450  -39.900  -22.129  57.879 0.0000000000
56696  -39.720  -22.126  56.905 0.0000000000
35570  -22.846  -46.363  67.851 0.0000000000
37407  -23.679  -44.631  68.304 0.0000000000
38293  -23.785  -43.919  68.808 0.0000000000
44977  -26.907  -35.915  65.687 0.0000000000
47601  -30.639  -32.939  64.064 0.0000000000
47578  -31.168  -33.360  65.152 0.0000000000
138192  -31.612  -33.368  65.294 0.0000000000
46693  -32.170  -33.018  65.278 0.0000000000
46694  -32.706  -32.648  65.307 0.0000000000
135777  -33.062  -32.527  65.162 0.0000000000
48450  -32.935  -32.364  64.550 0.0000000000
47581  -33.505  -32.129  65.239 0.0000000000
47582  -34.140  -32.014  65.431 0.0000000000
135937  -34.514  -31.447  65.142 0.0000000000
48441  -34.877  -30.954  65.017 0.0000000000
51159  -36.549  -28.247  61.331 0.0000000000
52127  -36.698  -27.373  62.426 0.0000000000
52115  -36.876  -27.214  63.302 0.0000000000
53071  -37.132  -26.657  62.753 0.0000000000
53061  -37.063  -27.037  63.359 0.0000000000
52100  -37.515  -26.642  63.336 0.0000000000
133105  -38.447  -27.319  62.928 0.0000000000
53074  -39.207  -25.887  62.353 0.0000000000
54852  -38.162  -24.564  62.672 0.0000000000
53974  -39.452  -25.234  61.923 0.0000000000
127027  -40.365  -24.694  60.846 0.0000000000
54901  -43.542  -24.289  55.470 0.0000000000
124777  -43.476  -24.828  55.567 0.0000000000
119992  -44.271  -25.177  54.026 0.0000000000
54042  -44.734  -25.807  52.857 0.0000000000
53158  -45.448  -26.401  51.594 0.0000000000
54090  -46.323  -25.764  48.678 0.0000000000
53183  -48.181  -26.830  48.051 0.0000000000
54102  -48.434  -26.469  46.859 0.0000000000
52237  -48.469  -27.067  47.400 0.0000000000
63819  -48.793  -14.249  43.515 0.0000000000
62899  -48.446  -14.809  44.030 0.0000000000
63807  -49.299  -14.186  44.573 0.0000000000
63800  -49.678  -14.424  45.431 0.0000000000
62876  -49.250  -15.080  46.037 0.0000000000
63802  -50.070  -14.328  45.511 0.0000000000
62878  -50.091  -14.969  45.994 0.0000000000
62871  -49.709  -15.428  46.271 0.0000000000
61986  -49.709  -16.139  46.438 0.0000000000
61060  -49.570  -17.127  46.258 0.0000000000
54873  -37.460  -24.245  59.012 0.0000000000
55771  -37.295  -23.633  58.356 0.0000000000
54878  -36.796  -24.025  58.235 0.0000000000
51173  -36.248  -28.642  60.224 0.0000000000
53092  -36.690  -26.180  59.794 0.0000000000
55833  -42.145  -22.950  51.610 0.0000000000
55847  -42.469  -23.336  51.299 0.0000000000
54940  -43.071  -24.147  50.770 0.0000000000
54071  -44.102  -25.304  49.442 0.0000000000
54088  -44.500  -25.410  48.626 0.0000000000
135839  -45.655  -24.555  46.275 0.0000000000
55911  -46.607  -23.602  45.627 0.0000000000
132893  -47.111  -22.932  45.547 0.0000000000
64691  -48.448  -13.845  41.873 0.0000000000
63832  -48.382  -14.199  42.607 0.0000000000
138640  -49.014  -13.935  43.134 0.0000000000
64662  -50.238  -12.970  44.154 0.0000000000
65524  -50.488  -12.845  44.054 0.0000000000
65542  -50.809  -12.123  43.192 0.0000000000
65536  -50.700  -12.614  43.650 0.0000000000
64677  -50.651  -12.961  44.105 0.0000000000
62927  -50.912  -15.421  41.564 0.0000000000
123183  -52.276  -10.382  40.136 0.0000000000
65569  -52.020  -11.777  39.101 0.0000000000
66488  -52.323  -10.921  38.667 0.0000000000
54010  -41.366  -25.167  57.473 0.0000000000
54012  -42.714  -24.502  56.502 0.0000000000
131981  -41.390  -23.290  59.501 0.0000000000
56678  -41.627  -22.297  58.863 0.0000000000
56679  -42.214  -22.654  58.371 0.0000000000
55774  -42.393  -23.322  58.049 0.0000000000
55781  -42.502  -23.568  57.218 0.0000000000
55788  -42.826  -23.536  56.576 0.0000000000
55789  -43.298  -23.541  55.900 0.0000000000
56708  -43.457  -22.609  55.521 0.0000000000
56719  -43.498  -21.892  55.121 0.0000000000
57567  -42.727  -21.635  55.509 0.0000000000
119302  -43.260  -21.634  55.101 0.0000000000
57573  -43.442  -21.870  54.426 0.0000000000
134556  -42.412  -22.651  52.280 0.0000000000
140468  -37.582  -22.862  57.396 0.0000000000
56686  -38.097  -22.651  57.137 0.0000000000
56695  -38.852  -22.508  56.667 0.0000000000
33885  -22.328  -48.291  64.949 0.0000000000
39137  -23.328  -42.585  67.963 0.0000000000
123429  -23.900  -41.988  68.625 0.0000000000
39144  -25.614  -42.041  67.894 0.0000000000
39145  -26.356  -42.838  67.318 0.0000000000
40029  -25.376  -41.481  64.948 0.0000000000
42537  -25.961  -38.368  66.140 0.0000000000
42544  -25.964  -38.717  64.782 0.0000000000
43385  -27.269  -37.273  63.018 0.0000000000
44978  -27.712  -35.496  65.475 0.0000000000
45856  -27.869  -34.890  65.371 0.0000000000
44215  -29.257  -35.748  64.220 0.0000000000
44999  -29.751  -35.405  64.803 0.0000000000
120168  -29.165  -36.026  63.250 0.0000000000
45882  -34.342  -34.664  63.559 0.0000000000
45004  -33.766  -35.019  63.437 0.0000000000
48480  -34.098  -32.142  61.303 0.0000000000
48470  -34.336  -31.255  63.056 0.0000000000
49297  -34.896  -30.805  62.650 0.0000000000
49285  -34.714  -30.814  64.656 0.0000000000
49275  -35.177  -30.410  64.662 0.0000000000
48453  -35.260  -30.840  64.845 0.0000000000
51116  -36.076  -28.289  64.252 0.0000000000
50145  -35.704  -29.456  64.434 0.0000000000
49276  -35.613  -30.151  64.683 0.0000000000
48454  -36.011  -31.016  64.594 0.0000000000
47606  -36.871  -32.027  63.127 0.0000000000
47614  -37.309  -32.442  62.583 0.0000000000
51145  -39.109  -27.507  61.910 0.0000000000
51174  -40.050  -28.552  60.503 0.0000000000
51190  -39.849  -28.299  58.440 0.0000000000
54028  -43.712  -25.437  55.147 0.0000000000
54930  -45.581  -24.384  51.264 0.0000000000
55835  -45.658  -24.435  51.623 0.0000000000
54924  -45.655  -24.703  51.820 0.0000000000
54050  -45.865  -25.373  51.591 0.0000000000
52200  -45.466  -26.941  50.989 0.0000000000
54074  -46.865  -25.837  49.587 0.0000000000
53167  -47.238  -26.389  50.153 0.0000000000
53166  -46.877  -26.231  50.516 0.0000000000
52207  -46.407  -26.852  50.498 0.0000000000
137930  -44.784  -27.508  51.033 0.0000000000
130361  -44.113  -22.040  45.388 0.0000000000
56793  -45.258  -22.034  45.382 0.0000000000
56795  -47.613  -22.235  45.674 0.0000000000
62884  -47.185  -16.053  43.938 0.0000000000
61994  -46.556  -16.736  44.489 0.0000000000
61984  -48.094  -16.359  46.201 0.0000000000
143618  -47.014  -16.872  45.132 0.0000000000
61982  -45.782  -17.169  44.883 0.0000000000
59255  -44.691  -19.215  46.977 0.0000000000
58444  -45.045  -19.579  46.830 0.0000000000
59244  -46.698  -18.772  47.477 0.0000000000
58445  -46.085  -19.669  46.636 0.0000000000
140097  -45.619  -20.158  46.187 0.0000000000
58457  -46.577  -20.498  46.150 0.0000000000
57619  -47.169  -21.377  45.782 0.0000000000
133538  -48.439  -22.892  45.770 0.0000000000
56796  -49.188  -22.875  45.682 0.0000000000
56805  -49.603  -22.635  44.711 0.0000000000
46690  -29.349  -33.993  65.421 0.0000000000
47580  -32.661  -32.672  65.163 0.0000000000
55745  -38.871  -23.947  61.711 0.0000000000
56662  -39.681  -22.675  60.538 0.0000000000
57628  -49.665  -22.098  45.057 0.0000000000
59246  -48.364  -18.575  47.473 0.0000000000
59256  -46.576  -19.248  47.220 0.0000000000
60150  -45.420  -18.514  47.021 0.0000000000
61041  -47.648  -17.660  47.596 0.0000000000
61051  -48.097  -16.906  47.362 0.0000000000
61976  -48.714  -16.241  46.832 0.0000000000
62870  -49.268  -15.493  46.430 0.0000000000
62877  -49.825  -14.822  45.914 0.0000000000
66452  -50.928  -11.675  42.705 0.0000000000
66453  -51.098  -11.444  42.343 0.0000000000
67421  -51.572  -10.803  41.464 0.0000000000
68398  -52.141  -9.018  39.684 0.0000000000
131710  -47.220  -16.862  45.957 0.0000000000
132041  -40.466  -27.756  60.026 0.0000000000
134016  -44.418  -18.953  46.890 0.0000000000
137778  -38.763  -30.990  61.595 0.0000000000
138920  -38.593  -23.304  60.024 0.0000000000
