#!ascii label  , from subject sub-032304 vox2ras=TkReg
827
66092  -16.977  -11.858  -15.483 0.5555555820
67032  -17.536  -11.647  -15.936 0.6666666865
68016  -17.999  -10.795  -17.049 0.7777777910
68017  -18.721  -11.004  -16.850 0.7777777910
68957  -18.176  -9.580  -18.062 0.8888888955
124921  -20.084  -8.602  -17.858 0.8888888955
66081  -16.760  -12.287  -14.856 0.5555555820
67021  -16.392  -11.507  -15.010 0.5555555820
68004  -16.625  -10.571  -16.137 0.6666666865
68015  -17.233  -10.407  -16.898 0.8888888955
68026  -18.610  -10.218  -17.441 0.8888888955
68958  -19.040  -9.464  -17.971 0.8888888955
69888  -19.753  -7.981  -18.125 1.0000000000
69878  -20.433  -8.051  -17.661 0.8888888955
70731  -20.120  -7.128  -17.884 1.0000000000
68934  -15.901  -10.087  -15.805 0.7777777910
68955  -16.717  -9.202  -17.214 1.0000000000
70713  -16.421  -7.890  -17.665 1.0000000000
68968  -17.793  -8.806  -18.187 1.0000000000
71554  -18.369  -7.072  -18.917 1.0000000000
70714  -17.275  -8.047  -18.221 1.0000000000
70744  -18.953  -6.931  -19.151 1.0000000000
71553  -17.740  -6.457  -18.934 1.0000000000
71569  -18.520  -6.252  -19.331 1.0000000000
71570  -19.369  -6.383  -19.175 1.0000000000
72408  -20.374  -5.678  -18.552 1.0000000000
72422  -19.107  -5.546  -19.422 1.0000000000
73295  -20.802  -4.899  -18.404 1.0000000000
73314  -20.211  -4.379  -18.835 1.0000000000
71539  -16.292  -6.867  -17.781 0.8888888955
70728  -16.863  -7.375  -18.181 1.0000000000
71568  -17.818  -5.816  -19.380 1.0000000000
71552  -16.973  -6.601  -18.418 1.0000000000
128219  -18.885  -4.848  -19.652 1.0000000000
73313  -19.531  -4.784  -19.303 1.0000000000
74178  -19.524  -3.850  -19.335 1.0000000000
74179  -20.168  -3.591  -18.670 1.0000000000
138817  -20.259  -2.905  -18.407 1.0000000000
126555  -20.772  -2.595  -17.928 0.7777777910
72404  -15.388  -5.094  -17.737 0.5555555820
74177  -16.167  -3.368  -18.820 0.7777777910
73312  -16.097  -4.215  -18.575 0.8888888955
73325  -17.390  -4.383  -19.374 1.0000000000
72420  -17.600  -5.090  -19.384 1.0000000000
73324  -16.768  -3.942  -19.147 0.8888888955
74191  -17.569  -3.724  -19.591 1.0000000000
74192  -18.549  -3.524  -20.073 1.0000000000
75081  -19.052  -2.332  -19.731 1.0000000000
75068  -19.548  -2.870  -18.972 0.8888888955
123885  -19.634  -1.986  -19.323 1.0000000000
75983  -20.253  -2.023  -18.653 0.8888888955
76833  -20.809  -0.754  -17.598 0.7777777910
75967  -21.369  -1.417  -17.117 0.6666666865
74160  -14.614  -3.302  -17.005 0.4444444478
74176  -15.545  -3.585  -18.190 0.7777777910
75051  -14.994  -2.853  -17.650 0.6666666865
75067  -16.229  -2.562  -19.172 0.7777777910
75078  -16.976  -2.359  -19.630 0.8888888955
137312  -17.699  -2.200  -20.089 0.8888888955
74193  -19.041  -3.343  -20.087 1.0000000000
75091  -18.008  -1.661  -20.263 1.0000000000
75995  -18.576  -1.793  -20.047 1.0000000000
75996  -19.076  -1.495  -19.703 1.0000000000
76866  -19.049  -0.628  -19.586 0.8888888955
76848  -19.660  -0.296  -18.803 0.7777777910
125281  -20.300  0.090  -18.122 0.7777777910
76834  -21.370  -0.497  -16.819 0.5555555820
136326  -20.489  0.761  -17.751 0.7777777910
77727  -20.913  0.892  -17.236 0.6666666865
75980  -14.830  -1.242  -17.749 0.6666666865
122622  -14.589  -2.046  -17.402 0.6666666865
121835  -15.830  -1.910  -18.696 0.7777777910
75981  -15.505  -1.147  -18.418 0.7777777910
75982  -16.380  -1.677  -19.381 0.8888888955
75994  -17.218  -1.612  -19.929 0.8888888955
75993  -16.724  -0.896  -19.802 1.0000000000
76864  -17.545  -0.931  -20.204 1.0000000000
76865  -18.325  -0.993  -20.186 1.0000000000
77736  -19.705  0.705  -18.738 0.8888888955
78706  -19.158  1.302  -19.372 0.8888888955
77737  -20.097  1.113  -18.180 0.7777777910
75964  -14.523  -1.302  -16.951 0.6666666865
75992  -16.060  -0.907  -19.094 0.8888888955
76863  -17.087  -0.159  -20.008 0.8888888955
78705  -18.427  0.973  -19.762 1.0000000000
77754  -19.085  0.332  -19.374 0.8888888955
78692  -20.079  1.922  -18.327 0.7777777910
79602  -20.134  2.594  -18.290 0.7777777910
78681  -20.485  1.688  -17.774 0.6666666865
79580  -21.223  2.609  -16.602 0.5555555820
78673  -21.740  1.768  -16.340 0.5555555820
76846  -14.870  -0.366  -18.077 0.7777777910
140944  -14.516  -0.112  -16.978 0.6666666865
76847  -15.549  -0.258  -18.693 0.8888888955
77751  -16.718  0.630  -19.730 1.0000000000
77752  -17.529  0.693  -20.075 1.0000000000
79613  -18.702  1.910  -19.914 0.8888888955
135639  -18.850  2.501  -19.560 0.8888888955
78691  -19.637  1.641  -18.702 0.8888888955
80464  -20.081  3.222  -18.386 0.7777777910
80458  -20.311  3.606  -17.652 0.7777777910
80463  -19.741  3.560  -18.674 0.7777777910
80446  -20.742  3.690  -16.819 0.5555555820
81301  -20.426  4.392  -17.625 0.6666666865
118243  -13.267  0.995  -14.753 0.4444444478
77712  -14.364  0.260  -16.638 0.5555555820
78690  -15.328  1.249  -18.752 0.7777777910
78703  -16.491  1.440  -19.545 1.0000000000
79611  -16.759  2.281  -19.559 1.0000000000
79612  -17.600  2.373  -20.053 0.8888888955
123759  -18.295  2.421  -20.070 0.8888888955
127074  -19.330  2.902  -18.954 0.8888888955
81309  -20.114  4.085  -18.133 0.6666666865
81294  -20.666  4.629  -17.118 0.5555555820
80457  -15.291  3.558  -18.160 0.6666666865
79589  -14.724  2.366  -17.474 0.6666666865
80462  -15.751  3.664  -19.004 0.7777777910
80468  -17.032  3.081  -19.583 0.8888888955
136745  -16.412  3.646  -19.352 0.7777777910
126837  -17.954  3.736  -19.430 0.7777777910
80469  -17.779  3.077  -19.882 0.8888888955
81315  -17.790  4.443  -19.368 0.7777777910
136407  -18.594  3.130  -19.465 0.8888888955
81317  -19.241  4.504  -19.064 0.7777777910
80470  -19.161  3.561  -18.926 0.7777777910
81308  -19.869  4.691  -18.508 0.6666666865
82174  -19.664  5.541  -19.108 0.6666666865
82175  -20.432  5.513  -18.558 0.6666666865
138339  -20.364  4.841  -18.142 0.5555555820
83020  -20.882  6.809  -18.659 0.6666666865
83010  -20.973  6.048  -18.586 0.5555555820
82165  -21.089  5.944  -17.656 0.5555555820
82157  -20.927  5.229  -17.052 0.4444444478
83011  -21.362  6.730  -18.107 0.5555555820
138485  -15.234  5.108  -17.057 0.3333333433
131118  -15.296  4.827  -17.513 0.3333333433
81305  -15.586  4.334  -18.407 0.5555555820
82171  -16.492  5.428  -18.714 0.5555555820
81306  -16.215  4.233  -19.223 0.7777777910
81307  -16.923  4.896  -19.261 0.7777777910
82172  -17.230  5.862  -19.432 0.6666666865
82181  -17.809  5.299  -19.482 0.6666666865
82182  -18.662  5.444  -19.472 0.6666666865
124320  -18.880  6.045  -19.400 0.6666666865
83019  -19.603  6.514  -19.222 0.6666666865
141814  -20.395  6.602  -19.087 0.6666666865
83857  -21.347  7.535  -18.231 0.5555555820
82162  -15.117  5.740  -16.980 0.4444444478
142782  -15.217  5.240  -16.898 0.4444444478
83007  -15.361  6.244  -16.979 0.5555555820
82163  -16.219  5.815  -17.810 0.5555555820
83017  -16.789  6.198  -18.767 0.6666666865
130438  -17.423  6.431  -19.255 0.6666666865
82173  -17.937  6.035  -19.708 0.6666666865
83855  -19.905  7.499  -18.905 0.6666666865
84639  -20.007  8.455  -18.742 0.6666666865
84640  -21.050  8.509  -18.375 0.5555555820
83000  -15.300  6.212  -16.759 0.4444444478
83009  -17.123  6.848  -18.444 0.6666666865
142165  -17.676  6.921  -18.847 0.6666666865
83018  -18.352  6.684  -19.144 0.6666666865
68025  -17.754  -10.101  -17.495 0.8888888955
68946  -16.498  -9.767  -16.569 1.0000000000
69877  -17.021  -8.637  -17.658 1.0000000000
123934  -18.242  -7.962  -18.522 1.0000000000
70730  -19.457  -7.238  -18.725 1.0000000000
75050  -14.476  -2.568  -17.084 0.5555555820
76820  -14.364  -0.611  -16.603 0.5555555820
78653  -14.065  1.696  -15.337 0.5555555820
77734  -15.065  0.485  -18.335 0.7777777910
78704  -17.256  1.586  -20.006 1.0000000000
123190  -19.873  3.024  -18.685 0.8888888955
118775  -13.436  1.827  -14.444 0.2222222239
82164  -20.766  5.291  -17.962 0.6666666865
83846  -16.733  7.071  -17.463 0.6666666865
75950  -14.153  -1.385  -16.433 0.4444444478
132234  -21.542  8.264  -17.760 0.5555555820
82155  -14.949  5.958  -17.051 0.2222222239
132860  -21.354  9.052  -17.946 0.5555555820
65195  -17.407  -13.331  -14.485 0.5555555820
66094  -18.293  -12.494  -15.233 0.5555555820
66093  -17.556  -12.253  -15.468 0.6666666865
67041  -18.195  -11.409  -16.507 0.5555555820
67042  -18.889  -11.591  -16.292 0.5555555820
137305  -20.393  -9.447  -16.997 0.7777777910
120198  -20.643  -8.785  -17.338 0.8888888955
65194  -16.912  -12.964  -14.545 0.5555555820
139729  -19.271  -10.500  -16.944 0.6666666865
68948  -19.545  -9.840  -17.267 0.8888888955
69879  -20.958  -8.006  -17.002 0.7777777910
70715  -20.728  -7.434  -17.433 0.7777777910
139788  -20.753  -6.819  -17.553 0.8888888955
66068  -15.527  -12.412  -13.348 0.4444444478
67020  -15.793  -11.189  -14.540 0.5555555820
71556  -20.485  -6.302  -17.974 1.0000000000
68933  -15.419  -9.843  -15.048 0.2222222239
68945  -15.730  -9.333  -15.907 0.6666666865
73296  -21.135  -4.202  -17.590 0.6666666865
74161  -20.672  -3.442  -18.002 0.7777777910
74162  -21.211  -3.240  -17.318 0.6666666865
70703  -15.860  -8.147  -16.914 0.5555555820
75052  -21.400  -2.301  -17.333 0.6666666865
71526  -15.158  -6.657  -16.663 0.4444444478
123697  -21.835  0.017  -16.501 0.5555555820
72386  -14.624  -4.986  -16.559 0.2222222239
75031  -14.412  -2.695  -16.693 0.4444444478
75013  -12.980  -2.663  -14.450 0.3333333433
79581  -21.877  2.483  -15.965 0.5555555820
77695  -14.212  0.373  -16.278 0.4444444478
80448  -21.976  3.165  -15.582 0.4444444478
136715  -11.777  0.704  -12.669 0.3333333433
81280  -21.617  4.634  -15.675 0.5555555820
81290  -15.011  4.454  -17.102 0.3333333433
129643  -14.916  4.306  -17.132 0.3333333433
118247  -14.703  3.786  -16.954 0.4444444478
83848  -21.542  7.502  -17.541 0.4444444478
84628  -21.812  8.773  -17.387 0.2222222239
83853  -17.858  7.418  -18.621 0.6666666865
83854  -18.793  7.421  -19.076 0.6666666865
84638  -18.930  8.420  -19.291 0.6666666865
132127  -19.166  9.133  -19.156 0.6666666865
133643  -20.940  9.232  -18.676 0.6666666865
84629  -22.008  9.606  -17.601 0.3333333433
67033  -18.271  -11.910  -15.823 0.6666666865
67040  -17.404  -11.069  -16.440 0.6666666865
68969  -18.618  -8.846  -18.332 1.0000000000
68956  -17.446  -9.354  -17.632 1.0000000000
69887  -19.466  -8.768  -18.208 0.8888888955
68959  -19.927  -9.195  -17.729 0.8888888955
66069  -16.207  -12.690  -14.045 0.4444444478
66080  -15.862  -11.892  -14.303 0.5555555820
68003  -15.999  -10.719  -15.224 0.6666666865
67031  -16.793  -11.268  -15.751 0.6666666865
68947  -17.105  -9.817  -17.233 0.8888888955
69886  -19.076  -8.074  -18.482 1.0000000000
71555  -19.978  -6.429  -18.752 1.0000000000
69868  -16.095  -8.931  -16.704 0.8888888955
140881  -16.378  -8.581  -17.271 0.8888888955
124681  -17.576  -7.257  -18.511 1.0000000000
70729  -18.839  -7.475  -18.823 1.0000000000
72407  -19.834  -5.692  -19.092 1.0000000000
72389  -20.801  -5.646  -17.964 0.8888888955
72421  -18.315  -5.355  -19.583 1.0000000000
125251  -20.646  -4.133  -18.349 0.8888888955
143461  -16.028  -6.274  -17.656 1.0000000000
71538  -15.625  -6.486  -17.305 0.5555555820
132693  -15.671  -7.307  -17.168 0.6666666865
121612  -17.057  -5.694  -18.783 1.0000000000
126918  -16.346  -6.057  -18.109 0.8888888955
73326  -18.260  -4.443  -19.818 1.0000000000
73327  -19.080  -4.097  -20.067 1.0000000000
75966  -20.874  -1.694  -17.901 0.7777777910
72387  -15.078  -5.378  -17.045 0.5555555820
128051  -15.210  -6.025  -16.979 0.5555555820
73294  -15.046  -4.655  -17.251 0.6666666865
72388  -15.668  -5.768  -17.595 0.7777777910
72405  -15.983  -5.190  -18.392 0.7777777910
73311  -15.455  -4.481  -18.033 0.7777777910
75066  -15.651  -2.712  -18.441 0.6666666865
72406  -16.824  -4.737  -18.901 1.0000000000
74190  -16.817  -3.163  -19.436 0.8888888955
75079  -17.670  -2.923  -19.848 1.0000000000
135196  -19.715  -1.252  -19.117 0.8888888955
76849  -20.311  -0.997  -18.373 0.8888888955
77726  -20.828  0.115  -17.397 0.6666666865
142929  -21.884  -0.510  -16.495 0.5555555820
124255  -21.282  0.266  -16.809 0.6666666865
74146  -14.532  -3.778  -16.471 0.3333333433
73293  -14.651  -4.186  -16.788 0.3333333433
130677  -15.062  -3.840  -17.470 0.4444444478
75965  -15.128  -1.991  -18.121 0.6666666865
75080  -18.455  -2.531  -20.112 1.0000000000
77715  -21.578  0.884  -16.549 0.5555555820
77753  -18.327  0.001  -19.859 1.0000000000
78672  -20.952  1.754  -16.874 0.6666666865
75049  -14.148  -2.071  -16.719 0.4444444478
76862  -16.240  -0.050  -19.391 0.8888888955
79601  -19.691  2.347  -18.644 0.7777777910
79591  -20.519  2.740  -17.443 0.6666666865
80447  -21.520  3.184  -16.270 0.5555555820
77711  -13.970  -0.195  -16.251 0.5555555820
77725  -14.568  0.422  -17.537 0.6666666865
77735  -15.619  0.450  -18.902 0.8888888955
120708  -17.998  1.705  -20.199 1.0000000000
79614  -19.199  2.171  -19.245 0.8888888955
81295  -21.135  4.514  -16.476 0.5555555820
120500  -14.453  1.005  -16.584 0.5555555820
78689  -14.782  1.369  -18.027 0.5555555820
78702  -15.730  1.540  -19.229 1.0000000000
124141  -15.288  1.982  -19.087 0.7777777910
79599  -15.031  2.106  -18.502 0.7777777910
80456  -14.756  3.507  -17.315 0.5555555820
79590  -15.040  2.888  -17.992 0.5555555820
81300  -15.097  4.113  -17.622 0.4444444478
79600  -15.455  2.779  -18.728 0.7777777910
78680  -14.567  1.347  -17.168 0.7777777910
121687  -14.578  2.011  -16.834 0.6666666865
80467  -16.227  2.949  -19.176 0.7777777910
81316  -18.566  3.987  -19.135 0.7777777910
138840  -18.474  4.779  -19.384 0.6666666865
128688  -20.588  6.116  -19.141 0.6666666865
129507  -21.238  5.792  -16.790 0.4444444478
82170  -15.711  5.133  -18.123 0.5555555820
124653  -16.114  4.799  -18.789 0.6666666865
83856  -20.805  7.743  -18.516 0.6666666865
83008  -16.417  6.443  -17.641 0.6666666865
76804  -13.962  -0.978  -16.187 0.4444444478
128254  -13.858  2.422  -14.589 0.3333333433
75949  -13.932  -1.715  -16.278 0.4444444478
84618  -21.769  8.176  -16.965 0.3333333433
66082  -17.549  -12.808  -14.928 0.5555555820
68949  -21.157  -9.078  -16.677 0.6666666865
65182  -15.762  -13.294  -13.313 0.4444444478
65183  -16.705  -13.465  -13.980 0.5555555820
71540  -21.208  -6.158  -17.495 0.7777777910
135280  -15.225  -13.059  -12.756 0.3333333433
67009  -15.592  -11.340  -13.848 0.4444444478
72371  -14.490  -5.294  -15.966 0.1111111119
73276  -14.467  -4.571  -16.198 0.1111111119
75030  -14.039  -2.104  -16.455 0.4444444478
76788  -12.861  -1.148  -14.569 0.3333333433
124840  -13.174  -0.129  -14.977 0.3333333433
79576  -14.427  3.006  -16.909 0.3333333433
132637  -20.161  9.116  -18.882 0.6666666865
66085  -21.112  -12.167  -14.070 0.4444444478
126292  -22.492  -11.892  -13.582 0.2222222239
65196  -18.251  -13.197  -14.560 0.4444444478
65197  -19.227  -13.182  -14.223 0.4444444478
67022  -19.722  -12.071  -15.108 0.4444444478
67023  -20.418  -12.057  -14.586 0.4444444478
67024  -21.026  -11.477  -14.631 0.4444444478
67993  -22.461  -10.494  -14.366 0.2222222239
67034  -19.583  -11.582  -15.803 0.4444444478
68006  -20.156  -10.830  -15.775 0.4444444478
68007  -21.062  -10.787  -15.275 0.4444444478
67994  -23.030  -10.062  -14.016 0.1111111119
68935  -20.705  -10.112  -15.752 0.4444444478
68008  -21.936  -10.228  -15.222 0.3333333433
68005  -19.415  -11.008  -16.400 0.4444444478
140665  -21.299  -10.179  -15.516 0.3333333433
68937  -22.221  -9.330  -15.380 0.3333333433
123905  -22.668  -9.716  -14.656 0.2222222239
68936  -21.393  -9.589  -15.786 0.3333333433
68018  -20.009  -10.143  -16.402 0.4444444478
69854  -22.389  -8.579  -15.511 0.2222222239
69855  -22.903  -7.960  -15.409 0.1111111119
70690  -23.439  -7.159  -15.237 0.1111111119
69853  -21.762  -8.814  -15.935 0.3333333433
69870  -22.078  -7.931  -15.984 0.3333333433
70716  -21.305  -7.083  -17.087 0.5555555820
71527  -21.789  -6.408  -17.014 0.6666666865
71516  -22.662  -6.451  -16.167 0.4444444478
73265  -22.890  -4.902  -16.027 0.3333333433
72373  -21.867  -5.624  -17.141 0.6666666865
73278  -22.358  -4.440  -16.504 0.5555555820
72390  -21.345  -5.198  -17.669 0.6666666865
124729  -21.730  -3.888  -16.853 0.5555555820
140244  -22.385  -3.683  -16.407 0.5555555820
75035  -22.563  -2.417  -16.270 0.4444444478
75034  -21.962  -1.986  -16.603 0.5555555820
74147  -21.974  -2.960  -16.644 0.4444444478
75953  -21.993  -1.092  -16.491 0.4444444478
84636  -17.713  8.084  -18.013 0.5555555820
84637  -18.407  8.300  -18.817 0.5555555820
85408  -18.467  9.403  -18.720 0.5555555820
85409  -19.154  9.946  -19.048 0.5555555820
66084  -20.425  -12.537  -14.079 0.4444444478
67010  -21.886  -11.978  -13.807 0.2222222239
68925  -22.945  -8.775  -14.867 0.1111111119
70704  -22.073  -6.991  -16.493 0.4444444478
70689  -22.669  -7.109  -15.746 0.3333333433
121094  -21.542  -7.687  -16.576 0.4444444478
71528  -22.303  -6.095  -16.640 0.4444444478
75954  -22.680  -1.682  -16.146 0.4444444478
77716  -22.483  0.412  -16.102 0.4444444478
84627  -17.791  9.000  -17.986 0.5555555820
85402  -17.943  9.842  -18.050 0.5555555820
72361  -22.946  -5.738  -16.227 0.2222222239
85410  -20.385  9.760  -19.298 0.5555555820
140068  -19.100  -14.520  -13.349 0.4444444478
65185  -20.258  -13.522  -13.550 0.4444444478
121737  -20.729  -13.668  -13.319 0.4444444478
131020  -22.190  -12.331  -13.404 0.2222222239
66072  -22.865  -12.273  -12.962 0.2222222239
128550  -17.577  -13.857  -14.005 0.4444444478
125235  -18.613  -13.795  -13.821 0.4444444478
67983  -23.127  -10.803  -13.820 0.1111111119
130620  -23.662  -10.192  -13.553 0.1111111119
66997  -23.743  -11.782  -12.783 0.1111111119
68911  -24.193  -9.600  -13.412 0.1111111119
69837  -23.630  -8.571  -14.392 0.1111111119
69838  -24.082  -7.941  -14.237 0.1111111119
70675  -24.040  -7.210  -14.695 0.1111111119
71506  -23.864  -6.422  -15.003 0.1111111119
140043  -23.784  -5.761  -15.258 0.2222222239
74138  -22.887  -4.015  -15.893 0.1111111119
72362  -23.479  -5.370  -15.658 0.2222222239
140777  -22.935  -3.066  -16.043 0.2222222239
75036  -23.212  -2.316  -15.825 0.2222222239
76824  -22.465  -0.437  -16.226 0.4444444478
77701  -22.775  0.891  -15.693 0.3333333433
133147  -22.262  1.120  -16.139 0.4444444478
128319  -21.556  3.852  -16.067 0.4444444478
83002  -21.397  6.691  -16.911 0.3333333433
83001  -16.114  6.847  -16.865 0.4444444478
83840  -17.075  8.538  -17.297 0.5555555820
86205  -18.434  10.458  -18.537 0.5555555820
142049  -19.596  10.248  -19.453 0.5555555820
85396  -17.386  9.305  -17.229 0.5555555820
138084  -20.713  -9.609  -16.238 0.5555555820
143089  -21.061  -8.683  -16.924 0.6666666865
78659  -22.363  1.707  -15.846 0.4444444478
83841  -21.647  7.534  -16.597 0.3333333433
120534  -18.985  -12.049  -15.548 0.4444444478
136956  -21.624  -11.575  -14.231 0.4444444478
67012  -23.106  -11.533  -13.480 0.1111111119
66095  -19.008  -12.512  -14.775 0.4444444478
65198  -20.002  -13.043  -13.872 0.4444444478
66083  -19.816  -12.573  -14.439 0.4444444478
67035  -20.337  -11.508  -15.245 0.4444444478
67992  -21.730  -10.968  -14.607 0.4444444478
67011  -22.365  -11.331  -14.026 0.2222222239
68910  -23.493  -9.393  -14.140 0.1111111119
130345  -23.554  -7.962  -14.863 0.1111111119
69869  -21.435  -8.412  -16.519 0.3333333433
71517  -23.336  -6.276  -15.668 0.3333333433
73266  -23.520  -4.469  -15.528 0.1111111119
72374  -22.387  -5.259  -16.625 0.4444444478
73277  -21.803  -4.761  -17.057 0.5555555820
142616  -22.564  -1.051  -16.231 0.4444444478
66070  -20.771  -12.950  -13.601 0.4444444478
64329  -20.172  -14.254  -13.299 0.4444444478
65184  -19.551  -13.691  -13.646 0.4444444478
65186  -21.448  -13.425  -13.141 0.4444444478
65187  -22.147  -12.860  -13.007 0.2222222239
66071  -21.590  -12.621  -13.511 0.4444444478
64327  -17.062  -14.471  -13.594 0.4444444478
69823  -24.121  -8.763  -13.831 0.1111111119
137020  -21.348  -19.803  -10.464 0.1111111119
60688  -18.410  -18.830  -11.850 0.3333333433
59801  -20.247  -19.088  -11.117 0.2222222239
59802  -20.920  -19.216  -10.871 0.2222222239
60679  -21.624  -18.933  -10.712 0.1111111119
61630  -16.806  -17.491  -12.084 0.3333333433
60704  -17.124  -17.936  -12.375 0.3333333433
60687  -17.361  -18.553  -12.102 0.3333333433
61614  -19.693  -17.819  -11.973 0.3333333433
61634  -19.970  -17.161  -12.291 0.3333333433
60691  -20.928  -18.466  -11.267 0.2222222239
62504  -20.825  -16.979  -11.971 0.2222222239
60692  -21.933  -18.178  -11.221 0.1111111119
61616  -21.319  -17.621  -11.555 0.2222222239
63423  -16.061  -15.372  -11.392 0.2222222239
63424  -16.538  -15.870  -12.187 0.2222222239
62503  -16.333  -16.530  -11.561 0.2222222239
61631  -17.216  -17.227  -12.265 0.3333333433
61632  -17.894  -17.329  -12.380 0.3333333433
61633  -18.979  -17.441  -12.349 0.3333333433
63440  -16.249  -14.903  -12.238 0.2222222239
63459  -16.624  -14.793  -13.183 0.3333333433
122162  -17.021  -16.183  -12.582 0.3333333433
63460  -17.338  -15.124  -13.288 0.3333333433
63443  -18.803  -15.840  -12.726 0.3333333433
63444  -19.670  -15.737  -12.761 0.3333333433
62521  -20.373  -16.265  -12.495 0.3333333433
133456  -20.295  -15.488  -12.716 0.3333333433
63445  -20.968  -15.495  -12.467 0.3333333433
62522  -21.297  -16.236  -12.185 0.1111111119
63446  -21.942  -15.471  -12.234 0.2222222239
64313  -16.076  -14.195  -12.783 0.2222222239
64328  -17.995  -14.494  -13.547 0.3333333433
63461  -18.349  -15.209  -13.154 0.3333333433
64314  -19.858  -15.041  -13.040 0.3333333433
65169  -15.561  -13.541  -12.536 0.3333333433
142573  -15.856  -13.809  -13.039 0.3333333433
64330  -20.938  -14.118  -12.802 0.3333333433
75937  -23.030  -1.008  -15.846 0.2222222239
76810  -22.948  -0.096  -15.762 0.2222222239
79568  -22.441  2.400  -15.402 0.2222222239
60689  -19.120  -18.338  -12.027 0.3333333433
60690  -19.971  -18.430  -11.583 0.3333333433
122535  -22.147  -17.445  -11.388 0.1111111119
62520  -19.388  -16.498  -12.517 0.3333333433
63441  -16.839  -15.548  -12.801 0.3333333433
121080  -16.409  -14.012  -13.380 0.3333333433
58964  -20.734  -20.336  -10.459 0.1111111119
58965  -21.380  -20.677  -10.180 0.1111111119
128310  -16.940  -18.914  -11.877 0.3333333433
59799  -18.617  -19.467  -11.540 0.3333333433
59791  -19.858  -19.641  -11.027 0.3333333433
58966  -22.180  -20.318  -10.148 0.1111111119
59793  -22.235  -19.428  -10.230 0.1111111119
60680  -22.560  -18.538  -10.554 0.1111111119
138721  -22.529  -17.841  -11.008 0.1111111119
127068  -15.895  -14.570  -11.380 0.2222222239
62505  -22.417  -16.700  -11.460 0.1111111119
64312  -15.884  -14.058  -11.921 0.2222222239
64297  -22.824  -15.009  -11.795 0.1111111119
64316  -21.387  -14.725  -12.541 0.1111111119
65171  -22.174  -13.584  -12.667 0.1111111119
65168  -15.187  -12.929  -12.115 0.1111111119
141239  -22.882  0.387  -15.729 0.2222222239
80433  -22.301  3.932  -15.409 0.2222222239
80434  -22.529  3.115  -14.834 0.2222222239
142963  -16.913  -13.961  -13.742 0.4444444478
78660  -22.867  1.618  -15.227 0.2222222239
60705  -18.157  -18.064  -12.152 0.3333333433
59800  -19.377  -19.136  -11.542 0.3333333433
62517  -16.844  -16.691  -12.186 0.3333333433
60686  -16.773  -18.242  -12.033 0.2222222239
61615  -20.442  -17.746  -11.750 0.2222222239
62518  -17.508  -16.655  -12.469 0.3333333433
135780  -21.633  -16.854  -11.689 0.1111111119
63442  -17.767  -15.895  -12.800 0.3333333433
62519  -18.411  -16.608  -12.546 0.3333333433
63462  -19.171  -15.263  -13.000 0.3333333433
64315  -20.584  -14.832  -12.742 0.3333333433
63425  -21.958  -16.222  -11.788 0.1111111119
134440  -15.574  -13.547  -11.821 0.2222222239
65170  -21.621  -14.034  -12.656 0.1111111119
58130  -20.551  -21.080  -10.202 0.1111111119
59792  -20.505  -19.755  -10.781 0.2222222239
59798  -17.658  -19.312  -11.630 0.3333333433
58971  -18.244  -20.037  -11.357 0.3333333433
58972  -19.183  -19.867  -11.124 0.3333333433
61613  -16.490  -17.453  -11.464 0.2222222239
77702  -23.332  0.321  -15.475 0.1111111119
76811  -23.525  -0.560  -15.480 0.1111111119
76792  -24.027  -0.092  -15.106 0.1111111119
139810  -23.261  0.991  -15.239 0.1111111119
78640  -24.345  1.325  -14.402 0.1111111119
78639  -23.510  1.583  -14.672 0.1111111119
79569  -22.951  2.300  -14.690 0.1111111119
79554  -23.750  2.408  -14.370 0.1111111119
82150  -21.697  5.482  -15.297 0.2222222239
80435  -23.326  3.127  -14.377 0.1111111119
82995  -21.350  6.149  -15.891 0.1111111119
82996  -22.086  6.425  -15.202 0.1111111119
83834  -22.440  7.344  -15.178 0.1111111119
83847  -17.247  7.580  -17.714 0.4444444478
84616  -16.949  8.340  -15.942 0.4444444478
84619  -22.265  8.845  -16.756 0.1111111119
86208  -20.840  10.293  -19.403 0.3333333433
85411  -21.322  9.647  -18.743 0.2222222239
86186  -22.683  10.238  -17.019 0.1111111119
85397  -18.554  9.866  -17.036 0.4444444478
86195  -18.259  10.494  -18.128 0.4444444478
139751  -18.572  10.863  -18.648 0.4444444478
86206  -19.053  10.754  -19.349 0.4444444478
125319  -20.418  10.780  -20.103 0.4444444478
86996  -21.280  11.451  -19.953 0.2222222239
86209  -21.391  10.887  -18.939 0.2222222239
86997  -22.021  11.350  -18.261 0.2222222239
89873  -19.549  15.961  -21.103 0.1111111119
89166  -21.284  14.660  -20.320 0.1111111119
139114  -23.093  12.261  -18.200 0.1111111119
84608  -17.001  9.085  -15.473 0.4444444478
85386  -17.459  9.807  -15.535 0.4444444478
121963  -17.425  9.201  -16.184 0.4444444478
125640  -17.806  9.634  -16.412 0.3333333433
86185  -18.738  10.221  -16.966 0.4444444478
86196  -18.785  11.147  -17.533 0.4444444478
87772  -19.086  11.701  -18.338 0.4444444478
86986  -18.850  11.164  -19.217 0.4444444478
86994  -19.432  11.083  -20.026 0.4444444478
87773  -19.403  12.282  -18.017 0.3333333433
86995  -19.854  11.460  -20.431 0.3333333433
87783  -20.483  12.055  -20.748 0.1111111119
128113  -21.505  12.211  -20.050 0.1111111119
88480  -21.719  13.238  -19.501 0.1111111119
85387  -18.078  10.241  -16.182 0.3333333433
86973  -18.482  10.859  -16.202 0.3333333433
86987  -19.049  11.687  -19.720 0.4444444478
123500  -19.133  12.460  -19.084 0.2222222239
87782  -19.241  12.255  -20.430 0.2222222239
87792  -19.717  12.640  -20.960 0.2222222239
88479  -20.660  12.694  -20.711 0.1111111119
132970  -18.550  12.932  -20.050 0.1111111119
88487  -19.137  13.336  -20.638 0.1111111119
89153  -20.857  13.686  -20.514 0.1111111119
89151  -18.340  13.708  -20.229 0.1111111119
89164  -18.881  14.229  -20.860 0.1111111119
88488  -19.854  13.362  -21.067 0.1111111119
86969  -18.423  11.176  -15.176 0.3333333433
86974  -18.777  11.616  -16.106 0.3333333433
87765  -18.862  12.191  -16.999 0.3333333433
125607  -19.239  13.529  -18.781 0.1111111119
89852  -18.598  14.790  -20.278 0.1111111119
89864  -19.030  15.126  -21.272 0.1111111119
90697  -19.441  16.739  -21.022 0.1111111119
134780  -18.541  11.627  -13.291 0.1111111119
86970  -19.098  11.720  -14.967 0.2222222239
87756  -19.616  12.458  -14.741 0.2222222239
87760  -19.390  12.284  -15.786 0.3333333433
87761  -20.213  12.856  -15.512 0.2222222239
88466  -20.196  13.451  -16.213 0.2222222239
133419  -19.800  13.833  -17.320 0.1111111119
89139  -20.380  14.367  -16.622 0.1111111119
89143  -19.593  14.449  -17.900 0.1111111119
89152  -18.696  14.339  -19.437 0.1111111119
90664  -19.358  15.956  -19.517 0.1111111119
89863  -18.592  15.263  -20.866 0.1111111119
90699  -20.400  16.587  -20.951 0.1111111119
138571  -20.850  15.908  -20.528 0.1111111119
86963  -19.048  12.121  -12.897 0.1111111119
86967  -19.071  12.035  -13.943 0.1111111119
87753  -19.663  12.727  -13.699 0.1111111119
88459  -20.582  13.674  -14.215 0.1111111119
88462  -20.547  13.509  -15.107 0.1111111119
89134  -20.595  14.262  -15.541 0.1111111119
89837  -20.645  15.069  -15.892 0.1111111119
89841  -20.577  15.145  -17.087 0.1111111119
126208  -20.360  15.950  -17.172 0.1111111119
89847  -19.591  15.313  -18.447 0.1111111119
87754  -20.124  13.086  -13.105 0.1111111119
136776  -20.097  12.836  -12.390 0.1111111119
88456  -20.365  13.599  -12.364 0.1111111119
89127  -20.844  14.255  -13.738 0.1111111119
89130  -20.940  14.254  -14.685 0.1111111119
89131  -21.032  14.954  -14.108 0.1111111119
89838  -21.183  15.577  -15.265 0.1111111119
88454  -20.642  14.143  -11.926 0.1111111119
89128  -21.119  14.946  -13.161 0.1111111119
77683  -23.823  0.724  -14.874 0.1111111119
81282  -22.928  4.044  -14.478 0.1111111119
81281  -22.239  4.783  -14.924 0.1111111119
83842  -22.218  8.047  -16.023 0.1111111119
84617  -17.006  8.812  -16.586 0.4444444478
86197  -21.588  10.183  -18.584 0.2222222239
86198  -22.065  10.648  -17.838 0.1111111119
85398  -22.573  9.571  -16.596 0.1111111119
87784  -22.114  12.032  -18.679 0.2222222239
89154  -22.072  14.210  -19.251 0.1111111119
89165  -19.843  14.268  -20.985 0.1111111119
138256  -20.550  13.655  -13.356 0.1111111119
89135  -21.324  14.906  -15.083 0.1111111119
89842  -20.596  15.851  -16.148 0.1111111119
89832  -21.353  15.668  -13.495 0.1111111119
89125  -21.036  14.851  -12.141 0.1111111119
141335  -25.231  0.630  -13.775 0.1111111119
77684  -24.588  0.459  -14.379 0.1111111119
82149  -21.211  5.265  -16.124 0.2222222239
129687  -16.829  8.218  -16.704 0.4444444478
140952  -19.786  12.547  -12.894 0.1111111119
87747  -20.246  12.500  -11.703 0.1111111119
75938  -23.630  -1.423  -15.481 0.1111111119
76812  -24.077  -1.001  -15.155 0.1111111119
76793  -24.581  -0.517  -14.585 0.1111111119
77666  -25.811  1.167  -13.368 0.1111111119
124461  -24.863  2.022  -14.078 0.1111111119
137546  -24.193  1.933  -14.352 0.1111111119
79555  -24.451  2.524  -13.987 0.1111111119
81262  -22.865  4.943  -14.375 0.1111111119
132341  -23.784  3.763  -13.800 0.1111111119
82133  -22.411  5.762  -14.439 0.1111111119
82986  -22.609  6.772  -14.341 0.1111111119
139045  -22.820  8.216  -15.044 0.1111111119
83839  -16.690  7.687  -17.028 0.4444444478
85388  -22.686  9.143  -15.667 0.1111111119
86199  -22.796  11.024  -17.399 0.1111111119
85399  -23.109  9.952  -16.151 0.1111111119
87774  -23.691  12.250  -17.370 0.1111111119
88481  -22.805  13.659  -18.526 0.1111111119
127351  -16.886  9.718  -14.843 0.2222222239
86176  -17.256  10.212  -14.581 0.2222222239
86177  -17.885  10.558  -15.304 0.2222222239
89853  -22.468  15.087  -19.283 0.1111111119
86171  -17.346  10.461  -13.889 0.1111111119
86966  -18.473  11.422  -14.153 0.2222222239
89866  -21.910  15.594  -20.227 0.1111111119
90681  -21.614  16.461  -20.271 0.1111111119
86168  -17.933  11.074  -13.294 0.1111111119
86163  -18.167  11.086  -12.297 0.1111111119
87751  -19.639  12.210  -12.205 0.1111111119
86954  -19.782  11.574  -11.324 0.1111111119
139003  -19.958  17.389  -21.259 0.1111111119
87739  -20.492  12.237  -10.876 0.1111111119
90642  -20.284  16.833  -17.049 0.1111111119
90652  -19.992  16.379  -18.115 0.1111111119
91443  -19.073  17.923  -19.468 0.1111111119
91451  -19.162  17.582  -20.345 0.1111111119
87748  -20.904  12.962  -11.244 0.1111111119
88450  -21.297  13.619  -11.396 0.1111111119
89834  -21.150  15.703  -14.425 0.1111111119
133323  -20.984  17.240  -14.931 0.1111111119
89830  -21.475  15.637  -12.535 0.1111111119
86207  -19.915  10.533  -19.880 0.4444444478
83833  -21.707  7.068  -15.901 0.2222222239
86187  -23.441  10.689  -16.636 0.1111111119
86988  -23.020  11.733  -17.923 0.1111111119
89865  -20.423  15.233  -20.483 0.1111111119
88471  -23.570  13.026  -17.839 0.1111111119
87785  -22.431  12.722  -18.704 0.2222222239
87781  -18.897  12.908  -20.290 0.2222222239
86172  -17.706  10.810  -14.302 0.1111111119
88470  -19.549  13.115  -17.561 0.2222222239
125722  -18.728  15.732  -20.716 0.1111111119
90680  -18.994  15.977  -21.151 0.1111111119
90698  -19.554  16.506  -21.132 0.1111111119
90663  -19.013  16.611  -20.504 0.1111111119
86962  -18.376  11.427  -12.447 0.1111111119
87766  -19.569  12.828  -16.573 0.3333333433
141804  -20.197  13.285  -13.780 0.1111111119
87757  -20.246  13.053  -14.561 0.1111111119
90636  -20.721  16.674  -15.523 0.1111111119
88453  -20.484  13.380  -11.884 0.1111111119
88457  -20.757  14.240  -12.779 0.1111111119
90633  -21.172  16.484  -14.708 0.1111111119
78641  -25.043  1.295  -13.902 0.1111111119
89155  -23.131  14.638  -18.451 0.1111111119
139514  -20.503  16.495  -16.373 0.1111111119
119484  -21.638  16.384  -12.842 0.1111111119
83821  -22.916  7.524  -14.304 0.1111111119
89867  -22.904  15.794  -19.446 0.1111111119
86162  -17.997  10.415  -13.028 0.1111111119
91444  -19.355  17.088  -19.027 0.1111111119
125615  -21.627  17.357  -14.240 0.1111111119
70688  -14.791  -7.458  -15.330 0.2222222239
71525  -14.840  -6.708  -15.877 0.2222222239
67991  -15.558  -10.549  -14.346 0.3333333433
69867  -15.560  -8.463  -16.097 0.3333333433
70702  -15.285  -7.527  -16.201 0.4444444478
127563  -16.457  7.522  -16.457 0.3333333433
82993  -15.851  6.845  -16.280 0.2222222239
132483  -16.286  7.669  -14.240 0.1111111119
85379  -16.738  9.426  -14.824 0.1111111119
84607  -16.770  8.818  -15.287 0.2222222239
119103  -14.258  2.965  -16.222 0.2222222239
118235  -14.052  2.921  -15.419 0.1111111119
69852  -15.324  -8.703  -15.121 0.2222222239
118721  -14.180  2.723  -15.537 0.1111111119
125161  -15.303  5.283  -16.525 0.1111111119
82128  -15.490  7.025  -14.842 0.1111111119
83803  -16.350  7.559  -13.421 0.1111111119
84594  -16.291  8.244  -13.620 0.1111111119
82144  -15.504  6.307  -15.757 0.1111111119
67982  -15.521  -10.492  -13.494 0.2222222239
68924  -15.291  -9.152  -14.443 0.2222222239
123641  -14.202  -3.020  -16.063 0.2222222239
82992  -15.481  6.691  -15.433 0.1111111119
125632  -14.440  -4.369  -16.058 0.1111111119
83832  -15.643  7.347  -14.746 0.3333333433
83817  -15.241  6.756  -14.589 0.1111111119
82145  -16.282  5.621  -15.992 0.1111111119
82129  -16.167  6.286  -14.945 0.1111111119
82981  -15.612  6.775  -14.240 0.1111111119
58961  -17.732  -20.800  -11.088 0.1111111119
58962  -18.921  -20.565  -10.772 0.1111111119
58129  -19.633  -21.176  -10.382 0.1111111119
58960  -16.092  -20.750  -11.335 0.1111111119
58969  -16.546  -20.139  -11.354 0.1111111119
59797  -16.847  -19.480  -11.511 0.1111111119
119745  -16.691  -18.837  -11.439 0.1111111119
60678  -16.453  -18.143  -11.201 0.1111111119
135652  -15.547  -10.667  -13.288 0.1111111119
71515  -14.597  -6.809  -15.120 0.1111111119
69866  -15.133  -8.025  -15.485 0.1111111119
124543  -12.559  -0.392  -13.971 0.2222222239
118239  -11.852  0.089  -12.874 0.2222222239
118241  -12.400  0.803  -12.113 0.2222222239
58135  -16.399  -20.769  -11.467 0.1111111119
126548  -14.650  -6.042  -15.636 0.1111111119
72372  -14.784  -5.851  -16.356 0.1111111119
58126  -15.884  -21.367  -11.225 0.1111111119
58128  -18.720  -21.344  -10.477 0.1111111119
58963  -19.930  -20.360  -10.690 0.1111111119
59789  -16.061  -20.384  -10.800 0.1111111119
59790  -16.345  -19.603  -11.015 0.1111111119
139503  -16.365  -18.700  -10.871 0.1111111119
61602  -16.186  -17.418  -10.705 0.1111111119
62488  -16.041  -16.738  -10.992 0.1111111119
125132  -15.581  -15.076  -11.002 0.1111111119
141852  -15.781  -11.470  -12.398 0.1111111119
67964  -15.482  -10.267  -13.322 0.1111111119
69836  -14.745  -8.505  -14.377 0.1111111119
70670  -14.505  -7.640  -14.891 0.1111111119
75913  -13.286  -1.534  -13.196 0.2222222239
77651  -13.752  1.898  -11.803 0.2222222239
118242  -13.903  2.566  -12.868 0.1111111119
142842  -17.883  -21.524  -10.582 0.1111111119
121114  -12.499  1.698  -13.025 0.2222222239
118649  -13.286  2.330  -13.437 0.1111111119
132321  -15.432  -9.776  -14.042 0.1111111119
75921  -12.681  -2.422  -13.783 0.2222222239
62502  -15.670  -15.900  -10.869 0.1111111119
64296  -15.806  -14.149  -11.297 0.1111111119
66056  -15.267  -12.822  -12.781 0.1111111119
66996  -15.540  -11.564  -13.292 0.1111111119
58970  -17.196  -20.091  -11.451 0.1111111119
69851  -14.473  -7.964  -14.749 0.1111111119
58127  -16.799  -21.423  -11.170 0.1111111119
67945  -16.197  -11.080  -12.014 0.1111111119
76776  -13.288  -0.362  -13.240 0.1111111119
60677  -16.131  -18.816  -10.131 0.1111111119
132999  -16.222  -18.091  -10.352 0.1111111119
66981  -15.861  -11.861  -11.844 0.1111111119
136259  -15.447  -9.852  -13.539 0.1111111119
78637  -15.334  1.928  -13.410 0.1111111119
78616  -14.733  2.193  -12.719 0.1111111119
118246  -14.641  3.561  -16.007 0.1111111119
75003  -12.803  -2.881  -13.451 0.1111111119
81274  -15.237  3.836  -16.022 0.1111111119
75029  -13.511  -2.140  -15.326 0.4444444478
75933  -13.249  -1.834  -15.000 0.3333333433
76775  -12.232  0.162  -12.122 0.2222222239
76787  -13.211  -0.884  -13.479 0.2222222239
76832  -14.626  -0.528  -17.380 0.7777777910
77662  -12.969  1.032  -12.260 0.2222222239
77663  -13.496  0.932  -12.591 0.2222222239
77678  -12.457  0.350  -13.739 0.3333333433
77750  -15.968  0.856  -19.316 1.0000000000
78636  -14.575  2.064  -12.245 0.1111111119
79610  -15.872  2.167  -19.263 0.7777777910
81314  -17.088  3.921  -19.548 0.7777777910
83818  -15.424  6.926  -14.078 0.1111111119
118234  -12.647  1.420  -13.668 0.3333333433
118236  -12.444  0.605  -12.379 0.2222222239
118237  -12.574  0.921  -12.242 0.2222222239
118238  -12.572  0.031  -12.570 0.2222222239
118240  -13.547  1.686  -12.551 0.2222222239
118244  -13.964  2.205  -12.001 0.1111111119
119513  -17.769  -0.312  -20.181 1.0000000000
123185  -13.167  1.510  -12.157 0.2222222239
135156  -14.475  0.781  -16.911 0.5555555820
138654  -20.189  -5.083  -18.856 1.0000000000
140590  -16.996  1.086  -19.993 1.0000000000
140760  -15.941  -1.411  -18.870 0.7777777910
