#!ascii label  , from subject sub-032304 vox2ras=TkReg
320
75081  -19.052  -2.332  -19.731 0.0000000000
70728  -16.863  -7.375  -18.181 0.0000000000
72373  -21.867  -5.624  -17.141 0.0000000000
68005  -19.415  -11.008  -16.400 0.0000000000
85402  -17.943  9.842  -18.050 0.0000000000
141814  -20.395  6.602  -19.087 0.0000000000
78702  -15.730  1.540  -19.229 0.0000000000
125235  -18.613  -13.795  -13.821 0.0000000000
68957  -18.176  -9.580  -18.062 0.0000000000
67040  -17.404  -11.069  -16.440 0.0000000000
132127  -19.166  9.133  -19.156 0.0000000000
130438  -17.423  6.431  -19.255 0.0000000000
75067  -16.229  -2.562  -19.172 0.0000000000
75964  -14.523  -1.302  -16.951 0.0000000000
76863  -17.087  -0.159  -20.008 0.0000000000
135639  -18.850  2.501  -19.560 0.0000000000
77736  -19.705  0.705  -18.738 0.0000000000
75966  -20.874  -1.694  -17.901 0.0000000000
72404  -15.388  -5.094  -17.737 0.0000000000
72420  -17.600  -5.090  -19.384 0.0000000000
73314  -20.211  -4.379  -18.835 0.0000000000
70730  -19.457  -7.238  -18.725 0.0000000000
69879  -20.958  -8.006  -17.002 0.0000000000
68937  -22.221  -9.330  -15.380 0.0000000000
80457  -15.291  3.558  -18.160 0.0000000000
81315  -17.790  4.443  -19.368 0.0000000000
82164  -20.766  5.291  -17.962 0.0000000000
65194  -16.912  -12.964  -14.545 0.0000000000
67022  -19.722  -12.071  -15.108 0.0000000000
68004  -16.625  -10.571  -16.137 0.0000000000
68003  -15.999  -10.719  -15.224 0.0000000000
83009  -17.123  6.848  -18.444 0.0000000000
82163  -16.219  5.815  -17.810 0.0000000000
137312  -17.699  -2.200  -20.089 0.0000000000
75982  -16.380  -1.677  -19.381 0.0000000000
76865  -18.325  -0.993  -20.186 0.0000000000
77754  -19.085  0.332  -19.374 0.0000000000
76866  -19.049  -0.628  -19.586 0.0000000000
125281  -20.300  0.090  -18.122 0.0000000000
75983  -20.253  -2.023  -18.653 0.0000000000
143461  -16.028  -6.274  -17.656 0.0000000000
72405  -15.983  -5.190  -18.392 0.0000000000
71553  -17.740  -6.457  -18.934 0.0000000000
71569  -18.520  -6.252  -19.331 0.0000000000
71554  -18.369  -7.072  -18.917 0.0000000000
68026  -18.610  -10.218  -17.441 0.0000000000
69887  -19.466  -8.768  -18.208 0.0000000000
137305  -20.393  -9.447  -16.997 0.0000000000
68949  -21.157  -9.078  -16.677 0.0000000000
68935  -20.705  -10.112  -15.752 0.0000000000
85396  -17.386  9.305  -17.229 0.0000000000
85386  -17.459  9.807  -15.535 0.0000000000
86185  -18.738  10.221  -16.966 0.0000000000
86196  -18.785  11.147  -17.533 0.0000000000
86206  -19.053  10.754  -19.349 0.0000000000
84639  -20.007  8.455  -18.742 0.0000000000
77734  -15.065  0.485  -18.335 0.0000000000
78689  -14.782  1.369  -18.027 0.0000000000
79600  -15.455  2.779  -18.728 0.0000000000
81306  -16.215  4.233  -19.223 0.0000000000
80468  -17.032  3.081  -19.583 0.0000000000
80464  -20.081  3.222  -18.386 0.0000000000
80463  -19.741  3.560  -18.674 0.0000000000
81301  -20.426  4.392  -17.625 0.0000000000
73295  -20.802  -4.899  -18.404 0.0000000000
74162  -21.211  -3.240  -17.318 0.0000000000
64327  -17.062  -14.471  -13.594 0.0000000000
65195  -17.407  -13.331  -14.485 0.0000000000
66094  -18.293  -12.494  -15.233 0.0000000000
65197  -19.227  -13.182  -14.223 0.0000000000
140881  -16.378  -8.581  -17.271 0.0000000000
68968  -17.793  -8.806  -18.187 0.0000000000
68956  -17.446  -9.354  -17.632 0.0000000000
68025  -17.754  -10.101  -17.495 0.0000000000
68017  -18.721  -11.004  -16.850 0.0000000000
83840  -17.075  8.538  -17.297 0.0000000000
85408  -18.467  9.403  -18.720 0.0000000000
84636  -17.713  8.084  -18.013 0.0000000000
83854  -18.793  7.421  -19.076 0.0000000000
83019  -19.603  6.514  -19.222 0.0000000000
75051  -14.994  -2.853  -17.650 0.0000000000
75965  -15.128  -1.991  -18.121 0.0000000000
75992  -16.060  -0.907  -19.094 0.0000000000
77751  -16.718  0.630  -19.730 0.0000000000
79612  -17.600  2.373  -20.053 0.0000000000
78705  -18.427  0.973  -19.762 0.0000000000
78691  -19.637  1.641  -18.702 0.0000000000
78681  -20.485  1.688  -17.774 0.0000000000
77727  -20.913  0.892  -17.236 0.0000000000
64329  -20.172  -14.254  -13.299 0.0000000000
65185  -20.258  -13.522  -13.550 0.0000000000
73311  -15.455  -4.481  -18.033 0.0000000000
73324  -16.768  -3.942  -19.147 0.0000000000
74192  -18.549  -3.524  -20.073 0.0000000000
75068  -19.548  -2.870  -18.972 0.0000000000
73313  -19.531  -4.784  -19.303 0.0000000000
72407  -19.834  -5.692  -19.092 0.0000000000
71556  -20.485  -6.302  -17.974 0.0000000000
69886  -19.076  -8.074  -18.482 0.0000000000
70731  -20.120  -7.128  -17.884 0.0000000000
70716  -21.305  -7.083  -17.087 0.0000000000
121094  -21.542  -7.687  -16.576 0.0000000000
69854  -22.389  -8.579  -15.511 0.0000000000
85409  -19.154  9.946  -19.048 0.0000000000
124653  -16.114  4.799  -18.789 0.0000000000
82181  -17.809  5.299  -19.482 0.0000000000
82174  -19.664  5.541  -19.108 0.0000000000
136407  -18.594  3.130  -19.465 0.0000000000
81317  -19.241  4.504  -19.064 0.0000000000
83010  -20.973  6.048  -18.586 0.0000000000
126555  -20.772  -2.595  -17.928 0.0000000000
75052  -21.400  -2.301  -17.333 0.0000000000
66080  -15.862  -11.892  -14.303 0.0000000000
66092  -16.977  -11.858  -15.483 0.0000000000
67033  -18.271  -11.910  -15.823 0.0000000000
67034  -19.583  -11.582  -15.803 0.0000000000
66084  -20.425  -12.537  -14.079 0.0000000000
67023  -20.418  -12.057  -14.586 0.0000000000
68007  -21.062  -10.787  -15.275 0.0000000000
82162  -15.117  5.740  -16.980 0.0000000000
75080  -18.455  -2.531  -20.112 0.0000000000
75091  -18.008  -1.661  -20.263 0.0000000000
75995  -18.576  -1.793  -20.047 0.0000000000
75996  -19.076  -1.495  -19.703 0.0000000000
135196  -19.715  -1.252  -19.117 0.0000000000
123885  -19.634  -1.986  -19.323 0.0000000000
70713  -16.421  -7.890  -17.665 0.0000000000
71539  -16.292  -6.867  -17.781 0.0000000000
71552  -16.973  -6.601  -18.418 0.0000000000
124681  -17.576  -7.257  -18.511 0.0000000000
139729  -19.271  -10.500  -16.944 0.0000000000
68948  -19.545  -9.840  -17.267 0.0000000000
68018  -20.009  -10.143  -16.402 0.0000000000
138084  -20.713  -9.609  -16.238 0.0000000000
125640  -17.806  9.634  -16.412 0.0000000000
85397  -18.554  9.866  -17.036 0.0000000000
86195  -18.259  10.494  -18.128 0.0000000000
139751  -18.572  10.863  -18.648 0.0000000000
86205  -18.434  10.458  -18.537 0.0000000000
83855  -19.905  7.499  -18.905 0.0000000000
83856  -20.805  7.743  -18.516 0.0000000000
83020  -20.882  6.809  -18.659 0.0000000000
78690  -15.328  1.249  -18.752 0.0000000000
77725  -14.568  0.422  -17.537 0.0000000000
79599  -15.031  2.106  -18.502 0.0000000000
124141  -15.288  1.982  -19.087 0.0000000000
80467  -16.227  2.949  -19.176 0.0000000000
79611  -16.759  2.281  -19.559 0.0000000000
80458  -20.311  3.606  -17.652 0.0000000000
72390  -21.345  -5.198  -17.669 0.0000000000
73296  -21.135  -4.202  -17.590 0.0000000000
73277  -21.803  -4.761  -17.057 0.0000000000
140068  -19.100  -14.520  -13.349 0.0000000000
64328  -17.995  -14.494  -13.547 0.0000000000
128550  -17.577  -13.857  -14.005 0.0000000000
65196  -18.251  -13.197  -14.560 0.0000000000
69868  -16.095  -8.931  -16.704 0.0000000000
68955  -16.717  -9.202  -17.214 0.0000000000
68015  -17.233  -10.407  -16.898 0.0000000000
68016  -17.999  -10.795  -17.049 0.0000000000
67041  -18.195  -11.409  -16.507 0.0000000000
83847  -17.247  7.580  -17.714 0.0000000000
83017  -16.789  6.198  -18.767 0.0000000000
142165  -17.676  6.921  -18.847 0.0000000000
83018  -18.352  6.684  -19.144 0.0000000000
75066  -15.651  -2.712  -18.441 0.0000000000
75993  -16.724  -0.896  -19.802 0.0000000000
76862  -16.240  -0.050  -19.391 0.0000000000
77752  -17.529  0.693  -20.075 0.0000000000
78706  -19.158  1.302  -19.372 0.0000000000
78692  -20.079  1.922  -18.327 0.0000000000
77737  -20.097  1.113  -18.180 0.0000000000
136326  -20.489  0.761  -17.751 0.0000000000
76833  -20.809  -0.754  -17.598 0.0000000000
77726  -20.828  0.115  -17.397 0.0000000000
75967  -21.369  -1.417  -17.117 0.0000000000
64314  -19.858  -15.041  -13.040 0.0000000000
64315  -20.584  -14.832  -12.742 0.0000000000
73294  -15.046  -4.655  -17.251 0.0000000000
72406  -16.824  -4.737  -18.901 0.0000000000
73325  -17.390  -4.383  -19.374 0.0000000000
74191  -17.569  -3.724  -19.591 0.0000000000
73326  -18.260  -4.443  -19.818 0.0000000000
73327  -19.080  -4.097  -20.067 0.0000000000
128219  -18.885  -4.848  -19.652 0.0000000000
71570  -19.369  -6.383  -19.175 0.0000000000
72422  -19.107  -5.546  -19.422 0.0000000000
72408  -20.374  -5.678  -18.552 0.0000000000
71555  -19.978  -6.429  -18.752 0.0000000000
123934  -18.242  -7.962  -18.522 0.0000000000
68969  -18.618  -8.846  -18.332 0.0000000000
124921  -20.084  -8.602  -17.858 0.0000000000
69888  -19.753  -7.981  -18.125 0.0000000000
69878  -20.433  -8.051  -17.661 0.0000000000
70715  -20.728  -7.434  -17.433 0.0000000000
69853  -21.762  -8.814  -15.935 0.0000000000
80456  -14.756  3.507  -17.315 0.0000000000
81300  -15.097  4.113  -17.622 0.0000000000
81305  -15.586  4.334  -18.407 0.0000000000
81307  -16.923  4.896  -19.261 0.0000000000
82182  -18.662  5.444  -19.472 0.0000000000
138840  -18.474  4.779  -19.384 0.0000000000
123759  -18.295  2.421  -20.070 0.0000000000
127074  -19.330  2.902  -18.954 0.0000000000
138339  -20.364  4.841  -18.142 0.0000000000
81308  -19.869  4.691  -18.508 0.0000000000
82175  -20.432  5.513  -18.558 0.0000000000
82165  -21.089  5.944  -17.656 0.0000000000
74179  -20.168  -3.591  -18.670 0.0000000000
138817  -20.259  -2.905  -18.407 0.0000000000
66069  -16.207  -12.690  -14.045 0.0000000000
66081  -16.760  -12.287  -14.856 0.0000000000
67021  -16.392  -11.507  -15.010 0.0000000000
120534  -18.985  -12.049  -15.548 0.0000000000
67042  -18.889  -11.591  -16.292 0.0000000000
65198  -20.002  -13.043  -13.872 0.0000000000
67035  -20.337  -11.508  -15.245 0.0000000000
68946  -16.498  -9.767  -16.569 0.0000000000
68934  -15.901  -10.087  -15.805 0.0000000000
67031  -16.793  -11.268  -15.751 0.0000000000
83846  -16.733  7.071  -17.463 0.0000000000
83008  -16.417  6.443  -17.641 0.0000000000
75078  -16.976  -2.359  -19.630 0.0000000000
75994  -17.218  -1.612  -19.929 0.0000000000
76864  -17.545  -0.931  -20.204 0.0000000000
77753  -18.327  0.001  -19.859 0.0000000000
76848  -19.660  -0.296  -18.803 0.0000000000
76849  -20.311  -0.997  -18.373 0.0000000000
71538  -15.625  -6.486  -17.305 0.0000000000
72388  -15.668  -5.768  -17.595 0.0000000000
126918  -16.346  -6.057  -18.109 0.0000000000
121612  -17.057  -5.694  -18.783 0.0000000000
71568  -17.818  -5.816  -19.380 0.0000000000
72421  -18.315  -5.355  -19.583 0.0000000000
70744  -18.953  -6.931  -19.151 0.0000000000
68958  -19.040  -9.464  -17.971 0.0000000000
68959  -19.927  -9.195  -17.729 0.0000000000
120198  -20.643  -8.785  -17.338 0.0000000000
143089  -21.061  -8.683  -16.924 0.0000000000
68936  -21.393  -9.589  -15.786 0.0000000000
84617  -17.006  8.812  -16.586 0.0000000000
86994  -19.432  11.083  -20.026 0.0000000000
84638  -18.930  8.420  -19.291 0.0000000000
120500  -14.453  1.005  -16.584 0.0000000000
78680  -14.567  1.347  -17.168 0.0000000000
79589  -14.724  2.366  -17.474 0.0000000000
79590  -15.040  2.888  -17.992 0.0000000000
80462  -15.751  3.664  -19.004 0.0000000000
136745  -16.412  3.646  -19.352 0.0000000000
126837  -17.954  3.736  -19.430 0.0000000000
123190  -19.873  3.024  -18.685 0.0000000000
81309  -20.114  4.085  -18.133 0.0000000000
125251  -20.646  -4.133  -18.349 0.0000000000
74161  -20.672  -3.442  -18.002 0.0000000000
124729  -21.730  -3.888  -16.853 0.0000000000
142963  -16.913  -13.961  -13.742 0.0000000000
65183  -16.705  -13.465  -13.980 0.0000000000
66082  -17.549  -12.808  -14.928 0.0000000000
66095  -19.008  -12.512  -14.775 0.0000000000
70703  -15.860  -8.147  -16.914 0.0000000000
70714  -17.275  -8.047  -18.221 0.0000000000
69877  -17.021  -8.637  -17.658 0.0000000000
68947  -17.105  -9.817  -17.233 0.0000000000
84616  -16.949  8.340  -15.942 0.0000000000
84627  -17.791  9.000  -17.986 0.0000000000
84637  -18.407  8.300  -18.817 0.0000000000
83853  -17.858  7.418  -18.621 0.0000000000
75980  -14.830  -1.242  -17.749 0.0000000000
121835  -15.830  -1.910  -18.696 0.0000000000
75981  -15.505  -1.147  -18.418 0.0000000000
76847  -15.549  -0.258  -18.693 0.0000000000
77735  -15.619  0.450  -18.902 0.0000000000
78703  -16.491  1.440  -19.545 0.0000000000
78704  -17.256  1.586  -20.006 0.0000000000
120708  -17.998  1.705  -20.199 0.0000000000
79613  -18.702  1.910  -19.914 0.0000000000
79614  -19.199  2.171  -19.245 0.0000000000
79601  -19.691  2.347  -18.644 0.0000000000
79602  -20.134  2.594  -18.290 0.0000000000
79591  -20.519  2.740  -17.443 0.0000000000
78672  -20.952  1.754  -16.874 0.0000000000
71527  -21.789  -6.408  -17.014 0.0000000000
65184  -19.551  -13.691  -13.646 0.0000000000
74176  -15.545  -3.585  -18.190 0.0000000000
74177  -16.167  -3.368  -18.820 0.0000000000
73312  -16.097  -4.215  -18.575 0.0000000000
74190  -16.817  -3.163  -19.436 0.0000000000
75079  -17.670  -2.923  -19.848 0.0000000000
74193  -19.041  -3.343  -20.087 0.0000000000
74178  -19.524  -3.850  -19.335 0.0000000000
72389  -20.801  -5.646  -17.964 0.0000000000
71540  -21.208  -6.158  -17.495 0.0000000000
70729  -18.839  -7.475  -18.823 0.0000000000
139788  -20.753  -6.819  -17.553 0.0000000000
70704  -22.073  -6.991  -16.493 0.0000000000
69869  -21.435  -8.412  -16.519 0.0000000000
69870  -22.078  -7.931  -15.984 0.0000000000
142049  -19.596  10.248  -19.453 0.0000000000
85410  -20.385  9.760  -19.298 0.0000000000
82170  -15.711  5.133  -18.123 0.0000000000
82171  -16.492  5.428  -18.714 0.0000000000
82172  -17.230  5.862  -19.432 0.0000000000
82173  -17.937  6.035  -19.708 0.0000000000
124320  -18.880  6.045  -19.400 0.0000000000
80469  -17.779  3.077  -19.882 0.0000000000
81316  -18.566  3.987  -19.135 0.0000000000
80470  -19.161  3.561  -18.926 0.0000000000
128688  -20.588  6.116  -19.141 0.0000000000
67020  -15.793  -11.189  -14.540 0.0000000000
67032  -17.536  -11.647  -15.936 0.0000000000
66093  -17.556  -12.253  -15.468 0.0000000000
66083  -19.816  -12.573  -14.439 0.0000000000
68006  -20.156  -10.830  -15.775 0.0000000000
77750  -15.968  0.856  -19.316 0.0000000000
79610  -15.872  2.167  -19.263 0.0000000000
81314  -17.088  3.921  -19.548 0.0000000000
119513  -17.769  -0.312  -20.181 0.0000000000
138654  -20.189  -5.083  -18.856 0.0000000000
140590  -16.996  1.086  -19.993 0.0000000000
140760  -15.941  -1.411  -18.870 0.0000000000
