#!ascii label  , from subject sub-032304 vox2ras=TkReg
539
21764  -25.505  -64.843  -17.095 0.6999999881
22573  -26.236  -64.089  -17.450 0.6000000238
22582  -26.128  -64.136  -18.423 0.6000000238
22603  -25.964  -63.837  -20.028 0.4000000060
22524  -24.337  -63.515  -10.116 0.6999999881
23329  -24.714  -62.670  -10.366 0.6999999881
21723  -24.292  -63.921  -11.045 0.6999999881
23336  -24.916  -62.664  -11.079 0.6000000238
126905  -24.519  -63.681  -11.653 0.6999999881
22535  -24.917  -63.060  -11.807 0.6000000238
22541  -24.577  -63.740  -12.511 0.6000000238
23342  -25.449  -62.496  -12.304 0.6000000238
22549  -24.550  -64.158  -13.299 0.6000000238
23350  -25.477  -62.747  -13.062 0.6000000238
141408  -26.586  -61.724  -13.375 0.5000000000
124547  -25.130  -63.638  -14.152 0.5000000000
24151  -27.206  -61.891  -14.031 0.5000000000
23366  -27.661  -62.543  -15.457 0.6000000238
22567  -27.177  -63.230  -15.942 0.6000000238
23367  -28.163  -62.127  -15.836 0.6000000238
23374  -27.805  -62.677  -16.287 0.6000000238
23380  -27.685  -62.681  -17.172 0.6000000238
24122  -25.815  -61.097  -10.851 0.6000000238
122527  -25.741  -61.623  -11.358 0.6000000238
24130  -26.254  -61.044  -11.673 0.6000000238
24953  -26.700  -60.586  -12.314 0.6000000238
24135  -26.399  -61.328  -12.533 0.6000000238
23343  -25.882  -61.993  -12.849 0.6000000238
24964  -27.641  -60.557  -13.454 0.6000000238
24143  -27.448  -61.299  -13.694 0.6000000238
23358  -27.458  -62.280  -14.658 0.6000000238
24152  -27.815  -61.598  -14.409 0.6999999881
24153  -28.359  -61.180  -14.925 0.6000000238
129974  -28.481  -61.467  -15.763 0.6000000238
23389  -27.086  -62.533  -18.289 0.5000000000
22593  -26.238  -63.363  -18.858 0.5000000000
23320  -25.078  -62.015  -9.704 0.6000000238
125737  -25.588  -61.260  -9.959 0.6000000238
25792  -26.397  -59.808  -10.433 0.6000000238
24947  -26.318  -60.406  -11.035 0.6000000238
139040  -26.581  -60.299  -11.693 0.6000000238
25800  -27.189  -59.135  -11.735 0.6000000238
25806  -27.530  -59.310  -12.513 0.6000000238
24954  -27.311  -60.205  -12.728 0.6000000238
25816  -27.820  -59.785  -13.288 0.6000000238
25817  -28.425  -59.524  -13.770 0.6999999881
24994  -28.557  -60.949  -16.504 0.6000000238
133009  -28.219  -61.269  -17.201 0.6000000238
23388  -26.164  -62.559  -19.547 0.4000000060
24107  -25.308  -61.277  -8.951 0.6000000238
24934  -25.804  -60.571  -9.402 0.6000000238
24935  -26.214  -60.031  -9.718 0.6000000238
143462  -26.891  -58.836  -11.210 0.6000000238
26650  -27.220  -58.361  -11.511 0.5000000000
26660  -27.476  -58.644  -12.060 0.6000000238
26670  -28.553  -58.255  -13.160 0.6999999881
25827  -29.302  -58.826  -14.901 0.6000000238
25826  -28.803  -59.703  -14.621 0.6000000238
24975  -28.478  -60.504  -14.629 0.6000000238
24985  -28.813  -60.500  -15.546 0.6000000238
24986  -28.752  -59.918  -16.580 0.6000000238
25846  -27.707  -59.537  -17.487 0.6000000238
23381  -27.847  -61.890  -17.606 0.6000000238
25004  -26.277  -60.667  -19.260 0.4000000060
24177  -27.121  -61.619  -18.453 0.5000000000
24927  -25.091  -60.793  -8.210 0.5000000000
25784  -26.076  -59.868  -9.038 0.6000000238
127397  -26.298  -59.159  -9.733 0.6000000238
26649  -26.577  -58.935  -10.630 0.5000000000
26641  -26.872  -58.177  -10.880 0.5000000000
27456  -27.263  -57.441  -11.235 0.5000000000
27466  -28.079  -56.963  -11.843 0.6000000238
123728  -28.768  -55.799  -12.621 0.6000000238
123571  -28.659  -56.882  -12.673 0.6999999881
27488  -29.372  -57.222  -13.904 0.6999999881
26671  -29.108  -57.980  -13.697 0.6999999881
28999  -29.190  -55.921  -15.011 0.6000000238
26680  -29.354  -58.067  -14.393 0.6999999881
27500  -29.401  -57.323  -14.807 0.6000000238
123761  -29.415  -58.127  -15.213 0.6000000238
26687  -29.190  -58.773  -15.488 0.6000000238
25841  -28.827  -59.012  -16.245 0.6000000238
26693  -28.272  -58.434  -16.830 0.6000000238
25845  -26.938  -59.995  -18.258 0.5000000000
25853  -26.088  -59.567  -18.933 0.4000000060
25774  -25.673  -59.627  -8.323 0.6000000238
25775  -26.116  -59.048  -8.772 0.6000000238
26640  -26.618  -58.164  -10.016 0.6000000238
126129  -27.123  -56.848  -10.675 0.5000000000
28224  -27.535  -56.470  -11.111 0.6000000238
28953  -27.644  -55.443  -10.951 0.5000000000
28225  -28.137  -55.991  -11.640 0.6000000238
28965  -28.521  -55.565  -12.270 0.5000000000
29785  -28.713  -54.531  -12.890 0.5000000000
28243  -29.052  -56.132  -12.983 0.6000000238
30673  -28.237  -53.221  -13.599 0.5000000000
29794  -29.156  -54.891  -13.733 0.5000000000
28978  -29.271  -55.649  -13.517 0.6000000238
30679  -28.377  -53.661  -14.364 0.4000000060
28990  -29.375  -55.690  -14.167 0.6999999881
126000  -28.107  -54.753  -15.514 0.5000000000
28261  -29.226  -56.660  -15.195 0.6000000238
28998  -28.398  -55.486  -15.638 0.5000000000
28260  -28.694  -56.321  -15.815 0.6000000238
28997  -27.225  -55.064  -16.221 0.5000000000
27515  -28.171  -57.612  -16.634 0.6000000238
25844  -26.429  -58.951  -18.183 0.5000000000
29008  -27.467  -55.949  -16.383 0.6000000238
27514  -27.117  -57.192  -17.116 0.6000000238
26698  -26.607  -58.257  -17.774 0.6000000238
26623  -26.164  -58.143  -8.460 0.5000000000
135784  -26.693  -57.378  -9.842 0.5000000000
28212  -26.891  -56.769  -10.037 0.5000000000
28213  -27.247  -56.126  -10.354 0.4000000060
29773  -27.802  -54.498  -11.347 0.4000000060
29774  -28.427  -54.362  -12.076 0.5000000000
129703  -28.592  -54.964  -12.377 0.5000000000
30664  -28.410  -53.615  -12.664 0.5000000000
32243  -26.921  -51.669  -14.498 0.4000000060
30672  -27.609  -52.987  -14.427 0.4000000060
31499  -26.581  -52.897  -15.269 0.5000000000
30684  -27.497  -53.514  -15.125 0.5000000000
29812  -26.993  -54.167  -15.916 0.5000000000
27513  -26.385  -56.732  -17.646 0.5000000000
27524  -26.570  -57.557  -17.706 0.5000000000
28266  -26.649  -56.405  -16.998 0.6000000238
26692  -27.295  -57.961  -17.252 0.5000000000
30654  -28.087  -53.668  -11.693 0.4000000060
31478  -27.820  -52.068  -12.811 0.5000000000
31479  -28.123  -52.794  -12.962 0.5000000000
135877  -27.446  -51.441  -13.543 0.5000000000
32242  -25.919  -51.110  -15.174 0.4000000060
31498  -26.123  -52.735  -16.064 0.5000000000
131752  -26.019  -54.976  -17.154 0.5000000000
28274  -25.959  -56.204  -18.061 0.3000000119
122751  -25.836  -51.977  -16.169 0.5000000000
29811  -26.135  -53.936  -16.609 0.5000000000
29007  -26.245  -55.569  -16.934 0.5000000000
33024  -27.166  -50.636  -13.270 0.4000000060
32236  -26.695  -50.873  -14.223 0.4000000060
33023  -26.504  -50.106  -13.989 0.4000000060
34661  -25.143  -48.705  -15.241 0.4000000060
33031  -25.684  -50.431  -14.834 0.4000000060
33038  -25.490  -50.257  -15.553 0.4000000060
33803  -25.255  -49.478  -15.298 0.4000000060
32249  -25.547  -50.781  -15.862 0.5000000000
29828  -26.102  -54.503  -17.219 0.4000000060
29832  -26.116  -55.358  -17.402 0.4000000060
31505  -26.183  -52.656  -16.438 0.5000000000
30693  -26.051  -53.755  -17.057 0.5000000000
32254  -25.787  -51.206  -16.181 0.5000000000
31506  -26.242  -52.110  -16.420 0.5000000000
29823  -25.921  -54.174  -16.987 0.5000000000
35541  -25.448  -48.304  -15.333 0.4000000060
33813  -25.741  -49.818  -15.563 0.4000000060
32261  -27.275  -52.184  -16.858 0.4000000060
31510  -26.300  -53.001  -16.992 0.5000000000
33046  -25.753  -50.562  -15.952 0.5000000000
34662  -26.159  -48.360  -15.453 0.4000000060
32256  -27.945  -51.297  -16.712 0.4000000060
33804  -26.545  -49.220  -15.555 0.5000000000
139445  -26.280  -50.780  -16.301 0.5000000000
32255  -26.703  -51.344  -16.505 0.5000000000
124701  -26.366  -46.114  -15.404 0.4000000060
33047  -27.495  -50.583  -16.331 0.3000000119
33040  -28.511  -50.073  -16.286 0.3000000119
35532  -26.904  -47.752  -15.349 0.4000000060
130351  -27.838  -49.880  -15.898 0.5000000000
34663  -27.362  -48.581  -15.387 0.4000000060
33814  -26.801  -50.065  -15.763 0.5000000000
33805  -27.649  -49.333  -15.574 0.5000000000
37341  -27.055  -45.595  -15.125 0.4000000060
33807  -29.166  -48.786  -15.627 0.3000000119
33815  -29.370  -49.540  -16.341 0.3000000119
36412  -26.579  -46.898  -15.271 0.4000000060
136536  -29.078  -48.058  -14.877 0.4000000060
35523  -27.827  -47.239  -14.807 0.4000000060
34655  -28.188  -48.022  -14.881 0.4000000060
38235  -26.821  -44.913  -15.270 0.5000000000
34665  -29.768  -48.126  -15.688 0.4000000060
36414  -30.464  -46.633  -15.806 0.4000000060
35534  -30.344  -47.554  -15.993 0.4000000060
38236  -27.912  -44.952  -14.788 0.4000000060
35524  -28.668  -47.491  -14.652 0.5000000000
36413  -29.700  -46.514  -14.860 0.4000000060
37342  -28.252  -45.769  -14.638 0.5000000000
36404  -28.645  -46.701  -14.571 0.5000000000
38237  -29.029  -45.025  -14.509 0.5000000000
37353  -29.792  -45.501  -14.934 0.4000000060
129451  -30.508  -45.063  -15.665 0.4000000060
129404  -30.742  -47.040  -16.690 0.3000000119
39075  -27.537  -44.229  -15.129 0.5000000000
39076  -28.593  -44.229  -14.742 0.5000000000
39964  -30.617  -42.334  -15.486 0.4000000060
39965  -31.259  -42.689  -15.468 0.3000000119
141452  -27.463  -42.174  -15.652 0.5000000000
122739  -30.059  -42.815  -15.399 0.4000000060
38246  -29.944  -44.590  -15.054 0.4000000060
38247  -30.774  -44.176  -15.931 0.4000000060
38248  -31.222  -44.171  -16.164 0.4000000060
128876  -27.857  -42.731  -15.315 0.5000000000
39091  -29.222  -43.481  -14.845 0.5000000000
137871  -29.377  -44.226  -14.789 0.5000000000
39090  -28.258  -43.438  -14.942 0.5000000000
40796  -31.035  -41.874  -15.263 0.4000000060
139654  -27.639  -41.487  -15.736 0.5000000000
39949  -31.891  -42.216  -14.579 0.3000000119
39962  -28.333  -41.972  -15.429 0.5000000000
40794  -29.294  -41.645  -15.443 0.5000000000
39963  -29.923  -42.094  -15.471 0.5000000000
128910  -28.946  -42.572  -15.009 0.5000000000
40783  -30.718  -41.113  -14.815 0.4000000060
41623  -27.440  -40.078  -16.205 0.5000000000
42479  -29.253  -39.472  -15.495 0.5000000000
41608  -31.164  -40.708  -14.083 0.3000000119
40784  -31.519  -41.455  -14.396 0.3000000119
42488  -27.862  -39.441  -16.237 0.5000000000
42478  -28.549  -39.199  -15.914 0.5000000000
41615  -28.779  -40.399  -15.743 0.5000000000
122705  -26.311  -63.907  -16.471 0.6000000238
22592  -25.933  -64.156  -19.427 0.5000000000
22551  -25.659  -63.040  -13.787 0.6000000238
26661  -27.884  -58.466  -12.572 0.6999999881
25001  -28.144  -60.495  -17.327 0.6000000238
27487  -28.890  -57.482  -13.180 0.6999999881
123397  -27.383  -58.713  -17.410 0.6000000238
28255  -29.399  -56.515  -14.434 0.6999999881
28989  -28.904  -55.020  -14.731 0.5000000000
26686  -28.861  -58.213  -16.045 0.6000000238
31487  -27.722  -52.348  -13.783 0.5000000000
29804  -28.816  -54.324  -14.275 0.4000000060
29824  -26.084  -54.605  -16.766 0.5000000000
31491  -26.175  -52.018  -15.486 0.5000000000
33806  -28.521  -49.413  -15.744 0.4000000060
35533  -29.794  -47.394  -15.216 0.4000000060
38258  -31.121  -44.766  -16.412 0.3000000119
41614  -27.945  -40.673  -15.995 0.5000000000
41616  -29.437  -40.117  -15.540 0.5000000000
15072  -25.702  -73.354  -12.748 0.5000000000
15892  -26.936  -72.772  -13.877 0.5000000000
15093  -26.109  -73.341  -13.641 0.5000000000
16630  -28.598  -70.959  -14.259 0.5000000000
16629  -28.136  -71.676  -14.392 0.5000000000
15905  -27.541  -72.345  -14.588 0.4000000060
15878  -26.073  -72.668  -12.132 0.5000000000
139247  -27.148  -72.362  -13.133 0.6000000238
15879  -26.806  -72.200  -12.450 0.6000000238
16619  -28.081  -71.354  -13.574 0.5000000000
18862  -29.819  -68.753  -14.863 0.4000000060
16582  -24.870  -71.646  -10.874 0.6999999881
15862  -24.617  -72.581  -11.186 0.6999999881
15864  -26.357  -71.961  -11.761 0.6999999881
140609  -27.386  -71.135  -12.443 0.5000000000
16608  -26.931  -71.529  -12.151 0.6999999881
18114  -28.993  -68.765  -13.890 0.5000000000
17335  -28.449  -70.522  -13.522 0.5000000000
17334  -27.977  -70.374  -12.933 0.5000000000
18851  -29.380  -68.388  -14.352 0.5000000000
18124  -29.347  -69.216  -14.320 0.5000000000
16580  -22.751  -71.984  -9.766 0.5000000000
16581  -23.504  -71.665  -10.168 0.6999999881
140266  -24.525  -70.107  -10.473 0.6999999881
142575  -24.131  -71.397  -10.465 0.6999999881
139895  -24.855  -70.031  -10.918 0.6999999881
16594  -25.741  -71.433  -11.385 0.6000000238
18830  -27.306  -69.078  -12.672 0.6999999881
18099  -26.850  -69.805  -12.314 0.6000000238
18850  -28.762  -68.032  -13.932 0.5000000000
18842  -28.439  -68.595  -13.428 0.6000000238
18100  -27.698  -69.800  -12.692 0.6000000238
20304  -29.497  -66.442  -15.187 0.5000000000
17300  -23.290  -70.369  -9.263 0.5000000000
17301  -24.141  -70.107  -9.924 0.6999999881
17318  -25.217  -70.676  -11.119 0.6999999881
18816  -25.323  -69.001  -11.844 0.6999999881
18083  -24.918  -69.314  -11.196 0.6999999881
18085  -26.298  -70.098  -11.778 0.8000000119
18098  -25.967  -69.328  -12.097 0.6999999881
19560  -27.029  -67.848  -13.604 0.6000000238
18840  -26.672  -68.416  -13.094 0.6999999881
19561  -28.012  -67.785  -13.569 0.6999999881
19570  -27.470  -67.250  -14.148 0.6000000238
20292  -28.993  -66.789  -14.638 0.6000000238
19571  -28.426  -67.316  -14.223 0.6000000238
21010  -29.055  -65.906  -15.688 0.6000000238
17288  -21.849  -70.302  -8.559 0.5000000000
18780  -23.555  -68.863  -8.714 0.6000000238
17299  -22.436  -70.800  -8.944 0.5000000000
18791  -24.050  -69.022  -9.311 0.6000000238
18062  -24.222  -69.442  -9.724 0.6000000238
18072  -24.549  -69.537  -10.407 0.6999999881
18827  -25.167  -68.168  -11.953 0.6999999881
19525  -24.867  -68.001  -11.036 0.6000000238
18084  -25.485  -69.849  -11.493 0.6999999881
141994  -25.306  -68.078  -12.634 0.6999999881
18829  -26.362  -68.925  -12.610 0.6999999881
20290  -26.846  -66.828  -14.841 0.6999999881
20303  -28.211  -66.239  -15.422 0.6999999881
20291  -28.044  -66.623  -14.725 0.6999999881
124191  -22.710  -68.949  -8.256 0.5000000000
18781  -24.138  -68.311  -9.108 0.6000000238
127256  -24.564  -67.971  -10.025 0.6000000238
130002  -24.762  -67.203  -10.589 0.6000000238
19549  -25.484  -67.948  -13.264 0.8000000119
19558  -25.032  -67.255  -13.276 0.5000000000
20271  -24.801  -66.654  -12.062 0.6000000238
19559  -25.979  -67.941  -13.818 0.6999999881
20289  -25.578  -66.843  -14.821 0.6999999881
20301  -26.160  -66.634  -15.804 0.6999999881
19568  -25.942  -67.008  -15.003 0.6999999881
21017  -27.747  -65.691  -17.152 0.5000000000
20314  -26.886  -65.978  -17.170 0.6999999881
21028  -26.869  -65.895  -18.044 0.5000000000
124961  -21.810  -68.976  -8.084 0.5000000000
134036  -23.197  -68.164  -8.210 0.5000000000
129012  -24.109  -66.801  -8.738 0.6000000238
141469  -23.708  -68.249  -8.603 0.6000000238
20230  -24.418  -66.754  -9.328 0.6000000238
20247  -24.542  -66.355  -10.080 0.6000000238
136887  -24.429  -64.633  -11.114 0.6000000238
20259  -24.746  -66.459  -11.127 0.6000000238
125768  -24.569  -65.464  -10.818 0.6000000238
21001  -24.862  -65.572  -14.695 0.6000000238
20995  -24.889  -65.740  -13.913 0.5000000000
126428  -24.638  -65.785  -11.769 0.5000000000
21009  -25.425  -66.063  -16.187 0.6000000238
21008  -25.118  -65.499  -15.491 0.6000000238
21016  -25.488  -66.089  -17.190 0.6000000238
21041  -25.727  -65.233  -19.110 0.5000000000
19503  -22.678  -67.565  -7.876 0.5000000000
20214  -23.710  -66.113  -8.367 0.6000000238
20953  -24.306  -65.452  -9.898 0.6000000238
133960  -24.657  -65.476  -13.240 0.5000000000
140761  -24.449  -64.349  -12.669 0.5000000000
21756  -25.131  -64.795  -15.451 0.4000000060
22557  -25.013  -64.139  -14.759 0.5000000000
21746  -24.815  -64.147  -14.070 0.5000000000
21774  -25.412  -65.663  -17.749 0.6000000238
19496  -22.227  -66.937  -7.681 0.5000000000
20208  -23.203  -66.199  -7.855 0.6000000238
20939  -23.801  -65.426  -8.590 0.6000000238
21698  -24.023  -64.934  -9.231 0.6000000238
22566  -26.246  -63.664  -15.583 0.5000000000
22558  -25.821  -63.414  -14.675 0.4000000060
19495  -21.403  -66.963  -7.709 0.5000000000
20207  -22.576  -66.273  -7.627 0.5000000000
131308  -23.645  -64.850  -8.483 0.6000000238
20205  -20.973  -66.329  -7.692 0.5000000000
20927  -22.139  -65.641  -7.543 0.5000000000
21684  -23.366  -64.372  -8.036 0.6000000238
21697  -23.788  -64.212  -8.775 0.6000000238
20213  -20.403  -66.258  -8.041 0.5000000000
20926  -21.321  -65.675  -7.601 0.5000000000
21683  -22.514  -64.920  -7.572 0.5000000000
23307  -23.801  -62.836  -8.418 0.6000000238
21709  -24.153  -63.402  -9.032 0.6000000238
21681  -20.843  -65.053  -7.716 0.5000000000
22491  -22.398  -63.939  -7.498 0.5000000000
21680  -20.215  -64.410  -7.761 0.5000000000
24116  -24.667  -62.041  -8.913 0.5000000000
22490  -21.502  -63.695  -7.390 0.5000000000
128265  -23.195  -63.005  -7.886 0.5000000000
22501  -19.523  -64.109  -8.258 0.5000000000
22489  -20.619  -63.633  -7.519 0.5000000000
136567  -22.634  -63.238  -7.561 0.5000000000
23299  -24.196  -62.138  -8.277 0.4000000060
23296  -21.047  -62.762  -7.260 0.5000000000
23298  -22.616  -62.419  -7.456 0.5000000000
24096  -23.993  -61.505  -7.629 0.4000000060
129532  -23.508  -62.255  -7.853 0.4000000060
23297  -21.783  -62.319  -7.219 0.4000000060
24095  -23.105  -61.583  -7.369 0.4000000060
24917  -24.522  -60.644  -7.529 0.4000000060
21757  -25.594  -64.535  -16.056 0.6000000238
21789  -25.558  -65.341  -18.529 0.5000000000
21803  -25.987  -65.121  -19.695 0.4000000060
21739  -24.490  -65.076  -12.425 0.6000000238
24918  -25.183  -60.115  -7.910 0.4000000060
25766  -25.370  -59.400  -7.623 0.4000000060
17319  -26.036  -70.676  -11.515 0.6999999881
18839  -25.944  -68.368  -13.169 0.6999999881
19569  -26.349  -67.422  -14.300 0.6999999881
136811  -24.759  -66.834  -12.850 0.6000000238
131547  -26.347  -66.339  -16.707 0.6999999881
20288  -25.140  -66.388  -14.383 0.6999999881
20300  -25.687  -66.496  -15.650 0.6999999881
139656  -25.661  -66.129  -17.854 0.6000000238
21027  -25.931  -66.040  -18.322 0.6000000238
15073  -26.506  -72.809  -12.982 0.6000000238
15850  -24.075  -72.130  -10.598 0.6999999881
15863  -25.517  -72.278  -11.476 0.6000000238
15880  -27.489  -71.712  -12.860 0.6000000238
15893  -27.620  -72.079  -13.699 0.5000000000
16575  -23.015  -71.230  -9.535 0.5000000000
16595  -26.442  -71.307  -11.694 0.6999999881
16609  -27.875  -70.986  -12.938 0.5000000000
17289  -22.589  -70.169  -8.730 0.5000000000
17308  -24.514  -70.688  -10.561 0.6999999881
17327  -26.850  -70.744  -11.956 0.6000000238
17328  -28.240  -69.895  -13.089 0.5000000000
17343  -29.137  -70.169  -14.463 0.5000000000
17344  -29.570  -69.473  -14.980 0.4000000060
18051  -22.232  -69.632  -8.393 0.5000000000
18052  -23.056  -69.625  -8.681 0.6000000238
18061  -23.739  -69.583  -9.256 0.6000000238
18112  -28.118  -69.179  -12.911 0.6000000238
18113  -28.760  -69.515  -13.594 0.5000000000
18769  -21.854  -67.600  -7.792 0.5000000000
18779  -22.294  -68.270  -7.963 0.5000000000
18792  -24.413  -68.862  -9.838 0.6000000238
18804  -24.691  -68.739  -10.678 0.6999999881
18815  -24.972  -68.660  -11.386 0.6999999881
18828  -25.655  -68.568  -12.569 0.8000000119
18841  -27.639  -68.442  -13.110 0.6000000238
19494  -20.646  -67.003  -8.055 0.5000000000
19497  -22.992  -66.901  -7.778 0.6000000238
19504  -24.340  -67.449  -9.194 0.6000000238
19537  -24.898  -67.323  -11.536 0.6000000238
19548  -25.021  -67.499  -12.545 0.6000000238
20206  -21.766  -66.298  -7.590 0.5000000000
20212  -19.973  -66.561  -8.473 0.5000000000
20215  -24.275  -65.981  -9.086 0.6000000238
20280  -25.403  -67.245  -13.986 0.6999999881
20302  -27.173  -66.505  -15.669 0.6999999881
20313  -25.729  -66.306  -16.565 0.6000000238
20315  -27.721  -65.988  -16.314 0.6999999881
20324  -25.750  -66.235  -17.347 0.6000000238
20325  -26.019  -66.313  -17.716 0.6000000238
20925  -20.571  -65.706  -7.804 0.5000000000
20928  -22.824  -65.667  -7.636 0.5000000000
20938  -23.283  -65.277  -7.914 0.6000000238
20988  -24.664  -66.047  -12.642 0.5000000000
21002  -25.239  -66.211  -15.268 0.6000000238
21018  -28.734  -65.423  -16.616 0.6000000238
21026  -25.720  -65.720  -18.393 0.5000000000
21042  -25.886  -65.511  -18.888 0.5000000000
21043  -26.486  -65.514  -18.936 0.4000000060
21682  -21.659  -65.015  -7.552 0.5000000000
21710  -24.103  -64.127  -9.492 0.6000000238
21731  -24.425  -64.325  -11.873 0.6000000238
21745  -24.737  -64.890  -13.874 0.5000000000
21752  -24.786  -64.800  -14.791 0.5000000000
21763  -25.323  -65.482  -16.509 0.6999999881
21775  -25.537  -64.886  -18.107 0.6000000238
21790  -25.590  -64.871  -19.047 0.5000000000
21802  -25.858  -64.740  -19.675 0.4000000060
22488  -19.943  -63.655  -7.820 0.5000000000
22492  -23.067  -63.785  -7.735 0.5000000000
22502  -23.567  -63.582  -8.334 0.6000000238
22534  -24.478  -63.239  -11.034 0.6000000238
22542  -25.079  -63.136  -12.604 0.6000000238
22550  -24.902  -63.518  -13.386 0.6000000238
22565  -25.462  -64.100  -15.302 0.5000000000
22574  -27.267  -63.373  -16.828 0.6000000238
22583  -26.972  -63.374  -17.726 0.5000000000
23308  -24.287  -62.638  -8.820 0.5000000000
23319  -24.496  -62.699  -9.506 0.6000000238
23330  -25.403  -61.988  -10.660 0.6999999881
23337  -25.412  -62.272  -11.530 0.6000000238
23357  -26.512  -62.502  -14.141 0.5000000000
23365  -26.848  -62.922  -15.065 0.6000000238
24106  -24.671  -61.428  -8.210 0.5000000000
24129  -25.875  -61.780  -12.036 0.6000000238
24144  -28.066  -60.923  -14.136 0.6000000238
24162  -28.084  -61.914  -15.142 0.6000000238
24170  -28.234  -61.899  -16.619 0.6000000238
24184  -26.425  -61.770  -19.253 0.4000000060
24928  -25.566  -60.399  -8.611 0.5000000000
24941  -26.017  -60.530  -10.250 0.6000000238
24963  -27.056  -60.973  -12.976 0.6000000238
24965  -28.258  -60.194  -13.946 0.6999999881
25000  -27.577  -61.039  -17.993 0.6000000238
25799  -26.696  -59.611  -11.275 0.6000000238
25805  -26.962  -59.848  -12.059 0.6000000238
25807  -28.178  -59.035  -13.188 0.6000000238
25834  -29.096  -59.492  -15.561 0.6000000238
26622  -25.798  -58.893  -8.012 0.4000000060
26631  -26.334  -58.432  -9.259 0.6000000238
26679  -28.883  -58.789  -13.954 0.6999999881
27455  -26.885  -57.447  -10.484 0.6000000238
27475  -27.651  -57.922  -11.960 0.6000000238
27476  -28.282  -57.671  -12.533 0.6999999881
27508  -29.018  -57.268  -15.858 0.6000000238
28234  -28.522  -56.222  -12.329 0.6000000238
28244  -29.380  -56.319  -13.707 0.6000000238
28265  -26.041  -56.066  -17.570 0.5000000000
28954  -28.170  -55.133  -11.771 0.5000000000
28977  -28.938  -55.335  -12.913 0.5000000000
29013  -26.032  -55.646  -17.693 0.5000000000
29015  -25.966  -55.752  -18.006 0.3000000119
29793  -28.698  -54.025  -13.584 0.5000000000
29813  -28.335  -54.169  -14.992 0.5000000000
30683  -26.394  -53.426  -15.995 0.5000000000
30690  -26.171  -53.419  -16.734 0.5000000000
32250  -25.623  -51.236  -15.897 0.5000000000
33022  -25.613  -49.668  -14.696 0.4000000060
33030  -25.291  -49.949  -15.257 0.4000000060
33039  -25.522  -50.617  -15.488 0.4000000060
33048  -28.454  -50.676  -16.623 0.3000000119
34664  -28.366  -48.706  -15.260 0.5000000000
34674  -25.582  -48.976  -15.368 0.4000000060
35525  -29.232  -47.301  -14.667 0.4000000060
35531  -25.820  -47.538  -15.326 0.4000000060
36403  -27.423  -46.387  -14.923 0.4000000060
37343  -29.091  -45.919  -14.591 0.5000000000
37354  -30.303  -45.877  -15.447 0.4000000060
37361  -30.843  -45.616  -16.252 0.3000000119
39092  -30.832  -43.310  -15.800 0.4000000060
39093  -31.611  -43.556  -15.613 0.3000000119
40793  -28.600  -41.160  -15.638 0.5000000000
41624  -28.269  -39.935  -16.083 0.5000000000
43292  -28.979  -38.821  -15.374 0.5000000000
121020  -30.076  -43.717  -15.239 0.4000000060
121736  -24.258  -64.560  -10.262 0.6000000238
124243  -28.395  -59.129  -16.993 0.6000000238
124940  -26.991  -52.422  -14.693 0.4000000060
126225  -29.521  -40.812  -15.574 0.5000000000
127855  -29.236  -67.595  -14.444 0.5000000000
128422  -24.904  -66.447  -13.485 0.5000000000
129504  -26.431  -57.679  -9.275 0.5000000000
130869  -23.533  -66.868  -8.204 0.6000000238
131319  -21.112  -64.375  -7.531 0.5000000000
132059  -21.955  -63.055  -7.275 0.5000000000
133201  -28.806  -66.333  -15.019 0.6000000238
133739  -29.123  -56.800  -13.289 0.6999999881
134375  -24.590  -67.152  -9.807 0.6000000238
134623  -27.483  -70.507  -12.512 0.5000000000
135498  -25.826  -67.337  -14.387 0.6999999881
135633  -24.550  -64.735  -13.103 0.6000000238
136050  -28.875  -39.804  -15.761 0.5000000000
136341  -23.771  -70.895  -10.023 0.6999999881
138390  -27.995  -56.778  -16.502 0.6000000238
138855  -24.474  -65.045  -11.599 0.6000000238
139281  -21.864  -64.397  -7.463 0.5000000000
139573  -25.960  -63.324  -19.752 0.4000000060
141197  -22.984  -64.466  -7.683 0.5000000000
141252  -23.271  -67.442  -8.092 0.5000000000
142452  -26.008  -62.384  -13.440 0.5000000000
143324  -23.815  -67.629  -8.538 0.6000000238
