#!ascii label  , from subject sub-032304 vox2ras=TkReg
814
24192  -38.643  -61.614  -20.090 0.5000000000
23399  -36.989  -62.564  -19.730 0.8000000119
23409  -34.166  -61.356  -20.383 0.8000000119
24203  -35.992  -61.106  -20.151 0.8000000119
141981  -36.659  -61.115  -20.357 0.8000000119
23394  -39.361  -62.688  -19.401 0.5000000000
23400  -37.934  -62.161  -20.150 0.5000000000
24204  -37.268  -60.943  -20.434 0.6000000238
24200  -32.894  -61.664  -20.856 0.6999999881
24201  -33.733  -61.136  -20.576 0.6999999881
25025  -36.538  -60.576  -20.377 0.6999999881
23393  -39.579  -62.735  -18.787 0.6000000238
24193  -39.174  -61.820  -19.675 0.5000000000
130856  -38.987  -61.068  -19.823 0.6000000238
24199  -31.830  -61.843  -21.000 0.6999999881
24205  -38.318  -60.661  -20.228 0.6000000238
25016  -38.354  -59.535  -20.193 0.6000000238
25014  -32.114  -60.863  -19.833 0.6999999881
25021  -32.531  -61.397  -20.701 0.6999999881
25023  -34.480  -60.369  -20.417 0.6999999881
25026  -37.438  -60.096  -20.403 0.6000000238
139900  -38.350  -58.740  -20.117 0.6000000238
25873  -35.514  -59.805  -20.162 0.8000000119
26718  -36.469  -59.129  -19.934 0.8000000119
25870  -37.516  -59.246  -20.243 0.6999999881
142110  -38.980  -61.488  -18.133 0.4000000060
25007  -39.382  -60.453  -19.066 0.6000000238
24189  -30.931  -61.329  -20.061 0.6999999881
26713  -38.512  -57.383  -19.212 0.6000000238
132238  -31.235  -60.464  -19.220 0.6999999881
25015  -32.956  -60.607  -20.159 0.6999999881
137167  -33.989  -60.122  -20.203 0.6999999881
25872  -34.824  -59.776  -20.223 0.6000000238
26711  -36.563  -58.319  -19.325 0.6999999881
27520  -36.028  -56.357  -17.323 0.5000000000
25867  -33.970  -59.763  -19.158 0.6000000238
25859  -34.449  -59.273  -18.408 0.6000000238
26710  -35.394  -58.527  -18.283 0.6000000238
121256  -35.383  -57.690  -17.548 0.6000000238
26703  -34.432  -58.658  -17.608 0.6000000238
122673  -34.256  -56.892  -16.251 0.5000000000
25002  -38.171  -60.092  -17.431 0.4000000060
25003  -38.898  -59.958  -18.404 0.5000000000
25866  -29.760  -59.972  -19.266 0.6999999881
25852  -38.724  -58.782  -18.764 0.6000000238
26706  -38.594  -57.792  -18.638 0.6000000238
25005  -32.248  -60.360  -19.018 0.6999999881
26712  -38.005  -57.422  -19.419 0.6000000238
25857  -32.642  -59.832  -18.118 0.6999999881
27537  -37.640  -56.851  -18.968 0.5000000000
27528  -36.932  -56.772  -17.972 0.6000000238
25849  -33.054  -59.292  -17.582 0.6999999881
25850  -33.775  -59.202  -17.695 0.6000000238
27519  -34.774  -57.274  -16.661 0.5000000000
28270  -35.149  -56.245  -16.479 0.5000000000
27518  -33.741  -57.493  -16.481 0.5000000000
25864  -27.367  -59.626  -19.798 0.6000000238
27534  -28.632  -57.382  -19.126 0.6000000238
25842  -37.370  -59.733  -16.711 0.5000000000
25843  -37.854  -59.060  -17.355 0.5000000000
26717  -29.207  -58.768  -19.287 0.6999999881
25012  -29.198  -60.454  -19.638 0.6999999881
25851  -38.638  -58.920  -17.980 0.5000000000
26705  -38.239  -57.940  -17.769 0.5000000000
122478  -37.981  -57.024  -17.325 0.4000000060
25855  -30.384  -59.985  -19.060 0.6999999881
27530  -38.367  -56.767  -18.391 0.5000000000
123923  -30.781  -59.598  -18.489 0.6999999881
25856  -31.692  -59.828  -18.147 0.6999999881
28278  -37.919  -55.931  -17.486 0.5000000000
25848  -32.183  -59.228  -17.613 0.6999999881
26701  -32.680  -58.625  -17.221 0.6000000238
28277  -37.350  -55.854  -17.512 0.5000000000
26694  -33.155  -58.124  -16.734 0.6000000238
28271  -36.520  -55.355  -16.858 0.5000000000
27517  -32.843  -57.438  -16.472 0.5000000000
28268  -32.565  -56.731  -16.246 0.5000000000
28269  -33.460  -56.854  -16.116 0.5000000000
29001  -34.356  -55.045  -15.527 0.5000000000
28263  -34.309  -56.153  -15.888 0.5000000000
30687  -32.954  -53.908  -15.096 0.3000000119
27510  -36.530  -57.617  -15.533 0.3000000119
27539  -26.726  -58.148  -19.066 0.6000000238
26715  -27.153  -58.770  -19.463 0.6000000238
26696  -37.400  -58.487  -16.757 0.4000000060
27521  -37.307  -57.379  -16.373 0.4000000060
27535  -29.421  -57.563  -19.007 0.6000000238
28264  -37.475  -55.613  -16.536 0.5000000000
25854  -29.873  -59.299  -18.824 0.6999999881
26709  -30.570  -58.165  -18.178 0.6999999881
28272  -37.526  -55.390  -17.038 0.5000000000
27526  -31.598  -57.685  -17.265 0.5000000000
29011  -36.400  -54.838  -16.345 0.5000000000
27527  -32.338  -57.981  -16.849 0.5000000000
29817  -35.106  -54.201  -15.210 0.4000000060
29002  -35.507  -55.153  -16.250 0.3000000119
30680  -32.927  -53.316  -14.802 0.4000000060
29000  -32.905  -55.247  -15.516 0.5000000000
30686  -31.979  -53.588  -15.572 0.4000000060
28280  -27.103  -56.366  -18.489 0.6000000238
27533  -27.321  -57.288  -18.822 0.6000000238
28281  -28.350  -56.604  -18.762 0.6000000238
121907  -29.136  -56.157  -18.594 0.6000000238
28282  -29.534  -56.868  -18.808 0.6000000238
28992  -36.787  -54.956  -15.399 0.3000000119
29005  -37.365  -55.303  -16.840 0.4000000060
27536  -30.162  -57.365  -18.579 0.6000000238
29808  -36.469  -54.561  -15.187 0.3000000119
28275  -30.642  -56.925  -17.907 0.6000000238
26699  -31.186  -58.141  -17.611 0.6999999881
29806  -35.533  -53.908  -14.707 0.3000000119
29818  -36.150  -54.411  -15.462 0.3000000119
27525  -30.875  -57.482  -17.744 0.6000000238
139907  -33.521  -52.416  -13.918 0.3000000119
122902  -33.867  -53.035  -14.192 0.3000000119
29014  -31.520  -55.513  -18.227 0.5000000000
28276  -31.330  -56.894  -17.420 0.5000000000
32244  -32.828  -51.749  -14.271 0.3000000119
28267  -31.768  -56.482  -16.806 0.5000000000
29010  -32.237  -55.960  -16.130 0.5000000000
142060  -32.123  -51.339  -14.851 0.3000000119
29009  -31.536  -55.686  -17.171 0.5000000000
31500  -31.738  -52.815  -15.774 0.4000000060
31501  -31.983  -52.143  -15.072 0.3000000119
120476  -27.428  -55.008  -18.084 0.5000000000
29017  -28.109  -55.717  -18.483 0.6000000238
28283  -30.337  -56.493  -18.453 0.6000000238
120311  -30.559  -55.481  -18.572 0.5000000000
33025  -34.037  -50.330  -13.380 0.3000000119
136659  -33.842  -49.633  -13.865 0.3000000119
32245  -33.401  -51.008  -13.733 0.3000000119
28284  -31.103  -56.091  -18.157 0.6000000238
124570  -31.380  -56.157  -17.680 0.5000000000
30691  -31.858  -53.793  -17.458 0.5000000000
31507  -31.672  -52.813  -16.455 0.4000000060
33057  -32.955  -51.195  -17.485 0.4000000060
29834  -28.658  -54.891  -18.311 0.5000000000
30698  -30.051  -53.418  -18.257 0.5000000000
120055  -29.440  -55.524  -18.505 0.5000000000
29835  -30.072  -54.902  -18.503 0.5000000000
33792  -35.682  -49.365  -12.664 0.3000000119
33791  -34.584  -49.767  -12.994 0.3000000119
29019  -30.767  -55.890  -18.448 0.6000000238
29020  -31.303  -55.435  -18.479 0.6000000238
29837  -31.830  -54.856  -18.734 0.5000000000
137001  -31.781  -55.176  -18.188 0.5000000000
33041  -31.757  -51.008  -16.156 0.4000000060
33051  -33.310  -50.188  -17.222 0.4000000060
31517  -29.903  -52.584  -17.942 0.5000000000
31518  -30.979  -53.113  -18.722 0.5000000000
33784  -35.855  -49.544  -12.011 0.4000000060
34639  -36.427  -49.065  -12.130 0.4000000060
139312  -30.911  -54.235  -18.678 0.5000000000
30699  -31.976  -53.995  -19.221 0.5000000000
34647  -36.446  -48.719  -12.982 0.4000000060
34646  -35.620  -48.934  -13.523 0.3000000119
31519  -32.145  -53.171  -19.435 0.4000000060
34657  -34.783  -48.789  -14.512 0.3000000119
122332  -31.865  -54.615  -18.998 0.5000000000
29838  -32.267  -54.296  -18.966 0.4000000060
30697  -32.806  -54.054  -18.841 0.4000000060
33058  -34.108  -51.297  -18.315 0.4000000060
32263  -29.637  -51.635  -17.657 0.5000000000
32267  -30.447  -52.087  -18.298 0.5000000000
120878  -36.410  -48.558  -12.097 0.4000000060
32268  -31.343  -52.240  -18.796 0.4000000060
34640  -36.660  -48.415  -12.743 0.4000000060
34648  -37.104  -48.208  -13.373 0.4000000060
32269  -32.236  -52.485  -19.457 0.4000000060
31523  -32.983  -53.009  -19.917 0.4000000060
34658  -36.547  -48.599  -14.050 0.4000000060
30700  -32.849  -53.614  -19.472 0.4000000060
30701  -33.786  -53.313  -19.964 0.4000000060
135091  -34.051  -53.349  -19.901 0.4000000060
31516  -33.655  -53.010  -19.002 0.4000000060
31521  -34.380  -52.931  -19.790 0.4000000060
33818  -34.706  -49.419  -17.588 0.4000000060
33059  -34.434  -50.316  -17.948 0.4000000060
129756  -30.573  -50.235  -17.766 0.4000000060
36390  -34.994  -46.542  -12.304 0.4000000060
36395  -35.609  -46.789  -12.919 0.4000000060
32264  -30.664  -51.211  -18.163 0.5000000000
33827  -31.956  -49.930  -18.392 0.4000000060
32270  -32.926  -52.143  -19.706 0.4000000060
35526  -37.402  -47.885  -13.754 0.4000000060
133786  -33.826  -52.193  -20.171 0.4000000060
32273  -33.878  -52.904  -20.200 0.4000000060
34677  -35.656  -48.558  -16.778 0.3000000119
32271  -34.779  -52.213  -19.564 0.4000000060
33823  -31.251  -49.621  -17.818 0.5000000000
138861  -31.925  -49.260  -18.022 0.4000000060
141628  -35.349  -45.927  -13.218 0.4000000060
33061  -32.282  -50.874  -18.813 0.4000000060
138992  -32.665  -50.260  -18.849 0.4000000060
33062  -33.186  -51.158  -19.438 0.4000000060
33066  -34.201  -51.384  -19.873 0.4000000060
32274  -34.718  -52.439  -20.138 0.4000000060
32275  -35.556  -52.049  -20.071 0.4000000060
34684  -35.709  -49.292  -17.808 0.4000000060
33829  -36.049  -50.785  -19.752 0.4000000060
33825  -36.320  -50.253  -18.981 0.4000000060
34688  -31.537  -48.805  -17.561 0.4000000060
34683  -32.293  -48.556  -17.899 0.4000000060
143042  -32.794  -48.216  -17.984 0.4000000060
124578  -33.078  -48.707  -18.411 0.4000000060
33828  -33.693  -49.531  -19.019 0.4000000060
34695  -34.778  -49.663  -19.535 0.4000000060
118793  -36.552  -48.704  -17.492 0.4000000060
33835  -36.212  -50.397  -19.949 0.4000000060
121308  -35.884  -49.800  -19.815 0.4000000060
33065  -36.187  -50.527  -19.893 0.4000000060
33836  -36.665  -49.804  -19.708 0.4000000060
36430  -32.310  -46.677  -17.403 0.4000000060
35552  -32.496  -47.659  -17.635 0.4000000060
120202  -33.204  -47.159  -17.618 0.4000000060
35553  -33.910  -47.452  -17.957 0.4000000060
34690  -34.004  -48.758  -18.775 0.4000000060
35554  -34.705  -47.347  -18.130 0.4000000060
34691  -35.021  -48.818  -19.226 0.4000000060
35559  -36.381  -48.042  -19.116 0.4000000060
34685  -37.594  -49.026  -18.562 0.3000000119
35564  -37.846  -48.818  -19.697 0.4000000060
33831  -37.341  -49.566  -19.479 0.4000000060
36429  -31.761  -47.089  -17.451 0.4000000060
37364  -33.079  -45.420  -16.483 0.4000000060
37371  -33.592  -46.051  -16.856 0.4000000060
36431  -34.024  -46.684  -17.558 0.4000000060
36437  -35.629  -47.240  -18.461 0.4000000060
143644  -38.318  -48.138  -16.867 0.4000000060
34686  -38.334  -48.327  -18.279 0.3000000119
128731  -38.035  -48.803  -19.621 0.5000000000
119033  -38.414  -48.277  -19.081 0.4000000060
35560  -37.420  -47.913  -19.389 0.5000000000
38250  -33.033  -44.300  -15.514 0.4000000060
38261  -33.518  -44.815  -15.979 0.4000000060
38262  -34.498  -44.686  -16.031 0.4000000060
37365  -34.023  -45.384  -16.387 0.4000000060
119793  -36.499  -47.178  -18.840 0.4000000060
36439  -37.895  -47.036  -18.825 0.5000000000
39077  -33.136  -42.966  -14.688 0.4000000060
39078  -34.018  -42.893  -14.761 0.4000000060
39096  -34.378  -43.469  -15.278 0.4000000060
36438  -37.004  -46.652  -18.865 0.4000000060
37376  -38.462  -46.266  -18.689 0.5000000000
40786  -33.220  -41.440  -13.860 0.4000000060
40787  -33.988  -41.408  -14.348 0.4000000060
39952  -34.448  -42.099  -14.732 0.4000000060
38271  -38.008  -45.238  -18.569 0.5000000000
44081  -33.243  -37.589  -13.412 0.4000000060
41599  -33.124  -40.577  -13.620 0.4000000060
133653  -33.402  -39.018  -13.489 0.4000000060
41609  -33.604  -40.789  -14.080 0.4000000060
43283  -34.081  -38.984  -14.158 0.4000000060
42476  -34.472  -39.672  -14.791 0.5000000000
42467  -33.006  -39.740  -13.440 0.4000000060
29825  -31.626  -54.419  -17.205 0.5000000000
31514  -31.934  -52.845  -17.237 0.5000000000
32258  -32.066  -51.217  -16.888 0.4000000060
23401  -38.828  -62.495  -19.985 0.5000000000
133537  -35.086  -62.313  -19.175 0.8000000119
134025  -34.177  -61.951  -19.676 0.8000000119
22601  -39.342  -63.476  -18.639 0.5000000000
128828  -32.360  -61.937  -21.130 0.6999999881
22589  -38.614  -63.543  -17.953 0.5000000000
24198  -30.818  -62.092  -20.592 0.6999999881
24180  -38.642  -61.887  -17.811 0.4000000060
23384  -39.122  -62.729  -18.123 0.4000000060
25013  -30.248  -60.602  -19.544 0.6999999881
26716  -28.343  -58.854  -19.602 0.6999999881
24179  -37.829  -61.190  -17.492 0.4000000060
24997  -37.178  -60.713  -16.897 0.4000000060
25863  -26.502  -59.385  -19.425 0.6000000238
26689  -36.623  -58.563  -15.843 0.4000000060
28279  -26.446  -56.788  -18.247 0.6000000238
142160  -26.116  -56.141  -18.177 0.5000000000
29829  -27.739  -54.231  -17.882 0.5000000000
30696  -29.111  -53.069  -17.677 0.5000000000
31513  -29.064  -52.316  -17.546 0.4000000060
33822  -30.563  -49.610  -17.449 0.4000000060
137999  -30.549  -48.576  -16.809 0.4000000060
35550  -31.054  -48.405  -17.230 0.4000000060
35543  -31.180  -47.055  -17.184 0.4000000060
36424  -31.866  -46.007  -17.086 0.4000000060
37363  -32.138  -45.314  -16.803 0.4000000060
39094  -32.599  -43.655  -15.210 0.4000000060
39950  -32.776  -42.267  -14.260 0.4000000060
44080  -32.602  -37.517  -12.990 0.4000000060
23398  -35.961  -62.400  -19.168 0.8000000119
24202  -34.804  -60.922  -20.518 0.8000000119
142868  -39.390  -61.286  -18.871 0.5000000000
23408  -33.298  -61.718  -20.649 0.6999999881
25006  -33.224  -60.208  -18.969 0.6999999881
25861  -38.961  -59.333  -19.297 0.6000000238
25869  -35.655  -59.282  -19.779 0.6999999881
27531  -38.599  -57.106  -19.031 0.6000000238
26704  -36.437  -57.582  -18.484 0.6000000238
27529  -37.939  -56.303  -18.192 0.5000000000
27541  -28.909  -58.063  -19.408 0.6000000238
28257  -37.026  -55.625  -15.692 0.3000000119
29826  -31.918  -55.132  -16.198 0.5000000000
29831  -32.109  -54.637  -18.593 0.5000000000
30685  -31.618  -53.575  -16.435 0.5000000000
32266  -33.891  -52.293  -18.687 0.4000000060
33817  -33.786  -49.224  -16.962 0.4000000060
33063  -35.815  -51.651  -19.959 0.4000000060
33067  -35.396  -51.611  -20.273 0.4000000060
35551  -31.600  -47.906  -17.386 0.4000000060
34696  -36.755  -49.596  -19.808 0.4000000060
41610  -34.343  -40.548  -14.520 0.4000000060
17401  -26.931  -69.863  -22.491 0.4000000060
17411  -27.640  -69.544  -23.001 0.4000000060
18186  -29.625  -69.649  -22.422 0.4000000060
138379  -29.985  -69.606  -23.136 0.4000000060
18179  -29.336  -69.962  -21.385 0.4000000060
18187  -30.464  -69.468  -22.540 0.4000000060
118887  -31.053  -69.424  -21.707 0.4000000060
18913  -32.570  -68.818  -22.315 0.5000000000
18180  -30.212  -69.651  -21.446 0.4000000060
18181  -31.659  -69.286  -21.110 0.5000000000
138627  -32.258  -68.917  -21.579 0.5000000000
18908  -32.918  -68.675  -21.447 0.6000000238
17394  -29.076  -70.381  -20.349 0.4000000060
18172  -29.934  -69.988  -20.414 0.4000000060
18174  -31.357  -69.474  -19.510 0.4000000060
23383  -38.148  -62.800  -17.643 0.3000000119
24178  -37.503  -62.040  -17.468 0.4000000060
24989  -36.239  -60.165  -15.873 0.3000000119
18914  -33.576  -68.695  -22.377 0.5000000000
21053  -38.658  -65.750  -19.540 0.5000000000
21784  -38.145  -64.353  -17.779 0.4000000060
18153  -31.166  -69.381  -17.639 0.4000000060
130652  -31.661  -69.289  -20.263 0.5000000000
18182  -32.291  -69.062  -20.658 0.5000000000
17383  -30.198  -70.141  -18.557 0.4000000060
18173  -30.506  -69.834  -19.478 0.4000000060
18909  -33.738  -68.432  -21.229 0.6000000238
18902  -34.537  -67.964  -21.188 0.6000000238
19626  -35.131  -67.453  -20.966 0.6999999881
21049  -39.155  -64.973  -19.158 0.5000000000
19630  -35.186  -67.864  -21.635 0.6999999881
19628  -36.510  -67.260  -21.133 0.6999999881
21055  -38.353  -65.571  -20.216 0.6999999881
19627  -35.796  -67.315  -21.258 0.6999999881
20343  -37.064  -66.592  -20.727 0.6999999881
18175  -32.186  -69.143  -19.628 0.5000000000
18900  -33.032  -68.764  -20.143 0.6000000238
18901  -33.849  -68.263  -20.154 0.6000000238
19623  -34.926  -67.381  -19.635 0.6000000238
18889  -31.727  -69.079  -18.071 0.4000000060
18165  -31.784  -69.330  -18.891 0.5000000000
18891  -33.294  -68.466  -19.070 0.6000000238
139552  -34.512  -67.768  -20.244 0.6000000238
19624  -35.708  -66.953  -20.538 0.6000000238
25836  -36.680  -59.478  -16.140 0.3000000119
20342  -36.441  -66.778  -20.887 0.6999999881
128245  -38.687  -65.027  -19.821 0.6000000238
22602  -39.505  -63.511  -19.148 0.5000000000
19601  -32.059  -67.893  -16.888 0.6000000238
136664  -32.576  -67.816  -17.480 0.6000000238
19603  -33.018  -67.373  -17.708 0.6999999881
19612  -33.543  -67.669  -18.409 0.6000000238
19613  -34.348  -67.177  -18.620 0.6000000238
20334  -35.308  -66.640  -19.030 0.6000000238
18880  -32.257  -68.436  -17.658 0.5000000000
18890  -32.415  -68.815  -18.659 0.6000000238
20340  -36.239  -66.388  -19.878 0.6000000238
21051  -36.599  -65.692  -19.703 0.6999999881
21052  -37.381  -65.235  -20.191 0.6999999881
20341  -36.968  -66.097  -20.497 0.6999999881
22612  -38.875  -63.507  -19.804 0.6000000238
21807  -37.801  -64.563  -20.273 0.6999999881
19602  -32.497  -67.174  -17.146 0.6000000238
20326  -32.870  -66.471  -17.393 0.6999999881
134289  -33.540  -66.000  -17.645 0.6999999881
20327  -33.622  -66.867  -17.928 0.6999999881
21045  -35.174  -65.667  -18.444 0.6000000238
133311  -38.074  -63.059  -20.172 0.5000000000
21046  -36.091  -65.319  -18.907 0.6999999881
21047  -36.746  -65.038  -19.439 0.6999999881
22611  -37.975  -63.901  -20.248 0.6000000238
21781  -33.271  -64.162  -17.662 0.6999999881
136714  -34.515  -62.723  -18.752 0.6999999881
21033  -33.290  -65.072  -17.446 0.6999999881
21796  -34.598  -64.677  -18.155 0.6000000238
22599  -34.839  -63.730  -18.421 0.5000000000
21034  -34.156  -65.421  -17.869 0.6999999881
21798  -36.404  -64.558  -18.914 0.6999999881
22610  -37.268  -63.484  -19.660 0.5000000000
21806  -37.251  -64.364  -19.734 0.6000000238
134575  -33.620  -62.515  -18.902 0.6999999881
23397  -33.093  -62.214  -20.374 0.6999999881
22609  -36.391  -63.226  -19.045 0.6000000238
23392  -35.477  -63.043  -18.736 0.6999999881
139651  -39.018  -64.809  -18.688 0.5000000000
22600  -35.941  -63.883  -18.648 0.6000000238
18185  -28.616  -69.783  -22.458 0.4000000060
18907  -31.833  -69.128  -22.111 0.4000000060
17388  -29.613  -70.272  -19.446 0.4000000060
128890  -30.887  -69.555  -20.515 0.4000000060
18164  -31.070  -69.639  -18.545 0.4000000060
21054  -37.661  -65.859  -20.447 0.6999999881
19622  -34.075  -67.813  -19.316 0.6000000238
19611  -32.909  -68.173  -18.110 0.6000000238
20328  -34.387  -66.356  -18.166 0.6000000238
21782  -33.878  -64.623  -17.741 0.6999999881
21797  -35.509  -64.685  -18.532 0.6000000238
23391  -34.036  -63.181  -18.366 0.6000000238
137040  -32.928  -65.713  -17.344 0.5000000000
18141  -31.580  -68.812  -17.023 0.4000000060
19591  -32.014  -67.133  -16.679 0.5000000000
21780  -32.473  -64.513  -17.406 0.6000000238
18871  -31.425  -68.214  -16.373 0.4000000060
18864  -30.955  -67.903  -15.801 0.5000000000
19590  -31.518  -67.483  -16.308 0.5000000000
127282  -31.604  -65.828  -16.570 0.5000000000
21031  -31.997  -65.104  -16.960 0.5000000000
21779  -31.469  -64.430  -17.267 0.5000000000
21021  -32.408  -65.788  -17.005 0.5000000000
22586  -32.640  -63.763  -17.810 0.5000000000
22585  -31.933  -63.790  -17.858 0.5000000000
22608  -32.076  -63.048  -19.272 0.6999999881
22596  -31.602  -63.419  -18.616 0.6000000238
23396  -32.116  -62.588  -20.491 0.6000000238
18863  -30.345  -68.330  -15.380 0.5000000000
20306  -30.956  -67.076  -15.782 0.5000000000
21020  -30.717  -65.529  -16.310 0.5000000000
21778  -30.619  -64.117  -17.665 0.5000000000
21766  -31.277  -65.058  -16.685 0.5000000000
23390  -32.743  -62.639  -19.097 0.6000000238
22595  -30.745  -63.590  -18.678 0.6000000238
22607  -31.437  -63.307  -19.823 0.5000000000
124368  -31.816  -62.181  -21.044 0.6000000238
19582  -30.367  -67.494  -15.303 0.5000000000
21019  -29.785  -65.354  -16.308 0.5000000000
21765  -30.517  -64.748  -16.817 0.5000000000
23407  -32.558  -62.031  -21.074 0.6000000238
22606  -30.615  -63.527  -19.982 0.5000000000
126087  -30.942  -62.655  -20.633 0.6000000238
18852  -29.899  -67.922  -14.769 0.5000000000
21011  -30.101  -65.954  -15.658 0.5000000000
21018  -28.734  -65.423  -16.616 0.5000000000
21029  -28.343  -65.247  -17.727 0.5000000000
21044  -27.583  -65.302  -18.798 0.6000000238
21777  -29.263  -64.625  -17.889 0.4000000060
21791  -26.917  -65.023  -19.644 0.4000000060
21776  -28.629  -64.762  -18.587 0.5000000000
21793  -29.123  -64.219  -19.168 0.5000000000
138393  -29.971  -64.465  -17.463 0.4000000060
21809  -26.163  -64.371  -20.121 0.4000000060
21810  -26.836  -64.059  -20.627 0.5000000000
21805  -28.470  -64.058  -20.008 0.5000000000
23395  -26.000  -62.662  -20.119 0.4000000060
22616  -29.371  -63.240  -20.520 0.6000000238
22617  -30.384  -63.234  -20.398 0.6000000238
23406  -30.038  -62.681  -20.559 0.6000000238
24188  -29.907  -61.337  -20.123 0.6000000238
127251  -27.435  -64.430  -20.171 0.5000000000
24194  -26.372  -61.972  -20.380 0.5000000000
24195  -27.195  -61.919  -20.543 0.5000000000
23404  -27.824  -62.718  -20.951 0.5000000000
25009  -25.855  -60.778  -19.971 0.4000000060
25010  -26.189  -60.197  -19.717 0.5000000000
24196  -28.347  -61.955  -20.627 0.6000000238
23405  -28.907  -62.687  -20.707 0.6000000238
25020  -28.782  -61.223  -20.172 0.6000000238
132689  -27.005  -60.421  -20.118 0.5000000000
27523  -26.373  -57.116  -18.102 0.3000000119
125606  -26.216  -58.935  -18.776 0.4000000060
121203  -26.132  -60.081  -19.533 0.4000000060
25862  -26.123  -59.526  -19.190 0.5000000000
25019  -27.586  -61.116  -20.357 0.5000000000
131357  -28.426  -59.751  -19.688 0.6000000238
33055  -29.826  -50.716  -17.472 0.3000000119
31512  -28.140  -52.602  -17.374 0.3000000119
30695  -27.964  -53.396  -17.623 0.4000000060
143678  -26.797  -54.483  -17.689 0.4000000060
34675  -29.865  -48.734  -16.286 0.3000000119
36422  -31.135  -46.307  -16.739 0.3000000119
129404  -30.742  -47.040  -16.690 0.3000000119
37362  -31.467  -45.425  -16.719 0.3000000119
38259  -31.652  -44.747  -16.531 0.3000000119
38249  -32.057  -44.243  -15.875 0.3000000119
39966  -32.208  -42.967  -14.864 0.3000000119
40785  -32.409  -41.586  -13.928 0.3000000119
40774  -32.718  -40.993  -13.621 0.3000000119
138740  -26.358  -58.385  -18.714 0.5000000000
33821  -29.948  -49.939  -17.179 0.3000000119
22598  -33.226  -63.282  -18.215 0.5000000000
20317  -31.542  -66.695  -16.368 0.5000000000
22594  -29.981  -63.813  -19.245 0.5000000000
24197  -29.497  -62.016  -20.481 0.6000000238
21048  -38.649  -65.563  -18.668 0.3000000119
19629  -37.292  -67.150  -20.722 0.6000000238
20344  -37.814  -66.583  -20.412 0.6000000238
22576  -35.553  -63.712  -16.763 0.3000000119
22577  -36.456  -63.900  -17.305 0.3000000119
23382  -37.031  -62.901  -17.375 0.3000000119
21769  -36.506  -64.832  -17.226 0.3000000119
22588  -37.604  -63.689  -17.570 0.3000000119
19625  -37.937  -67.302  -19.915 0.6000000238
20336  -38.490  -66.348  -19.000 0.5000000000
22575  -34.778  -63.614  -16.375 0.3000000119
23375  -35.216  -62.807  -16.528 0.3000000119
22587  -35.986  -62.846  -17.163 0.3000000119
23377  -36.563  -62.063  -17.185 0.3000000119
21783  -37.239  -64.577  -17.473 0.3000000119
21036  -37.851  -65.038  -17.654 0.3000000119
20330  -38.086  -66.400  -18.371 0.4000000060
22568  -33.504  -63.506  -15.360 0.3000000119
23369  -34.468  -62.781  -16.074 0.3000000119
24171  -34.854  -62.080  -16.194 0.3000000119
23376  -35.704  -61.864  -16.624 0.3000000119
17423  -31.280  -70.230  -23.498 0.5000000000
17412  -32.008  -70.234  -23.408 0.5000000000
18196  -28.301  -69.712  -23.360 0.4000000060
18204  -29.983  -69.910  -23.464 0.4000000060
18205  -30.996  -69.898  -23.554 0.4000000060
16703  -30.684  -70.785  -23.170 0.5000000000
18201  -33.898  -69.369  -22.559 0.5000000000
17413  -32.667  -70.251  -22.899 0.5000000000
18199  -31.508  -69.614  -23.350 0.5000000000
17424  -32.243  -69.961  -23.387 0.5000000000
18198  -30.716  -69.607  -23.321 0.4000000060
18190  -35.598  -69.320  -21.476 0.6000000238
18189  -34.731  -69.289  -22.180 0.6000000238
18919  -34.260  -68.790  -22.372 0.5000000000
133639  -32.910  -69.590  -22.835 0.5000000000
18188  -31.269  -69.310  -22.766 0.3000000119
18912  -32.041  -69.239  -22.809 0.4000000060
18917  -32.791  -69.136  -22.693 0.5000000000
18910  -36.884  -68.493  -20.538 0.6000000238
18915  -35.106  -68.449  -21.969 0.6000000238
18918  -33.522  -69.044  -22.619 0.5000000000
18911  -37.399  -67.925  -20.203 0.6000000238
21035  -37.090  -65.509  -17.373 0.3000000119
19605  -37.662  -67.077  -18.121 0.4000000060
18916  -36.433  -68.070  -21.254 0.6000000238
121379  -34.548  -68.350  -22.060 0.4000000060
21024  -36.191  -65.503  -16.788 0.3000000119
21768  -35.815  -64.648  -16.811 0.3000000119
130379  -37.986  -65.687  -17.908 0.3000000119
19614  -38.157  -67.184  -18.919 0.5000000000
19631  -35.751  -67.839  -21.444 0.6000000238
133845  -36.915  -67.698  -20.915 0.6000000238
18191  -35.868  -68.496  -21.472 0.6000000238
20329  -37.353  -66.486  -17.573 0.3000000119
18183  -36.061  -69.806  -20.639 0.5000000000
18176  -36.093  -69.900  -19.661 0.5000000000
18903  -37.166  -68.685  -19.657 0.5000000000
18167  -36.609  -69.265  -19.193 0.4000000060
18892  -37.019  -68.576  -18.681 0.5000000000
17390  -35.459  -70.366  -20.187 0.5000000000
18166  -36.003  -69.708  -18.652 0.4000000060
18155  -36.611  -68.719  -17.872 0.4000000060
143638  -36.943  -68.287  -18.076 0.4000000060
18904  -37.665  -67.986  -19.264 0.5000000000
17405  -35.152  -69.832  -21.543 0.5000000000
17397  -35.463  -70.263  -21.070 0.5000000000
18893  -37.412  -67.824  -18.302 0.4000000060
13415  -26.574  -75.573  -20.637 0.3000000119
12536  -26.608  -76.299  -21.007 0.3000000119
13416  -27.158  -75.828  -20.326 0.3000000119
14308  -27.555  -74.702  -19.785 0.3000000119
14309  -28.154  -74.762  -19.371 0.4000000060
14318  -26.984  -74.966  -20.162 0.3000000119
15188  -26.911  -74.059  -20.546 0.3000000119
13399  -28.717  -75.136  -18.839 0.4000000060
15176  -28.491  -73.855  -19.405 0.4000000060
15175  -27.827  -73.990  -19.751 0.3000000119
15196  -27.082  -73.268  -21.024 0.3000000119
15161  -29.476  -73.957  -18.318 0.4000000060
132665  -29.724  -73.146  -19.081 0.4000000060
15190  -28.330  -73.237  -20.090 0.4000000060
15189  -27.624  -73.429  -20.522 0.4000000060
15967  -27.667  -72.767  -21.409 0.4000000060
15959  -28.294  -72.742  -20.982 0.4000000060
15148  -30.974  -73.226  -17.004 0.3000000119
15162  -30.010  -73.443  -18.138 0.4000000060
15946  -30.446  -72.748  -18.775 0.4000000060
15960  -29.477  -72.580  -19.936 0.4000000060
143391  -29.766  -72.216  -21.002 0.4000000060
15968  -28.905  -72.187  -21.500 0.4000000060
15940  -31.949  -72.062  -17.225 0.3000000119
15947  -31.117  -72.368  -18.465 0.4000000060
125015  -30.963  -72.148  -19.275 0.4000000060
15955  -31.255  -71.791  -20.070 0.4000000060
16684  -31.607  -71.488  -21.004 0.4000000060
15961  -30.704  -71.711  -20.829 0.4000000060
16683  -31.083  -71.427  -21.595 0.4000000060
16689  -29.468  -71.580  -22.127 0.4000000060
16668  -32.447  -71.509  -18.685 0.4000000060
16675  -31.737  -71.740  -19.238 0.4000000060
119580  -32.442  -71.289  -21.217 0.4000000060
15969  -30.339  -71.523  -21.783 0.4000000060
15976  -28.606  -71.644  -22.547 0.4000000060
16676  -32.683  -71.393  -19.634 0.4000000060
123028  -32.977  -71.251  -20.510 0.4000000060
16693  -32.556  -71.085  -21.835 0.4000000060
16692  -31.859  -71.222  -22.004 0.4000000060
16690  -30.087  -71.258  -22.865 0.4000000060
16704  -31.560  -70.794  -22.971 0.4000000060
16677  -33.540  -71.193  -19.979 0.4000000060
17395  -34.154  -70.860  -21.035 0.4000000060
17414  -33.500  -70.091  -22.535 0.4000000060
17385  -35.249  -70.317  -19.118 0.4000000060
16678  -34.217  -70.968  -20.325 0.4000000060
17396  -34.872  -70.736  -20.714 0.4000000060
18154  -36.088  -69.443  -17.590 0.3000000119
18143  -36.372  -68.821  -17.038 0.3000000119
16705  -32.262  -70.783  -22.524 0.4000000060
17389  -34.710  -70.704  -19.882 0.4000000060
18881  -36.767  -68.088  -17.469 0.3000000119
17404  -34.696  -70.310  -21.540 0.4000000060
15160  -29.037  -73.832  -18.921 0.4000000060
15177  -28.974  -73.142  -19.619 0.4000000060
118862  -28.946  -72.656  -20.532 0.4000000060
15939  -31.295  -72.547  -17.518 0.4000000060
15938  -30.602  -72.973  -17.809 0.4000000060
15925  -31.526  -72.680  -16.547 0.3000000119
15954  -30.301  -72.266  -19.814 0.4000000060
133767  -32.353  -71.676  -17.871 0.3000000119
15948  -31.790  -71.979  -18.168 0.4000000060
119943  -32.159  -71.524  -20.324 0.4000000060
16669  -33.252  -71.192  -19.089 0.4000000060
132753  -33.654  -71.081  -20.624 0.4000000060
16691  -30.955  -71.175  -22.456 0.4000000060
16694  -33.021  -70.733  -22.169 0.4000000060
14275  -30.744  -74.529  -16.971 0.3000000119
13401  -30.053  -75.714  -17.971 0.3000000119
12503  -29.621  -76.065  -18.554 0.3000000119
13400  -29.418  -75.320  -18.352 0.3000000119
14290  -30.171  -74.611  -17.539 0.3000000119
12502  -28.920  -75.837  -18.914 0.3000000119
14289  -29.628  -74.637  -18.009 0.3000000119
15147  -30.430  -73.837  -17.387 0.3000000119
15146  -29.860  -74.072  -17.807 0.3000000119
131048  -32.995  -71.285  -18.141 0.3000000119
121017  -33.854  -70.933  -18.540 0.3000000119
135122  -34.461  -70.684  -19.127 0.3000000119
17376  -35.219  -69.932  -17.996 0.3000000119
16670  -34.036  -70.982  -19.553 0.3000000119
14300  -28.681  -74.471  -18.956 0.4000000060
14301  -29.134  -74.590  -18.519 0.4000000060
17403  -33.855  -70.571  -21.836 0.4000000060
18177  -36.657  -69.304  -20.142 0.5000000000
18184  -36.387  -68.991  -21.028 0.6000000238
18197  -29.216  -69.659  -23.253 0.4000000060
18200  -32.197  -69.679  -23.236 0.5000000000
18203  -28.965  -69.957  -23.551 0.4000000060
18206  -31.765  -69.954  -23.558 0.5000000000
19572  -29.754  -67.131  -14.882 0.5000000000
19615  -38.328  -66.585  -19.677 0.5000000000
20305  -30.289  -66.709  -15.397 0.5000000000
20316  -30.911  -66.278  -15.951 0.5000000000
20318  -32.203  -66.486  -16.817 0.5000000000
20335  -35.889  -65.994  -19.103 0.6999999881
20345  -38.299  -66.096  -20.208 0.6999999881
21030  -29.459  -64.851  -17.003 0.5000000000
21032  -32.625  -65.235  -17.209 0.5000000000
21037  -38.467  -64.963  -18.122 0.4000000060
21785  -38.812  -64.222  -18.359 0.5000000000
21792  -28.057  -64.741  -19.481 0.5000000000
21794  -29.849  -64.109  -18.307 0.4000000060
21795  -34.016  -63.884  -17.917 0.6000000238
21799  -39.392  -64.243  -18.946 0.5000000000
21800  -39.140  -64.306  -19.404 0.5000000000
21804  -27.833  -63.793  -20.663 0.5000000000
21808  -38.462  -64.403  -20.083 0.6000000238
21811  -38.037  -65.073  -20.385 0.6999999881
22569  -34.131  -63.534  -15.917 0.3000000119
22584  -31.246  -63.785  -17.971 0.5000000000
22597  -32.341  -63.297  -18.462 0.5000000000
22604  -28.719  -63.562  -20.443 0.5000000000
22605  -29.559  -63.679  -20.047 0.6000000238
22613  -26.376  -63.376  -20.505 0.4000000060
22614  -27.302  -63.355  -20.986 0.5000000000
22615  -28.329  -63.248  -20.874 0.6000000238
22618  -31.265  -62.919  -20.525 0.5000000000
23402  -26.230  -62.468  -20.358 0.5000000000
23403  -26.810  -62.681  -20.789 0.5000000000
23410  -36.973  -61.639  -20.282 0.6000000238
23411  -37.823  -61.424  -20.304 0.6000000238
24183  -25.906  -61.550  -19.947 0.4000000060
24185  -39.141  -61.064  -18.491 0.4000000060
24186  -39.458  -61.924  -19.093 0.5000000000
24187  -25.984  -61.657  -20.099 0.4000000060
24190  -35.201  -61.591  -19.886 0.8000000119
24191  -36.270  -61.827  -19.728 0.8000000119
24996  -36.683  -60.293  -16.364 0.4000000060
25008  -39.311  -61.099  -19.394 0.6000000238
25011  -28.064  -60.387  -20.037 0.6000000238
25017  -38.957  -60.114  -19.685 0.6000000238
25018  -26.225  -61.073  -20.238 0.5000000000
25022  -33.410  -60.893  -20.577 0.6999999881
25024  -35.584  -60.401  -20.321 0.8000000119
25847  -31.214  -58.982  -17.818 0.6999999881
25853  -26.088  -59.567  -18.933 0.4000000060
25858  -33.501  -59.648  -18.220 0.6999999881
25860  -35.355  -59.003  -19.150 0.6000000238
25865  -29.154  -59.516  -19.414 0.6999999881
25868  -34.713  -59.542  -19.680 0.6000000238
25871  -38.685  -58.864  -19.820 0.6000000238
25874  -36.484  -59.851  -20.263 0.8000000119
26695  -34.132  -58.017  -17.035 0.5000000000
26697  -26.423  -58.136  -18.284 0.3000000119
26700  -31.857  -58.433  -17.369 0.5000000000
26702  -33.511  -58.678  -17.269 0.6000000238
26707  -26.269  -58.842  -19.081 0.5000000000
26708  -29.769  -58.327  -18.782 0.6000000238
26714  -38.596  -58.052  -19.320 0.6000000238
26719  -37.589  -58.448  -19.840 0.6999999881
26720  -38.429  -58.087  -19.607 0.6000000238
27511  -37.206  -56.473  -16.019 0.3000000119
27516  -32.061  -57.222  -16.791 0.5000000000
27522  -37.907  -56.116  -16.897 0.5000000000
27532  -26.522  -57.677  -18.474 0.6000000238
27538  -38.321  -56.762  -18.811 0.6000000238
27540  -27.874  -58.038  -19.400 0.6000000238
28262  -33.306  -56.098  -15.698 0.5000000000
28273  -37.821  -55.650  -17.139 0.5000000000
29003  -35.812  -54.639  -15.894 0.5000000000
29004  -37.164  -55.013  -16.217 0.4000000060
29012  -37.020  -54.945  -16.500 0.5000000000
29016  -26.741  -55.684  -18.224 0.5000000000
29018  -30.037  -56.090  -18.573 0.5000000000
29805  -34.166  -53.708  -14.637 0.4000000060
29814  -31.665  -54.289  -16.356 0.5000000000
29815  -32.403  -54.453  -15.542 0.5000000000
29816  -33.590  -54.405  -15.132 0.3000000119
29819  -36.799  -54.651  -15.886 0.3000000119
29827  -36.594  -54.668  -16.091 0.3000000119
29830  -29.258  -54.064  -18.022 0.5000000000
29833  -26.571  -55.138  -17.784 0.4000000060
29836  -31.305  -55.008  -18.788 0.6000000238
30681  -34.979  -53.405  -14.165 0.3000000119
31492  -32.838  -52.598  -14.549 0.4000000060
31515  -32.958  -53.583  -18.419 0.4000000060
31520  -33.404  -53.527  -19.380 0.4000000060
31522  -34.877  -52.449  -20.041 0.4000000060
31524  -34.341  -53.060  -20.050 0.4000000060
32251  -31.779  -51.488  -15.545 0.3000000119
32257  -31.866  -51.947  -16.438 0.4000000060
32262  -28.523  -51.842  -17.196 0.3000000119
32265  -32.694  -52.314  -17.737 0.5000000000
32272  -35.476  -52.100  -20.040 0.4000000060
33050  -32.338  -50.365  -16.503 0.4000000060
33056  -31.341  -50.502  -18.297 0.5000000000
33060  -31.765  -51.524  -18.827 0.4000000060
33064  -35.872  -51.274  -20.105 0.4000000060
33783  -35.282  -50.023  -12.172 0.4000000060
33790  -34.646  -49.258  -13.650 0.3000000119
33816  -30.219  -49.260  -16.905 0.4000000060
33824  -35.614  -50.549  -18.877 0.4000000060
33826  -36.815  -49.634  -18.680 0.4000000060
33830  -36.564  -50.127  -19.513 0.4000000060
33832  -33.416  -50.297  -19.263 0.4000000060
33833  -34.535  -50.533  -19.752 0.4000000060
33834  -35.682  -50.736  -20.164 0.4000000060
34666  -30.277  -48.160  -16.289 0.3000000119
34676  -34.567  -48.695  -16.667 0.3000000119
34678  -37.489  -48.358  -17.192 0.4000000060
34682  -30.897  -49.055  -17.288 0.4000000060
34687  -38.791  -47.841  -17.436 0.4000000060
34689  -32.654  -49.446  -18.560 0.4000000060
34692  -36.143  -48.891  -19.550 0.4000000060
34693  -38.007  -48.956  -19.451 0.4000000060
34697  -37.529  -49.184  -19.789 0.4000000060
35513  -36.526  -47.876  -12.663 0.4000000060
35542  -30.772  -47.798  -16.869 0.4000000060
35545  -39.111  -47.376  -16.976 0.4000000060
35557  -33.382  -47.992  -18.083 0.4000000060
35558  -34.324  -48.024  -18.551 0.4000000060
35561  -38.338  -48.168  -19.173 0.5000000000
35562  -39.138  -47.415  -18.514 0.4000000060
35563  -37.267  -48.884  -19.922 0.4000000060
36405  -36.851  -46.977  -13.985 0.4000000060
36423  -31.618  -46.587  -17.249 0.4000000060
36433  -36.077  -46.301  -18.390 0.4000000060
37370  -32.651  -46.011  -16.993 0.4000000060
38251  -34.001  -44.206  -15.490 0.4000000060
38260  -32.504  -44.787  -16.288 0.4000000060
39095  -33.510  -43.613  -15.111 0.4000000060
39949  -31.891  -42.216  -14.579 0.3000000119
39951  -33.619  -42.203  -14.354 0.4000000060
41598  -32.493  -40.340  -13.506 0.3000000119
42475  -33.706  -39.930  -13.941 0.4000000060
43271  -32.961  -38.265  -13.186 0.4000000060
120853  -38.042  -56.119  -17.598 0.5000000000
121411  -33.249  -71.018  -21.300 0.4000000060
123032  -36.476  -69.163  -18.393 0.4000000060
123368  -33.120  -46.526  -17.289 0.4000000060
123481  -35.302  -48.043  -18.834 0.4000000060
124712  -27.367  -74.227  -20.127 0.3000000119
125715  -37.583  -46.132  -18.726 0.4000000060
126833  -38.089  -56.336  -18.092 0.6000000238
127172  -35.154  -51.450  -19.268 0.4000000060
128165  -39.256  -61.903  -18.416 0.4000000060
128406  -32.608  -50.736  -14.462 0.3000000119
131819  -27.610  -75.413  -19.771 0.3000000119
132776  -38.669  -60.973  -17.939 0.4000000060
133426  -35.637  -47.442  -12.071 0.4000000060
134217  -31.715  -52.210  -15.795 0.4000000060
135211  -30.428  -58.847  -18.401 0.6999999881
135552  -26.545  -64.631  -20.119 0.4000000060
137336  -37.060  -48.036  -13.110 0.4000000060
137501  -32.200  -52.891  -15.141 0.3000000119
137665  -34.224  -69.937  -22.270 0.4000000060
139775  -31.704  -61.256  -20.179 0.6999999881
140186  -33.970  -49.189  -14.361 0.3000000119
141818  -36.660  -63.903  -19.070 0.6999999881
142005  -36.174  -58.890  -19.726 0.6999999881
142043  -29.240  -64.428  -18.466 0.5000000000
142632  -32.724  -68.826  -19.341 0.5000000000
142891  -31.572  -54.933  -16.991 0.5000000000
