#!ascii label  , from subject sub-032304 vox2ras=TkReg
1824
33796  -25.138  -49.162  -15.225 0.5000000000
33788  -25.655  -48.824  -14.609 0.4000000060
33789  -26.380  -49.302  -13.837 0.6000000238
35522  -25.298  -47.607  -14.967 0.6000000238
123772  -25.662  -47.138  -15.092 0.6000000238
34654  -25.164  -48.373  -15.184 0.5000000000
37352  -26.047  -45.429  -15.576 0.6000000238
34644  -25.478  -47.998  -14.579 0.6999999881
34645  -26.290  -48.503  -13.791 0.6999999881
36402  -25.540  -46.623  -14.736 0.6999999881
36410  -25.706  -46.259  -15.220 0.6999999881
37350  -25.665  -45.571  -15.317 0.6999999881
38245  -26.405  -44.350  -15.515 0.5000000000
140193  -25.984  -44.105  -15.584 0.6999999881
124701  -26.366  -46.114  -15.404 0.5000000000
27418  -21.424  -57.378  -6.559 0.5000000000
35518  -26.214  -47.729  -13.761 0.6999999881
35517  -25.649  -47.204  -14.368 0.6999999881
37333  -25.582  -45.787  -14.336 0.6999999881
122445  -25.313  -44.976  -15.107 0.6999999881
37340  -25.470  -45.753  -14.931 0.6999999881
39088  -26.261  -43.476  -15.787 0.6000000238
33760  -26.856  -49.857  -10.039 0.6999999881
125935  -27.772  -48.141  -10.789 0.6999999881
34637  -26.816  -48.212  -12.995 0.6999999881
35511  -26.782  -47.375  -13.170 0.6999999881
28173  -21.378  -56.541  -6.320 0.6000000238
27437  -20.663  -57.840  -8.262 0.4000000060
36394  -25.644  -46.424  -13.995 0.6999999881
37351  -25.647  -44.673  -15.410 0.6999999881
39972  -25.658  -42.495  -15.995 0.6999999881
40792  -26.762  -41.998  -16.037 0.6000000238
33740  -26.909  -48.866  -9.151 0.6999999881
33750  -26.702  -49.648  -9.166 0.6999999881
34628  -27.455  -48.744  -11.058 0.6999999881
34620  -27.518  -48.620  -10.303 0.6999999881
34612  -27.370  -48.416  -9.555 0.6999999881
29676  -22.632  -54.569  -4.975 0.6000000238
125577  -28.013  -47.219  -11.917 0.6999999881
36387  -26.591  -46.541  -13.384 0.6999999881
120284  -27.694  -48.017  -11.457 0.6999999881
35503  -28.162  -47.379  -10.912 0.6999999881
119730  -27.691  -47.859  -10.102 0.6999999881
121498  -20.921  -56.031  -7.756 0.5000000000
119627  -20.685  -56.919  -8.001 0.5000000000
38234  -25.364  -45.125  -14.791 0.6999999881
37325  -25.921  -45.967  -13.767 0.6999999881
36378  -28.405  -46.413  -11.421 0.6999999881
27438  -20.786  -57.116  -8.888 0.4000000060
39087  -25.244  -43.316  -15.280 0.6999999881
38216  -26.073  -45.263  -14.009 0.6999999881
36377  -28.009  -46.402  -12.339 0.6999999881
37317  -28.319  -45.780  -12.041 0.6999999881
27453  -20.951  -57.889  -10.106 0.4000000060
38225  -25.789  -44.406  -14.361 0.6999999881
37327  -27.694  -45.551  -12.793 0.6999999881
38257  -25.648  -43.814  -15.476 0.6999999881
39074  -25.162  -43.507  -15.003 0.6999999881
39937  -26.439  -42.616  -13.884 0.6999999881
38218  -27.660  -44.614  -13.058 0.6999999881
124449  -26.110  -41.822  -16.073 0.6999999881
39064  -26.334  -43.533  -13.846 0.6999999881
40803  -26.919  -40.996  -15.855 0.6000000238
40802  -25.607  -41.200  -15.675 0.6999999881
39970  -25.354  -42.008  -15.718 0.6999999881
137035  -27.178  -37.764  -16.135 0.5000000000
43299  -27.849  -38.735  -16.205 0.5000000000
135150  -29.258  -38.566  -14.724 0.4000000060
43292  -28.979  -38.821  -15.374 0.5000000000
35487  -27.584  -47.695  -9.248 0.6999999881
30571  -22.342  -53.807  -5.028 0.6000000238
124934  -27.311  -46.232  -12.926 0.6999999881
143398  -21.063  -56.087  -6.854 0.5000000000
36368  -28.430  -46.519  -10.396 0.6999999881
39063  -25.499  -43.616  -14.577 0.6999999881
39971  -25.193  -42.674  -15.534 0.6999999881
138323  -25.688  -42.999  -14.239 0.6999999881
128453  -26.019  -38.538  -16.418 0.6999999881
138663  -26.239  -40.910  -15.823 0.6999999881
43297  -26.564  -38.671  -16.507 0.6999999881
44126  -26.444  -37.962  -16.343 0.6999999881
132159  -25.346  -50.313  -4.626 0.6999999881
32941  -25.812  -50.284  -5.319 0.6999999881
120345  -26.615  -48.296  -6.342 0.8000000119
32146  -24.946  -51.061  -4.508 0.6000000238
32930  -24.602  -50.323  -4.091 0.6000000238
33707  -25.738  -49.512  -4.953 0.6000000238
35464  -27.106  -47.866  -7.129 0.8000000119
32145  -24.178  -51.090  -4.044 0.6000000238
32128  -23.473  -50.897  -3.826 0.6000000238
35478  -27.494  -47.513  -8.461 0.6999999881
132759  -22.649  -53.282  -4.629 0.6000000238
32144  -23.199  -51.616  -4.162 0.6000000238
30570  -21.781  -53.645  -5.414 0.6000000238
30553  -22.101  -53.047  -4.877 0.6000000238
135882  -28.652  -45.784  -9.979 0.6999999881
28918  -21.142  -55.307  -7.101 0.5000000000
29702  -21.082  -54.472  -6.851 0.6000000238
36362  -28.349  -46.408  -9.426 0.6999999881
37318  -28.597  -45.502  -11.361 0.6999999881
39959  -24.927  -42.763  -15.113 0.6999999881
42486  -25.262  -39.615  -15.718 0.8000000119
41621  -25.820  -40.292  -15.893 0.6999999881
39948  -25.055  -42.790  -14.808 0.6999999881
39052  -27.382  -42.907  -13.483 0.6999999881
43296  -25.357  -38.780  -16.023 0.8000000119
39958  -24.856  -42.115  -15.234 0.6999999881
40770  -24.786  -41.366  -14.929 0.6999999881
43290  -27.746  -37.991  -16.025 0.5000000000
44093  -28.491  -37.251  -14.531 0.5000000000
44883  -28.006  -36.462  -14.412 0.5000000000
44094  -29.187  -37.943  -14.196 0.4000000060
33696  -25.339  -48.915  -4.448 0.6000000238
33708  -26.249  -48.945  -5.666 0.6999999881
35438  -26.531  -47.198  -5.633 0.8000000119
35449  -26.844  -47.480  -6.396 0.8999999762
35450  -27.381  -47.046  -6.944 0.8000000119
36338  -27.669  -46.550  -7.637 0.8000000119
37295  -28.333  -45.358  -8.271 0.8000000119
31380  -21.857  -52.121  -4.942 0.6000000238
36353  -28.142  -46.260  -8.442 0.8000000119
123266  -21.038  -55.242  -7.965 0.6000000238
30587  -21.362  -53.364  -6.050 0.6000000238
31397  -21.582  -52.836  -5.438 0.6000000238
37301  -28.849  -44.902  -9.638 0.6999999881
28194  -20.894  -56.336  -8.713 0.5000000000
38207  -29.154  -43.918  -11.111 0.6999999881
38197  -29.057  -44.445  -10.425 0.6999999881
28211  -21.388  -56.502  -10.286 0.5000000000
28926  -20.936  -55.546  -8.653 0.5000000000
38206  -28.781  -44.166  -11.787 0.6999999881
39042  -28.355  -43.861  -12.573 0.6999999881
44124  -24.432  -38.358  -15.756 0.8000000119
41620  -25.084  -40.545  -15.425 0.8000000119
39947  -24.737  -42.106  -14.991 0.6999999881
40771  -25.542  -41.272  -14.538 0.6999999881
40772  -26.600  -41.686  -14.104 0.6999999881
41613  -24.667  -40.640  -15.036 0.6999999881
44113  -28.118  -37.645  -15.429 0.5000000000
34534  -24.687  -48.669  -3.905 0.6999999881
35425  -25.484  -47.441  -4.267 0.6999999881
34548  -25.659  -47.888  -4.909 0.6999999881
35426  -26.056  -47.317  -4.870 0.8000000119
36310  -27.119  -45.965  -5.853 0.8000000119
33682  -24.268  -49.549  -3.738 0.6999999881
36295  -26.363  -46.595  -4.900 0.8000000119
37250  -27.403  -45.229  -6.260 0.8000000119
32917  -23.087  -50.200  -3.636 0.6000000238
37283  -27.874  -45.749  -7.637 0.8000000119
32127  -22.700  -50.798  -3.999 0.6000000238
29701  -21.025  -53.711  -6.705 0.6000000238
138275  -21.033  -53.067  -6.634 0.6000000238
137716  -29.101  -44.083  -9.743 0.8000000119
39023  -28.814  -44.079  -8.928 0.6999999881
29729  -20.933  -54.777  -8.559 0.6000000238
39024  -29.153  -43.349  -9.476 0.8000000119
28932  -21.155  -55.840  -9.634 0.4000000060
39053  -28.245  -43.062  -13.161 0.6999999881
136890  -28.677  -43.025  -12.523 0.6999999881
39044  -29.344  -43.063  -11.059 0.6999999881
26659  -21.894  -58.023  -13.235 0.4000000060
140821  -28.079  -42.447  -13.346 0.6999999881
39043  -28.955  -43.415  -11.823 0.6999999881
42485  -24.520  -39.825  -15.194 0.8000000119
41606  -24.600  -40.660  -15.017 0.8000000119
39923  -27.423  -42.093  -13.624 0.6999999881
44895  -25.503  -36.568  -15.719 0.8000000119
44111  -25.877  -37.270  -16.030 0.6999999881
44127  -26.736  -37.307  -15.796 0.5000000000
45746  -28.273  -35.785  -13.788 0.5000000000
44092  -27.763  -36.956  -15.055 0.5000000000
44077  -29.262  -37.122  -13.698 0.4000000060
35413  -24.891  -47.693  -3.806 0.6000000238
36294  -25.750  -46.672  -4.325 0.6999999881
33681  -23.465  -49.548  -3.564 0.6999999881
32929  -22.368  -49.993  -3.860 0.6999999881
37268  -27.655  -45.324  -7.059 0.8000000119
32928  -21.922  -50.559  -4.395 0.6000000238
38154  -27.825  -44.656  -6.834 0.8000000119
32155  -21.352  -51.449  -5.448 0.6000000238
39014  -28.515  -43.641  -8.067 0.8000000119
38180  -28.430  -44.518  -8.169 0.8000000119
29714  -20.883  -53.857  -7.550 0.6000000238
31410  -20.782  -52.492  -6.932 0.6000000238
38188  -29.221  -43.597  -10.325 0.8999999762
39892  -29.328  -42.483  -9.174 0.8000000119
39912  -29.003  -42.428  -11.831 0.8000000119
40748  -29.108  -41.478  -11.462 0.8000000119
29743  -20.901  -55.003  -9.346 0.5000000000
41584  -27.860  -40.364  -12.814 0.8000000119
39925  -28.525  -42.306  -12.773 0.6999999881
28941  -21.472  -55.776  -10.650 0.4000000060
44109  -23.461  -38.140  -15.388 0.8000000119
43289  -24.082  -38.994  -15.020 0.8000000119
134076  -24.475  -40.091  -14.924 0.8000000119
40758  -27.564  -41.096  -13.522 0.6999999881
44110  -24.658  -37.435  -15.818 0.8000000119
41593  -24.834  -40.596  -14.806 0.8000000119
41595  -26.706  -40.618  -14.185 0.6999999881
42473  -24.272  -39.348  -14.928 0.8000000119
44894  -24.547  -36.427  -15.634 0.8000000119
44881  -26.563  -36.187  -15.089 0.6000000238
45781  -25.943  -36.143  -15.415 0.6000000238
45765  -27.614  -35.865  -14.165 0.5000000000
121795  -24.446  -47.074  -3.537 0.6000000238
119361  -26.629  -45.854  -5.101 0.6999999881
34532  -22.958  -48.894  -3.479 0.6000000238
37232  -26.503  -44.942  -4.570 0.6999999881
129071  -27.499  -44.348  -5.990 0.6999999881
33694  -22.304  -49.183  -3.805 0.6000000238
129555  -23.175  -47.948  -3.408 0.6000000238
124063  -23.638  -47.136  -3.462 0.6000000238
33693  -21.795  -49.594  -4.270 0.6000000238
39006  -28.489  -43.215  -7.149 0.8000000119
140148  -20.825  -51.527  -6.070 0.6000000238
32940  -21.364  -50.730  -5.144 0.6000000238
38155  -28.097  -43.852  -6.563 0.6999999881
30616  -20.611  -53.117  -8.202 0.5000000000
39015  -28.918  -43.124  -8.670 0.8000000119
30626  -20.700  -53.485  -9.084 0.3000000119
134487  -29.328  -41.316  -10.752 0.8000000119
40730  -29.332  -41.706  -9.857 0.8000000119
41572  -28.727  -40.882  -11.922 0.8000000119
42451  -27.263  -39.211  -13.397 0.8000000119
43279  -23.322  -38.353  -15.040 0.8000000119
41594  -25.819  -40.157  -14.518 0.8000000119
41583  -27.354  -40.089  -13.527 0.8000000119
39924  -28.165  -41.804  -13.224 0.6999999881
42461  -24.783  -38.879  -14.499 0.8000000119
133704  -23.661  -38.522  -14.804 0.8000000119
45780  -25.284  -35.892  -15.471 0.6999999881
46609  -26.257  -34.847  -14.221 0.6000000238
46590  -28.932  -34.060  -13.346 0.3000000119
122598  -24.620  -46.364  -3.583 0.6000000238
37220  -25.800  -45.067  -3.889 0.6999999881
121733  -26.765  -43.962  -4.557 0.6999999881
38120  -27.363  -43.750  -5.215 0.6999999881
119362  -20.604  -49.111  -8.786 0.5000000000
34546  -22.374  -48.279  -3.806 0.6000000238
125687  -22.931  -47.099  -3.524 0.6000000238
38993  -28.164  -43.035  -6.171 0.6999999881
32166  -20.600  -51.152  -6.781 0.5000000000
32939  -20.979  -50.158  -5.704 0.5000000000
34545  -21.708  -48.664  -4.299 0.6000000238
39854  -28.491  -42.350  -6.619 0.6999999881
31433  -20.506  -52.179  -8.401 0.3000000119
125434  -20.606  -51.824  -7.254 0.5000000000
39871  -28.750  -42.317  -7.533 0.8000000119
139420  -29.431  -40.790  -8.494 0.8000000119
39881  -29.074  -42.324  -8.363 0.8000000119
124774  -28.680  -40.058  -11.761 0.8999999762
136307  -29.256  -39.997  -10.352 0.8999999762
41564  -29.289  -40.791  -10.190 0.8000000119
41553  -29.386  -40.875  -9.332 0.8000000119
29755  -20.762  -54.432  -9.921 0.4000000060
43255  -27.158  -38.400  -13.146 0.8999999762
42452  -28.161  -39.760  -12.341 0.8999999762
41573  -29.176  -40.581  -11.097 0.8999999762
44893  -22.897  -36.925  -15.018 0.8000000119
120848  -22.915  -37.876  -15.021 0.8000000119
42462  -25.813  -39.238  -14.339 0.8000000119
126045  -23.610  -36.229  -15.376 0.8000000119
46607  -24.574  -35.148  -15.011 0.6999999881
45763  -25.900  -35.584  -14.831 0.6000000238
47476  -27.161  -33.580  -13.595 0.6000000238
46589  -27.748  -35.141  -13.723 0.6000000238
135188  -24.280  -45.504  -3.426 0.6000000238
120577  -25.003  -45.102  -3.627 0.6000000238
38104  -26.125  -44.210  -3.905 0.6999999881
36280  -23.072  -46.416  -3.474 0.6000000238
38963  -27.166  -43.169  -4.663 0.6999999881
134250  -22.381  -47.397  -3.725 0.6000000238
38974  -27.796  -42.950  -5.309 0.8000000119
33717  -20.667  -49.578  -6.150 0.6000000238
33705  -21.020  -49.522  -5.493 0.5000000000
35424  -21.626  -47.612  -4.275 0.6000000238
40700  -28.843  -41.602  -6.995 0.8000000119
126477  -20.521  -51.392  -8.396 0.4000000060
39872  -29.209  -41.469  -7.898 0.8000000119
42441  -28.946  -39.606  -11.013 0.8000000119
123663  -29.464  -40.003  -9.004 0.8000000119
135322  -26.504  -38.019  -13.340 0.8999999762
43257  -28.471  -39.085  -11.766 0.8000000119
137423  -29.379  -40.259  -9.725 0.8000000119
122553  -26.998  -37.668  -12.857 0.8000000119
43264  -24.635  -37.997  -14.107 0.8000000119
42463  -26.700  -39.636  -14.091 0.6999999881
44880  -22.914  -37.104  -14.794 0.8000000119
43265  -25.611  -38.470  -13.946 0.8000000119
128751  -23.556  -35.472  -15.353 0.8000000119
44868  -22.558  -36.328  -14.368 0.8000000119
47489  -24.923  -34.075  -14.061 0.6999999881
46587  -25.780  -34.182  -13.911 0.6999999881
49156  -25.929  -31.729  -13.529 0.6000000238
49157  -26.839  -32.006  -13.609 0.6000000238
125858  -27.177  -31.378  -14.124 0.6000000238
36279  -22.343  -46.586  -3.641 0.6000000238
39811  -26.252  -42.486  -3.833 0.8000000119
38957  -26.354  -43.250  -4.022 0.6999999881
36336  -20.733  -46.766  -7.263 0.5000000000
36293  -21.369  -46.663  -4.444 0.5000000000
39831  -28.141  -42.290  -5.820 0.8000000119
34571  -20.498  -48.369  -6.528 0.5000000000
34560  -20.956  -48.202  -4.911 0.5000000000
39830  -27.769  -42.160  -5.291 0.8000000119
137975  -28.478  -40.935  -5.750 0.8000000119
135617  -20.549  -48.840  -7.203 0.5000000000
40682  -28.497  -41.627  -6.151 0.8000000119
40701  -29.218  -40.853  -7.204 0.8000000119
41531  -29.466  -40.121  -7.364 0.8000000119
136558  -29.412  -40.671  -7.814 0.8000000119
41542  -29.575  -40.041  -8.127 0.8000000119
42433  -29.245  -39.164  -10.329 0.8000000119
44064  -28.063  -38.204  -12.065 0.8000000119
119703  -29.415  -39.572  -9.714 0.8000000119
44869  -23.063  -36.893  -14.486 0.8000000119
44061  -25.453  -37.133  -13.562 0.8000000119
44892  -22.824  -35.823  -15.116 0.8000000119
45761  -22.130  -35.925  -14.185 0.8000000119
134396  -24.376  -34.552  -14.682 0.6999999881
46606  -23.399  -34.453  -14.902 0.6999999881
47474  -25.476  -33.389  -13.698 0.6999999881
47488  -24.043  -33.836  -14.401 0.6999999881
47473  -24.614  -33.216  -13.874 0.6999999881
48332  -24.347  -32.275  -13.689 0.6999999881
48333  -25.240  -32.468  -13.585 0.6999999881
123242  -24.187  -43.145  -3.047 0.8000000119
38955  -24.763  -43.725  -3.281 0.6000000238
121288  -24.946  -42.987  -3.142 0.6000000238
39810  -25.660  -42.770  -3.490 0.8000000119
119990  -21.767  -43.850  -7.973 0.6000000238
38153  -21.517  -44.346  -6.579 0.5000000000
37217  -22.409  -45.762  -3.565 0.6000000238
119740  -22.569  -44.879  -3.530 0.6000000238
39820  -26.808  -42.528  -4.328 0.8000000119
119150  -21.423  -42.884  -9.104 0.6000000238
137565  -21.825  -42.963  -8.295 0.6000000238
39005  -21.853  -43.111  -7.481 0.6000000238
37267  -21.347  -44.972  -5.898 0.5000000000
37230  -21.517  -45.372  -4.467 0.5000000000
41551  -20.387  -40.419  -9.540 0.5000000000
39891  -21.290  -42.131  -9.617 0.5000000000
125103  -22.040  -42.027  -8.724 0.6000000238
36320  -20.720  -46.733  -6.144 0.5000000000
120873  -21.402  -44.928  -5.127 0.5000000000
40677  -28.073  -40.889  -5.134 0.8000000119
143086  -28.762  -40.380  -6.078 0.8000000119
41552  -21.294  -40.655  -9.145 0.5000000000
36308  -20.929  -46.284  -5.223 0.5000000000
41550  -19.613  -40.036  -10.154 0.4000000060
35437  -20.546  -47.806  -5.774 0.5000000000
42381  -29.361  -39.485  -6.809 0.6999999881
43231  -29.460  -38.750  -9.668 0.8000000119
42410  -29.607  -39.244  -8.481 0.8000000119
42396  -29.586  -39.312  -7.648 0.6999999881
44860  -26.801  -36.904  -12.610 0.8000000119
43246  -28.572  -38.287  -11.461 0.8000000119
43223  -29.663  -38.512  -8.931 0.8000000119
43239  -29.298  -38.278  -10.311 0.8000000119
44039  -28.993  -37.043  -10.971 0.8000000119
45777  -21.993  -35.538  -14.310 0.8999999762
45745  -22.064  -35.889  -13.993 0.8999999762
133902  -24.305  -36.248  -13.496 0.8000000119
44859  -26.051  -36.544  -13.044 0.8000000119
142778  -23.673  -36.867  -13.962 1.0000000000
44858  -25.231  -36.296  -13.394 0.8000000119
46616  -22.997  -35.081  -15.314 0.8000000119
47487  -22.909  -33.831  -14.547 0.6999999881
39808  -23.576  -42.562  -3.248 0.8000000119
138969  -25.104  -42.365  -3.191 0.8000000119
40665  -25.729  -41.926  -3.502 0.8000000119
39870  -22.545  -41.825  -7.532 0.6000000238
39807  -22.605  -42.888  -3.628 0.6000000238
38954  -23.380  -43.483  -3.260 0.6000000238
40666  -26.560  -41.886  -3.974 0.8000000119
40667  -27.042  -41.177  -4.179 0.8000000119
40719  -22.101  -41.039  -8.715 0.5000000000
39880  -22.327  -42.300  -7.979 0.6000000238
39852  -22.015  -42.500  -5.998 0.6000000238
38962  -22.231  -43.588  -3.977 0.6000000238
128938  -27.633  -40.846  -4.609 0.8000000119
142009  -28.500  -40.112  -5.429 0.6999999881
41541  -22.804  -40.585  -8.391 0.5000000000
39828  -21.879  -42.496  -5.018 0.6000000238
38119  -22.130  -44.347  -3.909 0.6000000238
41540  -22.000  -40.136  -8.829 0.4000000060
135178  -23.147  -40.903  -7.911 0.4000000060
42360  -28.946  -39.701  -6.109 0.6999999881
128399  -21.506  -39.532  -8.596 0.4000000060
42409  -22.473  -39.738  -8.384 0.4000000060
131863  -22.533  -41.021  -5.804 0.4000000060
43212  -21.709  -38.368  -7.474 0.4000000060
42395  -23.362  -38.686  -7.316 0.5000000000
133996  -29.869  -37.697  -8.685 0.6999999881
43197  -20.892  -38.898  -7.162 0.3000000119
42379  -23.319  -39.693  -7.058 0.5000000000
44063  -27.604  -37.364  -12.238 0.8000000119
44050  -28.414  -37.471  -11.569 0.8000000119
44040  -29.348  -37.402  -10.357 0.8000000119
44825  -29.910  -36.972  -9.173 0.8000000119
125967  -29.610  -36.971  -9.834 0.8000000119
45760  -21.743  -35.429  -13.984 0.8000000119
44856  -22.589  -36.176  -13.945 1.0000000000
119691  -24.025  -35.559  -13.219 0.8000000119
129216  -24.904  -35.560  -13.056 0.8000000119
45737  -26.560  -36.061  -12.501 0.8000000119
135503  -27.382  -36.438  -12.111 0.8000000119
45733  -21.912  -34.977  -13.714 1.0000000000
45723  -26.252  -35.279  -12.340 0.8000000119
46615  -22.362  -35.245  -14.889 0.8000000119
125403  -23.728  -34.929  -13.042 0.8000000119
45722  -25.318  -35.094  -12.417 0.8000000119
47486  -21.477  -34.077  -14.627 0.8999999762
120213  -22.468  -33.086  -14.476 0.6999999881
48347  -23.704  -33.045  -14.225 0.6999999881
49154  -24.104  -31.421  -13.717 0.6999999881
49155  -25.004  -31.584  -13.639 0.6999999881
49168  -26.479  -31.127  -13.890 0.6000000238
50019  -25.358  -30.223  -14.504 0.6999999881
50008  -23.977  -30.719  -14.044 0.6999999881
50021  -26.980  -30.763  -14.972 0.6000000238
50020  -26.190  -30.387  -14.581 0.6000000238
125267  -24.815  -41.706  -3.183 0.8000000119
130207  -25.365  -41.047  -3.343 0.8000000119
39869  -22.157  -42.461  -7.031 0.5000000000
40674  -23.376  -41.195  -3.689 0.8000000119
41486  -23.900  -40.705  -3.478 0.8000000119
40664  -23.950  -41.625  -3.279 0.8000000119
41489  -26.619  -40.399  -3.645 0.8000000119
40711  -22.732  -41.413  -8.151 0.5000000000
39853  -22.517  -41.684  -6.673 0.6000000238
39829  -22.274  -41.859  -5.461 0.5000000000
41498  -27.943  -40.190  -4.771 0.6999999881
40699  -23.101  -40.777  -7.132 0.5000000000
40673  -22.772  -41.250  -4.302 0.6999999881
39819  -22.284  -42.061  -4.361 0.6999999881
41497  -27.364  -40.318  -4.176 0.6999999881
42350  -28.336  -39.425  -4.875 0.6999999881
42359  -28.754  -39.164  -5.526 0.6999999881
42393  -21.650  -39.008  -8.007 0.3000000119
43178  -29.232  -38.868  -6.191 0.6999999881
44017  -29.861  -37.744  -7.264 0.6999999881
43200  -23.786  -38.037  -6.987 0.5000000000
44027  -29.983  -37.556  -7.977 0.6999999881
43198  -22.024  -37.854  -7.237 0.4000000060
43199  -22.920  -37.688  -7.389 0.4000000060
44839  -28.804  -36.364  -10.965 0.8000000119
45725  -28.207  -35.917  -11.520 0.8000000119
44848  -27.174  -35.539  -12.041 0.8000000119
46555  -28.063  -34.232  -11.246 0.6999999881
46586  -21.280  -34.593  -13.703 0.8999999762
46604  -21.722  -34.820  -14.362 0.8999999762
46575  -21.125  -34.304  -13.054 0.8000000119
46576  -22.262  -34.292  -13.112 0.8000000119
46566  -23.768  -33.623  -12.501 0.8000000119
48345  -21.110  -33.203  -14.438 0.8999999762
47485  -20.493  -33.416  -13.828 0.8000000119
127292  -22.215  -32.125  -14.373 0.8000000119
48348  -27.802  -31.974  -14.085 0.4000000060
48346  -23.389  -32.194  -14.178 0.8000000119
139709  -23.160  -31.230  -14.209 0.6999999881
49166  -24.750  -30.795  -13.960 0.6999999881
50987  -26.082  -29.707  -16.482 0.5000000000
133145  -24.576  -40.930  -3.294 0.6999999881
42333  -23.920  -39.848  -3.845 0.6999999881
42336  -26.129  -39.661  -3.348 0.6999999881
42394  -22.726  -39.152  -7.716 0.4000000060
43175  -23.737  -38.453  -5.123 0.6000000238
42335  -25.375  -39.188  -3.477 0.6999999881
42349  -27.707  -39.544  -4.324 0.6999999881
43177  -28.697  -38.628  -4.907 0.6999999881
133544  -29.167  -38.343  -5.497 0.6999999881
43201  -24.078  -37.996  -6.298 0.5000000000
44006  -29.624  -37.894  -6.255 0.6999999881
44004  -23.461  -37.101  -7.154 0.4000000060
44018  -30.102  -36.974  -7.557 0.6999999881
43986  -22.244  -37.115  -6.023 0.3000000119
44003  -22.697  -36.893  -7.027 0.3000000119
44005  -24.148  -37.317  -6.644 0.5000000000
44820  -30.428  -36.259  -7.958 0.6999999881
44807  -23.723  -36.559  -6.935 0.4000000060
122231  -28.890  -35.772  -10.700 0.6999999881
45713  -29.456  -35.778  -10.198 0.6999999881
141655  -27.455  -34.475  -11.557 0.6999999881
46577  -23.306  -34.277  -12.892 0.8000000119
45735  -24.539  -34.995  -12.646 0.8000000119
46567  -24.992  -34.481  -12.308 0.8000000119
46568  -25.813  -34.571  -12.135 0.8000000119
47449  -24.626  -33.748  -12.282 0.8000000119
47461  -20.738  -33.750  -12.806 0.8000000119
48344  -20.208  -32.715  -13.762 0.8000000119
47471  -19.962  -33.001  -13.128 0.8000000119
47472  -20.500  -33.940  -13.200 0.8999999762
49165  -20.994  -31.975  -13.970 0.8999999762
50974  -22.409  -29.581  -14.626 0.8000000119
50028  -25.831  -29.738  -15.182 0.6999999881
127986  -23.370  -30.151  -14.466 0.6999999881
50975  -24.130  -29.472  -14.929 0.6999999881
51949  -21.836  -28.107  -15.258 0.6999999881
41487  -25.201  -40.157  -3.396 0.6999999881
43958  -24.686  -37.688  -4.039 0.6000000238
43959  -25.230  -37.802  -3.682 0.6000000238
137558  -25.478  -38.480  -3.548 0.6999999881
129318  -26.649  -38.865  -3.544 0.6999999881
43162  -27.437  -38.859  -3.856 0.6999999881
129249  -28.130  -38.792  -4.383 0.6999999881
42348  -24.098  -38.959  -4.263 0.6000000238
43153  -27.833  -38.091  -3.893 0.6999999881
43161  -24.235  -38.053  -4.492 0.6000000238
43174  -21.655  -37.864  -5.836 0.3000000119
43176  -24.202  -37.702  -5.387 0.5000000000
44809  -29.747  -36.903  -5.945 0.6999999881
45683  -24.019  -36.012  -6.640 0.4000000060
43987  -24.499  -37.061  -6.019 0.5000000000
44777  -25.025  -36.390  -4.815 0.6000000238
140072  -30.067  -36.378  -6.409 0.6999999881
45696  -30.503  -35.496  -8.370 0.6999999881
44810  -30.322  -36.311  -7.090 0.6999999881
45703  -30.259  -35.484  -9.155 0.6999999881
45673  -23.571  -35.545  -6.199 0.3000000119
140825  -29.294  -34.380  -10.341 0.6999999881
47450  -25.424  -33.882  -12.031 0.8000000119
46553  -26.276  -33.950  -11.755 0.8000000119
46554  -27.227  -33.956  -11.503 0.6999999881
46556  -28.807  -34.344  -10.656 0.6999999881
47448  -23.264  -32.885  -12.318 0.8000000119
133028  -25.406  -32.718  -11.651 0.8000000119
134251  -20.097  -33.038  -12.935 0.8000000119
46564  -21.703  -33.760  -12.716 0.8000000119
47447  -22.261  -33.093  -12.414 0.8000000119
48315  -24.246  -33.029  -12.186 0.8000000119
49164  -19.598  -32.006  -13.505 0.8000000119
49987  -20.390  -30.630  -12.463 0.8000000119
129889  -22.393  -31.188  -12.381 0.8000000119
119810  -23.000  -30.575  -12.353 0.8000000119
133981  -22.089  -29.707  -12.572 0.8000000119
50986  -25.377  -29.369  -15.998 0.6000000238
50985  -24.655  -29.106  -15.619 0.6999999881
139725  -21.566  -29.290  -14.575 0.8000000119
130885  -23.344  -29.329  -14.880 0.6000000238
52918  -21.433  -27.318  -15.092 0.6999999881
52919  -22.395  -27.560  -15.531 0.6000000238
137801  -23.255  -28.196  -15.492 0.6000000238
133129  -25.769  -37.158  -3.593 0.6000000238
43972  -25.032  -37.080  -4.003 0.6000000238
43962  -28.171  -37.340  -3.857 0.6999999881
43163  -28.469  -38.017  -4.384 0.6999999881
44779  -29.015  -36.371  -4.511 0.6999999881
43974  -29.201  -37.155  -4.848 0.6999999881
43988  -29.426  -37.509  -5.405 0.6999999881
45674  -24.329  -35.495  -6.244 0.4000000060
44793  -24.640  -36.353  -6.010 0.4000000060
45644  -26.105  -35.663  -4.170 0.5000000000
44778  -28.330  -36.557  -3.954 0.6999999881
44795  -29.783  -35.981  -5.718 0.6999999881
120911  -25.434  -35.750  -4.798 0.5000000000
45684  -30.302  -35.568  -6.496 0.6999999881
45656  -24.931  -35.575  -5.763 0.4000000060
45691  -30.560  -35.522  -7.459 0.6999999881
46513  -24.110  -34.754  -5.883 0.3000000119
46514  -24.700  -34.310  -5.682 0.3000000119
135064  -30.192  -34.852  -9.394 0.6999999881
46534  -30.482  -34.770  -8.766 0.6999999881
128500  -29.359  -33.618  -10.349 0.6999999881
46542  -30.360  -34.182  -9.256 0.6999999881
47435  -25.030  -33.208  -11.902 0.8000000119
47438  -27.794  -33.260  -11.101 0.6999999881
126018  -28.524  -33.694  -10.783 0.6999999881
48287  -30.090  -32.832  -9.797 0.6999999881
47439  -28.609  -32.970  -10.637 0.6999999881
48302  -29.325  -32.566  -10.324 0.6999999881
48313  -21.714  -32.631  -12.423 0.8000000119
128136  -23.272  -32.253  -12.261 0.8000000119
47437  -26.754  -33.224  -11.416 0.6999999881
48301  -28.637  -32.243  -10.512 0.6999999881
49976  -28.781  -30.900  -10.873 0.6999999881
47445  -20.735  -32.884  -12.640 0.8000000119
48314  -22.563  -32.460  -12.319 0.8000000119
48297  -23.999  -32.341  -12.196 0.8000000119
49118  -24.588  -31.739  -11.785 0.8000000119
124347  -25.316  -32.087  -11.558 0.8000000119
49139  -27.168  -30.976  -11.076 0.8000000119
49994  -28.406  -30.296  -11.337 0.6999999881
48325  -19.756  -32.341  -12.584 0.8000000119
49989  -23.355  -31.214  -12.319 0.8000000119
49990  -24.612  -30.544  -12.106 0.8000000119
49992  -26.228  -30.432  -11.721 0.8000000119
48331  -19.351  -32.406  -12.904 0.8000000119
50950  -18.946  -29.965  -12.689 0.8000000119
49988  -21.885  -30.430  -12.428 0.8000000119
132096  -23.849  -30.628  -12.330 0.8000000119
50937  -25.937  -29.829  -12.122 0.8000000119
50016  -19.362  -31.035  -13.153 0.8000000119
51896  -20.319  -29.136  -12.479 0.8000000119
50934  -22.848  -29.861  -12.409 0.8000000119
50935  -24.240  -29.971  -12.406 0.8000000119
50954  -25.534  -29.215  -12.416 0.8000000119
139103  -18.826  -30.307  -13.179 0.8000000119
50951  -22.714  -29.236  -12.779 0.8000000119
50972  -19.301  -29.469  -13.732 0.8000000119
51960  -25.725  -28.576  -17.110 0.5000000000
51952  -24.532  -28.559  -16.006 0.6000000238
50971  -19.047  -28.539  -14.030 0.8000000119
51937  -19.713  -28.612  -14.373 0.8000000119
123366  -25.174  -28.518  -16.556 0.6000000238
51959  -24.546  -27.988  -16.373 0.6000000238
52920  -23.085  -27.610  -15.748 0.6000000238
52932  -23.501  -27.252  -16.215 0.6000000238
43960  -26.685  -37.308  -3.497 0.6999999881
43961  -27.490  -37.373  -3.580 0.6999999881
44767  -25.581  -36.395  -4.024 0.6000000238
45646  -27.684  -36.050  -3.725 0.6999999881
123111  -29.099  -35.452  -4.558 0.6999999881
119552  -29.440  -35.944  -4.973 0.6999999881
45645  -26.904  -35.741  -3.681 0.5000000000
45660  -28.391  -35.705  -4.153 0.6999999881
45675  -24.756  -34.880  -5.869 0.4000000060
45657  -25.481  -34.896  -5.295 0.4000000060
46500  -26.107  -34.160  -4.878 0.5000000000
45677  -29.925  -35.206  -5.795 0.6999999881
46523  -30.664  -34.728  -6.912 0.6999999881
47383  -24.857  -33.667  -5.344 0.3000000119
136524  -25.892  -33.637  -5.195 0.3000000119
47404  -30.674  -33.835  -6.388 0.6999999881
47405  -30.894  -33.938  -7.312 0.6999999881
46498  -24.258  -33.958  -5.241 0.3000000119
143057  -25.400  -32.754  -4.908 0.3000000119
136884  -31.147  -33.311  -7.704 0.6999999881
127905  -24.947  -32.916  -4.729 0.3000000119
48274  -30.759  -32.530  -9.039 0.6999999881
133313  -26.186  -32.445  -11.442 0.8000000119
48300  -27.988  -32.360  -10.759 0.6999999881
49107  -29.829  -31.925  -9.907 0.6999999881
48299  -27.175  -32.436  -11.127 0.6999999881
49140  -27.899  -30.942  -10.849 0.6999999881
49995  -29.125  -30.179  -11.140 0.6999999881
49135  -21.812  -31.720  -12.374 0.8000000119
49974  -24.202  -31.161  -12.089 0.8000000119
49138  -26.472  -31.024  -11.442 0.6999999881
49993  -27.550  -30.386  -11.416 0.8000000119
49134  -19.973  -31.515  -12.412 0.8000000119
50938  -26.899  -29.859  -11.844 0.8000000119
50001  -19.322  -30.720  -12.734 0.8000000119
50936  -25.066  -29.889  -12.254 0.8000000119
50955  -26.534  -29.025  -12.323 0.8000000119
129000  -19.434  -29.233  -12.623 0.8000000119
50949  -19.059  -29.084  -13.106 0.8000000119
50933  -21.044  -29.849  -12.560 0.8000000119
50952  -23.678  -29.359  -12.597 0.8000000119
51927  -23.871  -28.075  -13.322 0.8000000119
126527  -25.915  -28.615  -12.636 0.8000000119
51926  -18.644  -27.781  -13.609 0.8000000119
51910  -19.142  -28.297  -13.351 0.8000000119
51897  -21.672  -29.197  -12.854 0.8000000119
51913  -22.327  -28.600  -13.194 0.8000000119
51929  -25.735  -28.017  -13.182 0.8000000119
124305  -20.726  -27.908  -14.679 0.8000000119
44768  -26.387  -36.479  -3.643 0.6000000238
45659  -27.596  -35.059  -4.084 0.6000000238
46501  -27.051  -34.200  -4.521 0.5000000000
46502  -28.532  -34.853  -4.385 0.6999999881
46503  -29.243  -34.678  -4.712 0.6999999881
46515  -29.780  -34.508  -5.378 0.6999999881
47386  -27.438  -33.454  -4.668 0.6000000238
125162  -28.785  -34.075  -4.568 0.6999999881
142291  -29.406  -34.042  -4.834 0.6999999881
132371  -30.283  -33.993  -5.700 0.6999999881
142526  -26.116  -33.159  -5.228 0.3000000119
135745  -29.144  -33.416  -4.802 0.6999999881
47382  -24.176  -33.172  -4.499 0.3000000119
49915  -26.425  -31.326  -5.151 0.3000000119
133228  -30.784  -33.057  -6.255 0.6999999881
47406  -31.131  -33.192  -6.939 0.6999999881
49913  -24.690  -30.346  -4.632 0.3000000119
126679  -25.761  -30.906  -4.917 0.3000000119
49930  -26.373  -30.478  -5.135 0.3000000119
50862  -24.098  -29.575  -4.900 0.3000000119
126585  -30.416  -32.062  -9.443 0.6999999881
136803  -29.609  -31.202  -9.925 0.6999999881
50939  -27.947  -29.744  -11.844 0.8000000119
51917  -26.559  -28.226  -12.733 0.8000000119
51911  -19.946  -28.486  -12.916 0.8000000119
51912  -21.088  -28.508  -12.988 0.8000000119
52877  -20.521  -27.662  -13.241 0.8000000119
52878  -21.858  -27.783  -13.346 0.8000000119
52892  -22.547  -27.151  -13.654 0.8000000119
130082  -23.510  -27.399  -13.690 0.8000000119
52894  -24.320  -27.505  -13.638 0.8000000119
52916  -18.044  -27.304  -14.155 0.8000000119
52917  -19.171  -27.645  -14.439 0.8000000119
127559  -19.973  -27.035  -14.709 0.6999999881
128847  -20.580  -26.324  -15.227 0.6000000238
122163  -27.986  -34.165  -4.376 0.6000000238
47388  -29.826  -33.663  -5.242 0.6999999881
136071  -27.216  -31.856  -5.109 0.4000000060
48255  -29.100  -32.022  -5.220 0.6000000238
48256  -29.704  -32.776  -5.249 0.6999999881
48257  -30.492  -32.534  -5.797 0.6999999881
49077  -28.689  -31.459  -5.221 0.4000000060
49089  -30.539  -31.790  -6.071 0.6999999881
48264  -30.908  -32.436  -6.624 0.6999999881
137478  -27.021  -29.360  -5.461 0.3000000119
49933  -29.546  -30.492  -5.607 0.4000000060
129880  -30.463  -31.176  -6.325 0.6000000238
49091  -31.150  -31.668  -8.050 0.6999999881
135417  -31.149  -32.287  -8.428 0.6999999881
49962  -30.337  -31.247  -9.488 0.6999999881
49954  -30.758  -30.850  -8.634 0.6999999881
49978  -29.968  -30.501  -9.928 0.6999999881
50925  -29.728  -29.872  -10.555 0.6999999881
134819  -26.861  -30.514  -11.478 0.8000000119
50956  -27.458  -29.222  -12.194 0.8000000119
51928  -24.791  -28.112  -13.302 0.8000000119
52879  -27.135  -27.820  -12.881 0.8000000119
51914  -23.356  -28.660  -13.019 0.8000000119
53765  -25.287  -26.684  -13.869 0.8000000119
53760  -18.241  -26.408  -13.763 0.8000000119
53745  -21.091  -26.713  -13.539 0.8000000119
53762  -22.296  -26.366  -14.209 0.8000000119
53763  -23.280  -26.706  -14.066 0.8000000119
53812  -22.911  -26.278  -15.979 0.6000000238
53794  -18.868  -26.160  -14.678 0.8000000119
53811  -21.735  -25.945  -15.630 0.6000000238
127341  -19.384  -25.414  -15.132 0.6999999881
54709  -19.845  -24.762  -15.411 0.6999999881
47387  -28.309  -33.387  -4.561 0.6000000238
48247  -28.694  -32.673  -4.837 0.6000000238
49931  -27.167  -30.903  -5.240 0.3000000119
50876  -27.180  -30.046  -5.247 0.3000000119
49932  -28.769  -30.799  -5.297 0.3000000119
49078  -29.393  -31.301  -5.374 0.5000000000
136219  -28.822  -30.040  -5.450 0.3000000119
142690  -29.350  -29.901  -5.691 0.5000000000
49949  -30.798  -30.831  -7.637 0.6999999881
51850  -25.783  -28.273  -5.825 0.3000000119
51837  -27.283  -28.654  -5.620 0.3000000119
50900  -30.783  -29.373  -7.609 0.4000000060
135936  -30.689  -30.038  -8.729 0.6999999881
52816  -26.077  -27.564  -6.292 0.3000000119
135362  -30.243  -29.029  -10.711 0.6000000238
51889  -30.874  -28.800  -9.887 0.6000000238
51899  -29.202  -28.820  -11.759 0.8000000119
135966  -29.794  -28.693  -11.326 0.6999999881
129623  -30.661  -28.393  -10.534 0.6000000238
51898  -28.339  -28.910  -12.184 0.8000000119
52865  -29.751  -28.036  -11.869 0.6999999881
122339  -30.301  -28.252  -11.153 0.6999999881
51918  -27.455  -28.411  -12.534 0.8000000119
121745  -28.444  -28.070  -12.617 0.8000000119
52881  -29.201  -27.472  -12.534 0.6999999881
52896  -26.592  -27.564  -13.236 0.8000000119
52880  -27.834  -27.658  -12.917 0.8000000119
53746  -28.804  -26.736  -12.930 0.6999999881
125042  -25.929  -27.122  -13.499 0.8000000119
126575  -26.746  -26.779  -13.565 0.8000000119
53768  -28.366  -26.151  -13.320 0.6999999881
54652  -29.145  -25.932  -13.059 0.6999999881
52876  -19.174  -27.577  -13.433 0.8000000119
53744  -19.383  -26.779  -13.558 0.8000000119
126950  -24.654  -26.988  -13.865 0.8000000119
54666  -26.906  -25.851  -13.829 0.8000000119
120582  -21.135  -25.818  -13.922 0.8000000119
126851  -23.258  -25.833  -14.376 0.8000000119
53783  -25.447  -25.962  -14.322 0.8000000119
52875  -17.947  -27.146  -13.592 0.8000000119
53761  -19.575  -25.779  -13.930 0.8000000119
54664  -22.074  -25.491  -14.453 0.8000000119
55580  -24.007  -25.103  -14.623 0.8000000119
53780  -18.020  -26.549  -14.090 0.8000000119
132487  -18.948  -25.695  -14.394 0.8000000119
55578  -19.118  -23.983  -14.736 0.6999999881
54711  -22.346  -25.433  -16.040 0.6000000238
132643  -22.966  -24.866  -16.473 0.6000000238
53781  -19.066  -25.461  -14.558 0.8000000119
54694  -18.957  -24.513  -14.973 0.6999999881
56508  -19.672  -23.298  -15.513 0.6999999881
49943  -30.202  -30.552  -6.147 0.5000000000
49944  -30.631  -30.687  -6.809 0.5000000000
50877  -27.980  -29.463  -5.416 0.3000000119
50889  -29.853  -29.814  -6.094 0.4000000060
133619  -30.397  -30.077  -6.622 0.5000000000
124123  -30.824  -30.095  -8.015 0.6000000238
51853  -28.337  -27.915  -6.089 0.3000000119
50906  -30.894  -29.414  -8.403 0.6000000238
52818  -27.894  -27.377  -6.297 0.3000000119
52819  -28.925  -27.441  -6.354 0.3000000119
127163  -30.997  -28.721  -8.105 0.6000000238
51885  -31.129  -28.776  -8.942 0.6000000238
53699  -27.408  -26.679  -6.673 0.3000000119
52820  -29.714  -27.288  -6.905 0.3000000119
53698  -26.402  -26.910  -6.642 0.3000000119
51890  -31.012  -28.055  -10.124 0.6000000238
131056  -25.649  -26.378  -7.336 0.3000000119
52866  -30.381  -27.470  -11.482 0.6999999881
52882  -30.015  -27.090  -12.154 0.6999999881
54681  -25.470  -25.223  -14.534 0.8000000119
141291  -27.259  -25.285  -13.904 0.6999999881
54667  -27.787  -25.534  -13.641 0.6999999881
55564  -26.803  -25.070  -14.243 0.6999999881
54680  -24.729  -25.556  -14.430 0.8000000119
55581  -25.344  -24.491  -14.670 0.6999999881
55563  -22.901  -24.877  -14.670 0.6999999881
125016  -24.504  -24.360  -14.936 0.6000000238
55620  -24.437  -24.327  -17.268 0.6000000238
55561  -19.758  -24.233  -14.475 0.6999999881
56472  -19.629  -23.612  -14.678 0.6999999881
139609  -20.589  -24.180  -14.538 0.6999999881
130912  -20.645  -23.562  -16.227 0.6999999881
56521  -21.076  -23.163  -16.789 0.6999999881
56486  -19.312  -23.611  -14.923 0.6999999881
59015  -21.179  -19.535  -16.588 0.5000000000
59025  -20.288  -19.344  -17.008 0.5000000000
51877  -31.120  -28.057  -8.646 0.6000000238
51886  -31.190  -28.061  -9.491 0.6000000238
52852  -31.130  -27.323  -9.229 0.6000000238
52860  -31.236  -27.283  -10.032 0.6000000238
53740  -30.512  -26.629  -11.704 0.6999999881
54645  -30.870  -25.947  -11.126 0.6999999881
53747  -29.527  -26.525  -12.581 0.6999999881
53730  -23.498  -25.966  -8.170 0.3000000119
54668  -28.674  -25.257  -13.422 0.6999999881
53748  -30.172  -26.263  -12.244 0.6999999881
54653  -29.763  -25.739  -12.605 0.6999999881
127876  -23.560  -24.245  -15.072 0.6999999881
137065  -28.136  -25.012  -13.649 0.6000000238
55582  -26.117  -24.770  -14.540 0.6999999881
54663  -20.573  -24.972  -14.265 0.6999999881
55562  -21.693  -24.534  -14.562 0.6999999881
56490  -24.164  -23.604  -15.172 0.6000000238
56488  -21.605  -22.995  -15.158 0.6999999881
55618  -22.535  -23.813  -16.754 0.6000000238
56529  -23.483  -23.635  -16.991 0.5000000000
56509  -19.883  -22.794  -15.562 0.6999999881
57355  -19.780  -21.817  -15.844 0.6999999881
57364  -19.709  -21.662  -16.385 0.6999999881
58208  -20.235  -20.463  -17.007 0.6000000238
53733  -30.840  -26.558  -8.874 0.4000000060
53736  -31.194  -26.578  -9.663 0.6000000238
53739  -31.192  -26.318  -10.307 0.6000000238
54629  -23.880  -25.303  -8.495 0.3000000119
54630  -24.685  -25.215  -8.327 0.3000000119
54654  -30.298  -25.524  -12.216 0.6999999881
124059  -29.435  -25.133  -12.961 0.6000000238
131579  -29.962  -25.091  -12.536 0.6000000238
56491  -25.072  -23.718  -14.829 0.6000000238
125980  -27.828  -23.753  -14.060 0.6000000238
55579  -22.366  -23.921  -14.871 0.6999999881
119761  -25.917  -23.937  -14.619 0.6000000238
56489  -23.068  -23.331  -15.230 0.6999999881
125182  -23.830  -22.762  -15.254 0.6000000238
122146  -19.781  -21.246  -15.912 0.6999999881
57371  -19.983  -21.246  -16.785 0.6999999881
56528  -22.084  -23.042  -17.117 0.6000000238
57373  -23.472  -22.772  -17.329 0.5000000000
57372  -21.855  -22.120  -17.179 0.6000000238
58210  -23.084  -21.882  -17.604 0.6000000238
58188  -19.837  -20.669  -16.201 0.6000000238
58209  -21.751  -21.296  -17.259 0.5000000000
58202  -19.907  -20.456  -16.549 0.5000000000
59046  -20.935  -19.948  -17.205 0.5000000000
137957  -22.185  -20.329  -17.749 0.5000000000
59038  -20.159  -19.372  -16.935 0.5000000000
60746  -20.988  -18.168  -17.220 0.5000000000
127680  -30.644  -25.818  -8.651 0.4000000060
139980  -30.933  -26.044  -9.262 0.4000000060
54634  -30.510  -24.961  -8.685 0.4000000060
54611  -29.032  -25.513  -7.477 0.4000000060
54646  -31.161  -25.448  -10.438 0.6000000238
129132  -25.828  -24.468  -8.416 0.3000000119
55513  -26.995  -24.778  -7.990 0.3000000119
55555  -30.436  -24.754  -12.173 0.6000000238
138137  -25.572  -22.951  -9.107 0.3000000119
55554  -29.870  -24.326  -12.726 0.6000000238
56475  -28.318  -23.135  -13.836 0.5000000000
55553  -29.145  -24.441  -13.322 0.6000000238
57338  -25.876  -22.628  -14.925 0.6000000238
56492  -26.374  -23.269  -14.643 0.6000000238
121382  -24.907  -22.847  -14.940 0.6000000238
56474  -27.849  -22.921  -14.188 0.6000000238
57337  -24.441  -22.128  -15.322 0.6000000238
58193  -26.186  -21.931  -15.114 0.6000000238
57335  -22.601  -22.429  -15.431 0.6999999881
58167  -21.008  -21.327  -15.889 0.6999999881
59014  -20.150  -19.971  -16.674 0.5000000000
59037  -20.196  -19.851  -16.815 0.5000000000
59849  -20.703  -18.752  -16.913 0.5000000000
54612  -29.781  -25.578  -7.655 0.4000000060
54635  -30.883  -25.408  -9.232 0.4000000060
126419  -31.191  -25.815  -9.809 0.5000000000
55535  -30.219  -24.089  -8.556 0.4000000060
54642  -31.036  -25.039  -9.827 0.4000000060
54650  -31.121  -25.095  -11.063 0.4000000060
55550  -30.832  -24.377  -11.418 0.5000000000
56429  -25.843  -23.733  -8.739 0.3000000119
57286  -26.234  -23.041  -8.808 0.3000000119
56430  -26.691  -23.491  -8.498 0.4000000060
58103  -26.149  -22.198  -8.856 0.3000000119
56431  -28.017  -23.365  -8.417 0.4000000060
56461  -29.422  -23.599  -13.213 0.5000000000
139032  -30.515  -23.909  -12.196 0.6000000238
57316  -28.879  -22.922  -13.524 0.5000000000
57328  -28.383  -22.365  -14.030 0.5000000000
57339  -26.655  -22.483  -14.697 0.6000000238
142228  -28.603  -21.798  -13.889 0.5000000000
57356  -25.378  -22.016  -15.283 0.6000000238
58192  -25.740  -21.177  -15.370 0.6000000238
58190  -23.157  -21.127  -15.735 0.6000000238
59005  -24.114  -20.854  -15.796 0.6000000238
58189  -21.584  -20.733  -16.258 0.5000000000
59838  -21.810  -18.822  -16.750 0.5000000000
60737  -21.108  -17.998  -17.083 0.5000000000
132730  -21.378  -17.378  -17.583 0.5000000000
54633  -29.928  -24.934  -8.202 0.4000000060
55545  -30.934  -24.249  -9.737 0.4000000060
55544  -30.646  -24.136  -9.161 0.4000000060
55548  -31.055  -24.484  -10.469 0.4000000060
56447  -30.489  -23.282  -9.162 0.4000000060
56453  -30.884  -23.728  -10.710 0.4000000060
56456  -30.667  -23.438  -11.399 0.4000000060
57317  -29.512  -22.697  -13.064 0.4000000060
142437  -30.372  -23.164  -12.068 0.5000000000
58120  -24.938  -21.349  -9.320 0.3000000119
57329  -29.015  -22.051  -13.445 0.4000000060
58172  -28.164  -21.444  -14.282 0.5000000000
58155  -28.802  -21.268  -13.658 0.4000000060
58170  -26.596  -21.240  -14.968 0.6000000238
58171  -27.347  -21.362  -14.641 0.5000000000
143196  -28.487  -20.979  -13.996 0.5000000000
129471  -25.032  -20.775  -15.571 0.6000000238
59017  -26.412  -20.481  -15.262 0.5000000000
59006  -27.108  -20.629  -14.785 0.5000000000
59016  -22.875  -20.371  -16.159 0.5000000000
119303  -23.934  -20.247  -16.344 0.6000000238
122601  -25.635  -20.325  -15.627 0.6000000238
118848  -24.789  -20.263  -15.907 0.6000000238
59839  -22.995  -19.609  -16.419 0.5000000000
60738  -22.812  -18.416  -17.205 0.5000000000
61682  -21.393  -16.789  -17.843 0.5000000000
60669  -23.932  -19.130  -9.780 0.3000000119
59783  -25.563  -19.213  -9.445 0.4000000060
60672  -26.246  -18.602  -9.481 0.4000000060
138313  -26.242  -19.606  -15.582 0.5000000000
61604  -24.753  -17.804  -9.984 0.4000000060
59841  -25.316  -19.640  -15.960 0.5000000000
60720  -27.602  -18.315  -14.771 0.5000000000
60721  -28.222  -18.409  -14.331 0.5000000000
60730  -24.924  -19.097  -16.451 0.5000000000
140727  -27.285  -18.248  -15.219 0.5000000000
60729  -23.566  -19.015  -16.586 0.5000000000
60739  -24.353  -18.554  -16.884 0.6000000238
62577  -22.331  -16.193  -17.973 0.5000000000
61672  -23.693  -17.790  -17.417 0.5000000000
62564  -22.939  -16.882  -17.690 0.6000000238
138259  -22.949  -15.882  -18.323 0.4000000060
61593  -25.435  -17.570  -9.784 0.4000000060
60663  -27.560  -18.585  -8.776 0.4000000060
60731  -25.825  -19.047  -16.018 0.5000000000
60740  -25.642  -18.467  -16.611 0.5000000000
141216  -25.899  -17.772  -17.024 0.5000000000
126677  -26.499  -17.913  -16.378 0.5000000000
61673  -25.039  -17.950  -17.327 0.5000000000
63493  -23.954  -15.855  -18.292 0.4000000060
62565  -24.340  -17.139  -17.651 0.5000000000
62578  -23.549  -16.365  -17.960 0.5000000000
119906  -26.761  -17.125  -9.296 0.4000000060
61605  -25.060  -16.960  -9.994 0.4000000060
60732  -26.389  -18.553  -15.890 0.5000000000
61651  -28.125  -17.760  -14.617 0.4000000060
62566  -25.524  -17.252  -17.561 0.4000000060
62580  -26.096  -16.611  -18.139 0.4000000060
62579  -24.920  -16.603  -18.109 0.5000000000
63494  -25.376  -15.923  -18.471 0.3000000119
62552  -27.865  -16.953  -15.723 0.4000000060
62567  -26.515  -17.081  -16.951 0.4000000060
63495  -26.502  -15.853  -18.337 0.5000000000
64357  -26.906  -15.039  -18.455 0.4000000060
62581  -27.043  -16.373  -17.628 0.4000000060
66110  -25.665  -12.838  -19.062 0.4000000060
63486  -28.527  -15.472  -16.576 0.4000000060
129003  -27.236  -14.266  -18.484 0.4000000060
65217  -26.564  -13.543  -18.742 0.4000000060
66111  -26.835  -12.738  -18.923 0.4000000060
66119  -25.810  -11.961  -19.216 0.4000000060
63497  -28.191  -15.175  -17.413 0.4000000060
63496  -27.455  -15.609  -17.920 0.3000000119
64358  -27.764  -14.798  -18.117 0.4000000060
64348  -28.800  -14.706  -16.923 0.4000000060
136551  -29.066  -15.020  -16.147 0.4000000060
64359  -28.480  -14.386  -17.850 0.3000000119
136936  -28.006  -14.142  -18.357 0.4000000060
65218  -27.558  -13.453  -18.504 0.4000000060
66120  -27.170  -11.994  -19.027 0.4000000060
135731  -28.565  -13.502  -18.128 0.4000000060
66112  -27.861  -12.652  -18.432 0.5000000000
65210  -29.106  -13.925  -17.276 0.4000000060
34585  -27.153  -47.874  -7.992 0.6999999881
132295  -21.278  -55.020  -6.302 0.6000000238
34561  -25.752  -48.554  -5.004 0.6999999881
120744  -28.599  -44.904  -8.812 0.8000000119
36323  -27.372  -46.053  -6.842 0.8000000119
35412  -24.157  -47.903  -3.497 0.6000000238
36281  -25.160  -46.901  -3.764 0.6000000238
37231  -26.081  -45.859  -4.386 0.6999999881
32191  -20.518  -50.790  -9.046 0.4000000060
44091  -22.948  -37.940  -14.853 0.8000000119
38956  -25.567  -43.555  -3.511 0.6000000238
36321  -21.281  -46.041  -6.999 0.5000000000
41523  -29.164  -40.256  -6.654 0.8000000119
42422  -29.537  -39.214  -9.161 0.8000000119
40676  -27.597  -41.581  -4.857 0.8000000119
40663  -23.001  -41.902  -3.580 0.6000000238
136329  -22.910  -41.295  -7.578 0.5000000000
41501  -22.621  -40.610  -5.073 0.6000000238
42337  -27.015  -39.619  -3.702 0.6999999881
46569  -26.842  -34.672  -11.889 0.6999999881
43164  -28.996  -37.848  -4.895 0.6999999881
44769  -27.169  -36.604  -3.540 0.6999999881
50953  -24.659  -29.285  -12.538 0.8000000119
49977  -29.336  -30.718  -10.483 0.6999999881
49088  -30.038  -31.196  -5.736 0.6000000238
49963  -30.490  -30.319  -9.389 0.6999999881
50926  -30.421  -29.688  -10.006 0.6000000238
127923  -27.777  -32.666  -4.722 0.6000000238
52851  -30.819  -27.218  -8.333 0.4000000060
56460  -28.697  -23.748  -13.600 0.6000000238
61671  -21.933  -17.322  -17.438 0.5000000000
56454  -31.059  -23.591  -10.073 0.4000000060
35530  -25.265  -48.036  -15.186 0.5000000000
36411  -25.871  -46.384  -15.377 0.5000000000
33016  -26.998  -49.814  -13.059 0.6999999881
39089  -27.198  -43.519  -15.496 0.5000000000
119546  -22.645  -56.018  -5.152 0.5000000000
39960  -26.175  -42.629  -16.116 0.6999999881
35488  -27.993  -47.144  -9.829 0.6999999881
37326  -26.771  -45.774  -13.373 0.6999999881
38217  -26.716  -44.450  -13.644 0.6999999881
41622  -26.591  -40.149  -16.183 0.6999999881
43291  -28.336  -38.404  -15.700 0.5000000000
42487  -27.091  -39.263  -16.477 0.6000000238
44897  -27.068  -36.756  -15.356 0.5000000000
31381  -22.682  -52.474  -4.477 0.6000000238
125001  -28.804  -44.713  -11.220 0.6999999881
123234  -23.968  -51.816  -4.183 0.6000000238
35465  -27.445  -47.289  -7.719 0.8000000119
44870  -28.710  -36.456  -13.833 0.4000000060
36322  -26.961  -46.705  -6.220 0.8000000119
32142  -21.731  -51.294  -4.777 0.6000000238
125830  -21.251  -52.098  -5.746 0.6000000238
43288  -23.803  -38.542  -15.289 0.8000000119
37284  -28.060  -44.960  -7.566 0.6999999881
29728  -20.976  -54.010  -8.414 0.5000000000
40739  -29.276  -42.106  -10.868 0.8000000119
44882  -27.301  -36.314  -14.750 0.5000000000
37249  -26.992  -45.236  -5.449 0.6999999881
32154  -20.819  -50.902  -5.928 0.6000000238
136432  -28.647  -42.915  -7.989 0.8000000119
134243  -28.301  -41.112  -12.698 0.8000000119
45762  -25.105  -35.431  -15.068 0.6999999881
133303  -27.081  -34.565  -13.808 0.6000000238
38136  -27.055  -44.502  -5.215 0.6999999881
33706  -21.281  -49.114  -4.909 0.6000000238
142127  -26.110  -38.253  -13.607 0.8999999762
44075  -23.380  -37.773  -14.388 0.8000000119
46588  -26.502  -34.155  -13.805 0.6000000238
47477  -28.688  -33.362  -13.465 0.4000000060
32976  -20.550  -50.059  -8.464 0.3000000119
32952  -20.664  -50.289  -6.546 0.5000000000
32177  -20.553  -51.188  -7.681 0.5000000000
136620  -20.460  -51.805  -7.873 0.5000000000
126162  -20.607  -51.703  -9.170 0.4000000060
43256  -27.712  -38.934  -12.542 0.8999999762
45778  -22.310  -35.802  -14.573 0.8000000119
38102  -24.470  -44.536  -3.385 0.6000000238
37218  -23.263  -45.577  -3.408 0.6000000238
38103  -25.337  -44.364  -3.561 0.6000000238
39821  -27.423  -42.412  -4.810 0.8000000119
36278  -21.825  -46.841  -3.901 0.5000000000
32962  -20.567  -50.344  -7.515 0.4000000060
123751  -20.578  -49.051  -6.508 0.5000000000
34559  -20.678  -48.810  -5.697 0.5000000000
42440  -28.975  -38.726  -10.971 0.8000000119
49167  -25.640  -30.906  -13.856 0.6000000238
49169  -27.682  -31.176  -14.776 0.4000000060
38101  -23.488  -44.547  -3.315 0.6000000238
36351  -20.617  -46.823  -8.170 0.5000000000
35448  -20.550  -47.537  -6.767 0.5000000000
37216  -21.748  -46.042  -3.949 0.5000000000
122194  -24.057  -43.863  -3.241 0.6000000238
38170  -21.569  -44.543  -7.431 0.5000000000
121331  -21.404  -45.200  -6.818 0.5000000000
38991  -21.685  -43.343  -6.419 0.6000000238
36337  -21.082  -46.133  -7.885 0.5000000000
38100  -21.921  -45.166  -3.825 0.5000000000
125313  -21.047  -45.772  -6.056 0.5000000000
38961  -21.890  -43.829  -4.591 0.6000000238
38135  -21.573  -44.165  -5.497 0.6000000238
38118  -21.697  -44.618  -4.508 0.5000000000
41539  -21.062  -39.981  -9.044 0.4000000060
43202  -29.580  -38.608  -7.039 0.6999999881
43214  -29.819  -38.390  -8.016 0.6999999881
45736  -25.741  -35.776  -12.794 0.8000000119
136812  -23.109  -35.625  -13.461 0.8999999762
38973  -21.677  -43.166  -5.278 0.6000000238
39818  -21.999  -42.976  -4.426 0.6000000238
129450  -22.405  -41.319  -4.944 0.6000000238
41530  -23.190  -40.192  -7.866 0.4000000060
41502  -23.061  -39.857  -5.305 0.5000000000
41520  -22.840  -40.207  -5.993 0.5000000000
42380  -23.600  -38.930  -6.740 0.5000000000
125612  -23.838  -38.494  -6.309 0.5000000000
44840  -29.317  -36.506  -10.392 0.6999999881
45734  -22.799  -34.959  -13.317 0.8000000119
50976  -25.051  -29.542  -14.946 0.6999999881
41488  -25.912  -40.486  -3.409 0.6999999881
136337  -24.443  -40.255  -3.496 0.6999999881
41496  -23.300  -40.420  -4.334 0.6000000238
44007  -30.012  -37.048  -6.733 0.6999999881
44826  -30.253  -36.225  -8.800 0.6999999881
44002  -22.112  -37.515  -6.772 0.4000000060
50017  -21.982  -30.919  -14.404 0.8000000119
42334  -24.612  -39.470  -3.647 0.6000000238
43151  -25.982  -38.868  -3.410 0.6999999881
42347  -23.518  -39.413  -4.681 0.6000000238
42358  -23.560  -39.140  -5.718 0.5000000000
44806  -23.072  -36.453  -7.055 0.3000000119
45702  -29.812  -35.311  -9.781 0.6999999881
44792  -23.198  -36.051  -6.655 0.3000000119
132157  -20.403  -31.106  -14.011 0.8999999762
50973  -21.067  -30.197  -14.536 0.8000000119
50984  -23.805  -28.761  -15.422 0.6000000238
51950  -22.526  -28.109  -15.425 0.6000000238
51938  -21.199  -28.671  -14.598 0.8000000119
43971  -24.535  -37.169  -4.738 0.6000000238
124406  -26.125  -38.082  -3.491 0.6999999881
44770  -27.800  -36.771  -3.627 0.6999999881
46541  -29.743  -34.452  -9.885 0.6999999881
50007  -18.997  -30.757  -12.964 0.8000000119
132173  -20.432  -29.484  -14.402 0.8000000119
44794  -29.487  -36.635  -5.191 0.6999999881
45658  -26.567  -34.902  -4.279 0.5000000000
128835  -30.315  -34.653  -6.095 0.6999999881
46527  -30.672  -34.712  -7.873 0.6999999881
47424  -30.008  -33.694  -9.699 0.6999999881
47415  -30.737  -33.895  -8.344 0.6999999881
131512  -30.582  -33.369  -9.149 0.6999999881
49123  -29.080  -31.629  -10.348 0.6999999881
49975  -24.933  -31.031  -11.663 0.8000000119
49137  -25.734  -30.982  -11.589 0.8000000119
49991  -25.404  -30.441  -11.867 0.8000000119
45676  -29.541  -35.278  -5.170 0.6999999881
46499  -25.316  -34.107  -5.571 0.3000000119
47384  -25.547  -33.288  -5.180 0.3000000119
47385  -26.544  -33.529  -4.971 0.4000000060
47416  -31.105  -33.001  -8.399 0.6999999881
48244  -24.363  -32.386  -4.412 0.3000000119
49095  -30.852  -31.772  -8.860 0.6999999881
48268  -31.224  -32.521  -7.620 0.6999999881
49914  -25.552  -30.078  -4.882 0.3000000119
53810  -20.517  -25.545  -15.559 0.6999999881
49063  -28.185  -31.981  -5.115 0.6000000238
49079  -29.924  -31.928  -5.515 0.6000000238
49076  -27.976  -31.246  -5.226 0.4000000060
48267  -30.883  -31.591  -7.015 0.6999999881
52898  -28.092  -26.976  -13.230 0.8000000119
53766  -26.099  -26.338  -13.980 0.8000000119
54665  -24.105  -25.812  -14.315 0.8000000119
54710  -21.067  -25.153  -15.959 0.6000000238
55609  -21.646  -24.591  -16.214 0.6000000238
130996  -28.002  -30.405  -5.268 0.3000000119
128701  -30.665  -30.062  -7.236 0.5000000000
51852  -27.563  -27.942  -5.863 0.3000000119
50914  -30.736  -29.510  -9.221 0.6000000238
51919  -29.060  -28.326  -12.329 0.8000000119
52863  -30.726  -27.735  -10.701 0.6000000238
53767  -27.554  -26.442  -13.495 0.6999999881
56520  -19.866  -22.390  -16.223 0.6999999881
51839  -29.177  -28.378  -6.170 0.3000000119
52817  -26.999  -27.405  -6.226 0.3000000119
128659  -29.676  -27.899  -6.616 0.3000000119
142593  -26.014  -26.638  -6.948 0.3000000119
53710  -27.438  -25.843  -7.175 0.3000000119
53738  -30.756  -26.888  -10.840 0.6000000238
56487  -19.915  -22.849  -15.199 0.6999999881
54649  -30.669  -25.280  -11.646 0.6999999881
138181  -26.831  -24.111  -14.391 0.6000000238
57334  -20.814  -22.016  -15.532 0.6999999881
53732  -30.610  -26.371  -8.026 0.4000000060
57336  -23.546  -22.051  -15.416 0.6000000238
58169  -23.963  -21.555  -15.534 0.6000000238
129110  -22.758  -21.117  -17.857 0.6000000238
120153  -21.027  -19.276  -17.610 0.4000000060
54613  -30.310  -25.636  -8.065 0.4000000060
55533  -28.341  -24.106  -8.277 0.4000000060
124867  -26.493  -24.233  -8.363 0.3000000119
56428  -24.980  -23.559  -9.053 0.3000000119
56462  -30.018  -23.367  -12.654 0.5000000000
57340  -27.529  -22.219  -14.483 0.5000000000
58168  -22.572  -21.612  -15.652 0.5000000000
143576  -27.329  -23.222  -8.429 0.4000000060
57287  -26.872  -22.724  -8.537 0.4000000060
57310  -30.866  -22.860  -10.486 0.4000000060
128015  -29.556  -21.991  -12.808 0.4000000060
142111  -27.702  -20.837  -14.503 0.5000000000
59840  -24.341  -19.702  -16.377 0.6000000238
60670  -24.750  -18.726  -9.651 0.3000000119
138885  -26.816  -18.826  -9.144 0.4000000060
140925  -26.344  -18.991  -15.640 0.5000000000
60673  -26.838  -18.119  -9.259 0.4000000060
63485  -27.837  -15.913  -17.006 0.4000000060
64349  -29.327  -14.272  -16.299 0.4000000060
28934  -27.148  -55.261  -10.058 0.5000000000
133602  -27.511  -53.810  -10.971 0.5000000000
27430  -26.070  -57.499  -7.811 0.4000000060
28195  -26.474  -56.363  -8.661 0.5000000000
28204  -26.816  -55.981  -9.480 0.5000000000
30628  -27.171  -53.785  -10.246 0.6000000238
136912  -27.320  -53.254  -10.617 0.6000000238
120037  -26.351  -55.964  -8.021 0.5000000000
28919  -26.111  -56.053  -7.245 0.5000000000
29730  -26.560  -54.700  -8.496 0.5000000000
29744  -26.765  -54.179  -9.041 0.5000000000
28909  -25.532  -56.187  -6.438 0.5000000000
30627  -26.883  -53.604  -9.538 0.6000000238
31460  -26.799  -52.261  -9.948 0.6000000238
31449  -27.020  -53.049  -10.053 0.6000000238
31461  -27.197  -52.550  -10.693 0.6000000238
32214  -27.171  -51.850  -11.167 0.6000000238
32213  -26.774  -51.181  -10.852 0.6000000238
32224  -27.122  -51.165  -11.679 0.6000000238
33017  -27.137  -50.469  -12.302 0.6000000238
33782  -27.106  -49.665  -12.103 0.6000000238
29704  -26.249  -54.610  -6.923 0.5000000000
141212  -26.609  -54.019  -8.400 0.5000000000
31448  -26.749  -52.806  -9.351 0.6000000238
28900  -25.267  -55.415  -5.759 0.5000000000
32205  -26.678  -51.345  -9.954 0.6000000238
128607  -24.043  -56.337  -5.314 0.5000000000
32998  -26.723  -50.535  -10.424 0.6000000238
33008  -26.883  -50.352  -11.319 0.6000000238
33781  -26.798  -49.027  -12.902 0.6000000238
30603  -26.513  -53.555  -7.896 0.5000000000
31434  -26.622  -52.592  -8.704 0.5000000000
29703  -25.730  -54.677  -6.148 0.5000000000
30588  -26.098  -54.098  -6.400 0.5000000000
30589  -26.328  -53.835  -7.099 0.5000000000
31424  -26.569  -52.801  -8.034 0.5000000000
120138  -26.591  -51.928  -9.135 0.6000000238
29691  -24.837  -54.840  -5.259 0.5000000000
29692  -25.307  -54.592  -5.507 0.5000000000
32988  -26.657  -50.497  -9.592 0.6000000238
28898  -23.513  -55.859  -5.064 0.5000000000
29678  -24.235  -54.576  -4.846 0.5000000000
33761  -27.213  -49.314  -10.518 0.6000000238
135800  -26.863  -49.924  -10.728 0.6000000238
34638  -27.273  -48.767  -11.994 0.6000000238
30572  -25.686  -53.907  -5.662 0.5000000000
32178  -26.518  -51.407  -7.614 0.5000000000
32192  -26.572  -51.271  -8.476 0.6000000238
119909  -26.540  -50.617  -7.911 0.6000000238
126139  -25.808  -53.108  -5.736 0.5000000000
120028  -26.570  -52.041  -8.229 0.6000000238
130219  -26.596  -50.492  -8.759 0.6000000238
28886  -23.704  -55.203  -4.863 0.5000000000
28896  -21.781  -56.114  -5.566 0.5000000000
33771  -27.106  -49.504  -11.284 0.6000000238
35512  -27.304  -47.775  -12.348 0.6000000238
125788  -25.897  -51.684  -5.717 0.5000000000
31399  -26.169  -52.500  -6.328 0.5000000000
32168  -26.355  -51.555  -6.658 0.5000000000
32963  -26.517  -49.966  -7.343 0.6000000238
137204  -24.352  -53.772  -4.726 0.5000000000
29677  -23.399  -54.585  -4.768 0.5000000000
30554  -23.715  -53.859  -4.662 0.6000000238
32157  -26.230  -50.758  -5.992 0.6000000238
33727  -26.640  -49.202  -7.614 0.6000000238
31384  -25.018  -52.504  -4.715 0.6000000238
31398  -25.346  -51.788  -4.833 0.6000000238
33739  -26.741  -49.027  -8.468 0.6000000238
132540  -22.993  -53.888  -4.717 0.5000000000
125931  -23.252  -53.191  -4.493 0.5000000000
31383  -24.338  -52.487  -4.452 0.6000000238
127804  -21.573  -55.207  -5.702 0.4000000060
32156  -25.647  -50.993  -5.115 0.6000000238
32942  -26.169  -49.831  -5.842 0.6000000238
32953  -26.357  -50.115  -6.585 0.5000000000
121069  -26.694  -48.624  -7.128 0.6000000238
34601  -27.116  -48.260  -8.681 0.6000000238
33718  -26.455  -49.293  -6.659 0.6999999881
134412  -26.802  -32.856  -13.574 0.5000000000
50940  -28.742  -29.550  -11.589 0.6000000238
53795  -22.115  -26.721  -15.474 0.5000000000
140433  -23.090  -25.655  -16.225 0.5000000000
56527  -20.575  -22.247  -16.769 0.5000000000
67049  -28.183  -11.865  -18.464 0.3000000119
67059  -28.619  -11.072  -18.622 0.3000000119
68040  -29.386  -10.511  -18.508 0.3000000119
26614  -25.719  -58.197  -7.643 0.4000000060
121235  -26.558  -56.874  -9.344 0.5000000000
30654  -28.087  -53.668  -11.693 0.5000000000
27429  -25.560  -57.530  -7.118 0.4000000060
137412  -27.504  -52.441  -11.416 0.5000000000
31470  -27.540  -51.926  -11.954 0.5000000000
26606  -24.734  -58.493  -6.568 0.4000000060
28174  -24.723  -57.279  -5.911 0.5000000000
28165  -24.063  -57.174  -5.480 0.5000000000
28166  -24.784  -56.445  -5.705 0.5000000000
27412  -23.113  -57.376  -5.465 0.3000000119
28162  -21.849  -57.061  -5.849 0.4000000060
27428  -20.965  -57.578  -7.370 0.4000000060
125494  -28.026  -34.118  -13.336 0.4000000060
134785  -27.962  -33.274  -13.457 0.4000000060
48335  -27.515  -32.705  -13.616 0.4000000060
53813  -23.575  -26.881  -16.531 0.5000000000
54712  -23.696  -25.932  -16.587 0.5000000000
55619  -23.570  -24.372  -16.848 0.5000000000
67050  -29.171  -11.774  -18.221 0.3000000119
68960  -29.926  -9.883  -18.049 0.3000000119
26613  -25.271  -58.322  -7.015 0.4000000060
138724  -26.636  -51.114  -9.178 0.6000000238
29690  -21.919  -54.480  -5.385 0.5000000000
28885  -22.987  -55.298  -4.870 0.5000000000
53814  -24.237  -26.678  -16.910 0.5000000000
28163  -22.456  -56.773  -5.479 0.4000000060
29757  -27.385  -54.544  -10.543 0.6000000238
27439  -26.333  -57.202  -8.572 0.4000000060
28933  -26.761  -54.999  -9.275 0.5000000000
132272  -26.996  -54.397  -9.790 0.6000000238
28920  -26.320  -55.216  -7.698 0.5000000000
28175  -25.286  -57.027  -6.354 0.5000000000
121307  -26.337  -53.042  -7.224 0.5000000000
30555  -24.981  -54.055  -4.989 0.5000000000
30556  -25.247  -53.207  -5.177 0.5000000000
27420  -25.018  -57.778  -6.444 0.4000000060
30663  -27.938  -52.790  -12.087 0.4000000060
32230  -27.432  -51.272  -12.580 0.4000000060
35477  -20.480  -47.602  -8.478 0.3000000119
137608  -20.453  -48.393  -7.989 0.4000000060
119162  -20.545  -49.401  -7.830 0.4000000060
37294  -21.294  -45.676  -8.435 0.4000000060
39032  -20.408  -43.568  -11.092 0.4000000060
39033  -20.882  -43.974  -10.180 0.4000000060
142283  -21.420  -45.144  -9.233 0.4000000060
136531  -21.558  -44.605  -8.111 0.4000000060
39040  -19.324  -43.276  -11.743 0.3000000119
122316  -19.942  -43.400  -11.726 0.3000000119
143040  -18.998  -42.513  -11.671 0.4000000060
39022  -21.263  -43.682  -9.338 0.4000000060
40746  -19.591  -41.900  -11.378 0.4000000060
40728  -20.652  -41.266  -9.800 0.4000000060
39901  -20.826  -42.986  -10.144 0.5000000000
40738  -19.793  -41.276  -10.779 0.4000000060
123784  -26.788  -32.754  -5.088 0.3000000119
50890  -30.424  -29.349  -6.776 0.3000000119
133430  -29.738  -29.067  -6.307 0.3000000119
51854  -30.103  -28.510  -6.645 0.3000000119
51869  -30.643  -28.610  -7.281 0.3000000119
51876  -30.719  -27.932  -7.827 0.3000000119
53713  -30.152  -26.183  -7.491 0.3000000119
55516  -29.371  -25.045  -7.938 0.3000000119
142844  -27.004  -19.782  -14.920 0.4000000060
139592  -26.940  -18.832  -15.213 0.4000000060
55515  -28.689  -24.842  -7.905 0.3000000119
55514  -27.817  -24.742  -8.009 0.3000000119
55532  -27.375  -24.006  -8.324 0.3000000119
59007  -28.183  -20.617  -14.202 0.4000000060
59834  -28.354  -19.829  -13.948 0.3000000119
59833  -27.770  -19.152  -14.462 0.4000000060
61662  -26.982  -18.105  -15.652 0.4000000060
61674  -27.222  -17.443  -16.132 0.3000000119
55534  -29.356  -24.210  -8.226 0.3000000119
56433  -29.770  -23.238  -8.587 0.3000000119
56432  -28.869  -23.396  -8.356 0.3000000119
140355  -30.177  -22.766  -8.939 0.3000000119
57303  -30.911  -22.931  -9.796 0.3000000119
131695  -29.154  -22.756  -8.509 0.3000000119
57290  -29.759  -22.322  -8.815 0.3000000119
58108  -30.125  -21.526  -9.112 0.3000000119
121074  -30.758  -22.054  -10.077 0.3000000119
57312  -30.574  -22.627  -11.467 0.3000000119
57288  -27.765  -22.537  -8.471 0.3000000119
57289  -28.497  -22.824  -8.446 0.3000000119
57318  -30.136  -22.467  -12.360 0.3000000119
58104  -27.054  -21.874  -8.583 0.3000000119
58942  -27.205  -20.892  -8.740 0.3000000119
135908  -26.480  -20.603  -8.904 0.3000000119
58156  -29.475  -21.337  -13.068 0.3000000119
58996  -29.257  -20.663  -13.307 0.3000000119
59825  -29.230  -19.824  -13.325 0.3000000119
60671  -25.510  -18.286  -9.690 0.3000000119
58995  -28.696  -20.512  -13.707 0.3000000119
133912  -24.298  -17.000  -10.315 0.3000000119
61663  -27.578  -17.709  -15.272 0.3000000119
62568  -27.447  -16.636  -16.543 0.3000000119
57291  -30.440  -22.319  -9.446 0.3000000119
126168  -28.767  -22.131  -8.570 0.3000000119
58107  -29.457  -21.612  -8.699 0.3000000119
119782  -30.756  -21.939  -10.874 0.3000000119
131444  -30.500  -21.959  -11.737 0.3000000119
58105  -27.953  -21.590  -8.500 0.3000000119
58106  -28.816  -21.215  -8.438 0.3000000119
58132  -30.766  -21.072  -10.466 0.3000000119
58136  -30.684  -21.265  -11.493 0.3000000119
58144  -30.216  -21.459  -12.363 0.3000000119
58943  -28.113  -20.833  -8.516 0.3000000119
58944  -28.744  -20.337  -8.552 0.3000000119
58945  -29.678  -20.827  -8.744 0.3000000119
58955  -25.958  -20.073  -9.082 0.3000000119
59773  -26.815  -20.059  -8.903 0.3000000119
59774  -27.721  -20.104  -8.708 0.3000000119
58982  -29.906  -20.491  -12.668 0.3000000119
59815  -29.905  -19.464  -12.628 0.3000000119
59784  -26.441  -19.352  -9.188 0.3000000119
124162  -29.423  -19.004  -13.157 0.3000000119
61594  -26.124  -17.795  -9.605 0.3000000119
62480  -25.838  -16.848  -9.642 0.3000000119
137694  -26.449  -16.337  -9.559 0.3000000119
136223  -28.674  -18.917  -13.734 0.3000000119
60722  -28.869  -17.904  -14.051 0.3000000119
61664  -28.185  -17.236  -15.104 0.3000000119
62553  -28.471  -16.462  -15.187 0.3000000119
62569  -28.232  -16.236  -16.157 0.3000000119
58122  -30.589  -21.326  -9.721 0.3000000119
58946  -30.356  -20.839  -9.305 0.3000000119
58956  -30.657  -20.401  -9.822 0.3000000119
58967  -30.700  -20.215  -10.495 0.3000000119
142124  -28.294  -19.826  -8.651 0.3000000119
119191  -29.548  -20.076  -8.800 0.3000000119
59777  -30.224  -20.214  -9.205 0.3000000119
58973  -30.682  -20.468  -11.284 0.3000000119
59785  -27.187  -19.388  -8.860 0.3000000119
125252  -27.983  -19.355  -8.647 0.3000000119
59775  -28.923  -19.504  -8.737 0.3000000119
59816  -30.535  -19.978  -12.073 0.3000000119
60706  -29.929  -18.468  -12.702 0.3000000119
61595  -27.564  -17.682  -8.881 0.3000000119
62481  -27.136  -16.228  -9.382 0.3000000119
60713  -29.321  -18.374  -13.423 0.3000000119
63399  -26.640  -15.625  -9.648 0.3000000119
62544  -28.639  -17.133  -14.546 0.3000000119
59795  -30.657  -19.641  -10.160 0.3000000119
60665  -29.512  -18.789  -8.943 0.3000000119
119178  -30.527  -19.080  -9.884 0.3000000119
59803  -30.617  -19.561  -11.126 0.3000000119
60674  -30.622  -18.329  -9.819 0.3000000119
60683  -30.598  -18.926  -10.499 0.3000000119
60707  -30.541  -19.090  -12.076 0.3000000119
61588  -28.291  -18.047  -8.605 0.3000000119
61589  -29.105  -17.992  -8.593 0.3000000119
129254  -27.701  -16.842  -9.091 0.3000000119
124691  -27.902  -16.129  -9.199 0.3000000119
63401  -28.656  -15.691  -9.205 0.3000000119
61643  -30.150  -16.924  -13.105 0.3000000119
61642  -29.599  -17.566  -13.349 0.3000000119
63400  -27.559  -15.425  -9.465 0.3000000119
136986  -28.290  -15.020  -9.468 0.3000000119
142800  -29.131  -17.103  -13.988 0.3000000119
62545  -29.011  -16.279  -14.296 0.3000000119
62554  -28.828  -15.732  -14.875 0.3000000119
63478  -28.776  -15.691  -15.748 0.3000000119
59786  -30.241  -18.897  -9.456 0.3000000119
131754  -29.999  -18.082  -9.117 0.3000000119
121034  -30.767  -18.192  -10.616 0.3000000119
60693  -30.645  -18.685  -11.312 0.3000000119
61596  -28.473  -17.364  -8.736 0.3000000119
61597  -29.549  -17.147  -8.965 0.3000000119
61598  -30.483  -17.443  -9.558 0.3000000119
62482  -28.584  -16.531  -8.949 0.3000000119
62483  -29.419  -16.272  -9.082 0.3000000119
138955  -30.699  -17.445  -11.818 0.3000000119
64273  -27.646  -14.563  -9.601 0.3000000119
63402  -29.767  -15.629  -9.291 0.3000000119
64274  -29.133  -14.951  -9.443 0.3000000119
122831  -30.060  -14.856  -9.431 0.3000000119
62535  -29.595  -16.623  -13.610 0.3000000119
63471  -29.374  -15.404  -14.452 0.3000000119
63479  -29.227  -15.092  -15.292 0.3000000119
143809  -30.762  -18.030  -11.354 0.3000000119
130578  -30.841  -16.973  -9.904 0.3000000119
61618  -30.857  -17.485  -10.944 0.3000000119
62484  -30.316  -16.468  -9.462 0.3000000119
62493  -30.854  -16.242  -10.171 0.3000000119
62507  -30.902  -16.710  -11.417 0.3000000119
132880  -28.477  -14.353  -9.470 0.3000000119
63403  -30.503  -15.564  -9.707 0.3000000119
63447  -30.610  -15.659  -12.712 0.3000000119
65137  -28.630  -13.736  -9.463 0.3000000119
64275  -29.426  -14.094  -9.456 0.3000000119
62536  -30.274  -16.199  -13.256 0.3000000119
63463  -29.625  -15.779  -13.753 0.3000000119
137395  -29.971  -14.948  -13.922 0.3000000119
64337  -29.635  -14.631  -14.655 0.3000000119
65211  -29.577  -13.417  -16.658 0.3000000119
65204  -29.635  -13.650  -15.721 0.3000000119
64342  -29.472  -14.364  -15.401 0.3000000119
62494  -31.192  -16.074  -10.894 0.3000000119
65136  -27.821  -13.697  -9.552 0.3000000119
63415  -31.002  -15.444  -10.403 0.3000000119
63429  -31.015  -15.768  -11.780 0.3000000119
65138  -29.132  -13.279  -9.449 0.3000000119
138906  -30.260  -14.119  -9.695 0.3000000119
64288  -31.182  -14.714  -10.628 0.3000000119
63416  -31.311  -15.272  -11.048 0.3000000119
63448  -30.874  -15.111  -12.272 0.3000000119
64319  -30.547  -14.821  -12.939 0.3000000119
137488  -30.275  -15.391  -13.389 0.3000000119
65188  -30.504  -13.601  -13.656 0.3000000119
64331  -30.390  -14.404  -13.546 0.3000000119
65200  -30.226  -13.358  -14.389 0.3000000119
64338  -30.120  -14.143  -14.187 0.3000000119
65205  -29.908  -13.140  -15.108 0.3000000119
65199  -29.735  -13.842  -14.858 0.3000000119
66008  -27.801  -12.826  -9.569 0.3000000119
66009  -28.665  -12.633  -9.501 0.3000000119
66010  -29.602  -12.601  -9.477 0.3000000119
139024  -30.674  -13.204  -9.926 0.3000000119
64289  -31.351  -14.090  -10.842 0.3000000119
130119  -31.363  -14.653  -11.080 0.3000000119
64320  -30.920  -14.416  -12.224 0.3000000119
65150  -31.141  -13.237  -10.607 0.3000000119
65175  -31.160  -13.567  -12.089 0.3000000119
65189  -31.183  -13.109  -13.055 0.3000000119
65174  -30.743  -13.989  -12.920 0.3000000119
66073  -30.571  -12.635  -13.867 0.3000000119
66096  -29.895  -12.856  -15.990 0.3000000119
66086  -30.326  -12.701  -14.650 0.3000000119
65219  -29.338  -13.076  -17.512 0.3000000119
66113  -28.860  -12.553  -18.139 0.3000000119
66939  -29.052  -11.905  -9.506 0.3000000119
66940  -29.983  -11.882  -9.488 0.3000000119
66011  -30.351  -12.571  -9.634 0.3000000119
66033  -30.852  -12.502  -10.119 0.3000000119
66034  -31.258  -12.342  -10.762 0.3000000119
138367  -31.352  -12.932  -11.369 0.3000000119
123224  -31.432  -12.620  -12.251 0.3000000119
66097  -30.277  -12.367  -15.319 0.3000000119
66103  -29.828  -12.597  -16.896 0.3000000119
66114  -29.554  -12.266  -17.663 0.3000000119
66941  -30.537  -11.960  -9.766 0.3000000119
33024  -27.166  -50.636  -13.270 0.4000000060
39051  -19.115  -43.949  -11.998 0.3000000119
128941  -21.596  -44.233  -8.677 0.4000000060
37282  -21.389  -45.321  -7.780 0.4000000060
39900  -20.424  -42.053  -10.511 0.4000000060
52821  -30.351  -27.856  -7.014 0.3000000119
56448  -30.829  -23.607  -9.633 0.3000000119
127628  -27.666  -20.121  -14.470 0.4000000060
38215  -20.037  -44.643  -12.294 0.4000000060
123650  -20.354  -44.851  -11.871 0.4000000060
38196  -20.927  -44.675  -10.196 0.4000000060
38187  -21.296  -44.576  -9.422 0.4000000060
39039  -18.870  -43.050  -11.606 0.3000000119
124524  -20.128  -42.712  -11.176 0.4000000060
58983  -30.582  -20.732  -12.067 0.3000000119
62492  -25.926  -15.924  -9.882 0.3000000119
62491  -25.368  -16.294  -10.062 0.3000000119
59776  -29.908  -19.517  -9.084 0.3000000119
59787  -30.458  -19.629  -9.617 0.3000000119
60664  -28.562  -18.707  -8.678 0.3000000119
61635  -30.287  -17.552  -12.578 0.3000000119
120364  -30.640  -18.246  -12.031 0.3000000119
61606  -30.870  -17.560  -10.113 0.3000000119
62523  -30.598  -16.621  -12.428 0.3000000119
64272  -26.841  -14.836  -9.774 0.3000000119
63430  -31.234  -14.915  -11.614 0.3000000119
64276  -30.655  -14.788  -9.994 0.3000000119
65139  -30.054  -13.357  -9.530 0.3000000119
65149  -30.801  -13.974  -10.277 0.3000000119
65160  -31.358  -13.614  -11.209 0.3000000119
66049  -31.484  -12.220  -11.471 0.3000000119
140725  -19.619  -44.936  -12.405 0.4000000060
27465  -21.556  -57.208  -11.716 0.3000000119
27454  -21.341  -57.291  -10.742 0.3000000119
28223  -21.673  -56.396  -11.281 0.3000000119
27448  -21.141  -57.213  -9.787 0.3000000119
40745  -18.970  -41.836  -11.603 0.3000000119
40737  -19.160  -41.347  -11.357 0.3000000119
41562  -19.183  -40.610  -10.814 0.3000000119
133230  -20.549  -46.812  -10.575 0.3000000119
37316  -20.398  -45.673  -11.914 0.3000000119
37309  -21.125  -45.194  -9.734 0.3000000119
38195  -20.609  -44.372  -11.040 0.3000000119
36352  -21.067  -46.223  -8.682 0.3000000119
37300  -21.275  -45.637  -9.131 0.3000000119
138693  -20.140  -46.048  -12.402 0.3000000119
36367  -20.522  -46.102  -10.685 0.3000000119
45747  -29.031  -35.705  -13.511 0.3000000119
26638  -20.774  -58.482  -10.605 0.4000000060
26639  -21.280  -57.927  -11.237 0.3000000119
27419  -24.382  -57.899  -6.004 0.4000000060
27447  -20.635  -57.832  -9.235 0.4000000060
28164  -23.316  -56.605  -5.276 0.3000000119
28184  -20.967  -56.760  -7.118 0.6000000238
28185  -25.773  -56.769  -7.066 0.4000000060
28186  -26.239  -56.721  -7.793 0.4000000060
28203  -21.112  -56.596  -9.482 0.5000000000
28897  -22.189  -55.294  -5.256 0.6000000238
28899  -24.358  -55.540  -5.232 0.5000000000
28908  -21.272  -55.737  -6.201 0.4000000060
28910  -25.921  -55.376  -6.671 0.5000000000
28927  -26.543  -55.524  -8.630 0.5000000000
29689  -21.429  -54.280  -6.030 0.6000000238
29715  -21.075  -54.603  -7.762 0.6000000238
29716  -26.429  -54.319  -7.776 0.5000000000
29742  -20.812  -54.240  -9.172 0.5000000000
29756  -21.101  -55.142  -10.188 0.4000000060
30573  -26.145  -53.417  -6.373 0.5000000000
30602  -20.743  -53.131  -7.280 0.6000000238
30653  -27.608  -53.083  -11.232 0.6000000238
31382  -23.573  -52.449  -4.371 0.6000000238
31411  -21.141  -52.640  -6.195 0.6000000238
31423  -20.548  -52.424  -7.662 0.5000000000
32143  -22.343  -51.483  -4.442 0.6000000238
32167  -20.801  -51.959  -6.512 0.6000000238
32918  -23.858  -50.282  -3.687 0.6000000238
32977  -26.594  -49.821  -8.216 0.6000000238
33680  -22.795  -49.568  -3.610 0.6999999881
33695  -25.019  -49.568  -4.248 0.6000000238
33726  -20.609  -49.600  -6.991 0.5000000000
33751  -27.239  -49.159  -9.803 0.6999999881
34533  -23.804  -48.761  -3.540 0.6000000238
34547  -25.285  -48.180  -4.397 0.6999999881
34562  -26.211  -48.004  -5.514 0.8000000119
34583  -20.465  -48.131  -7.236 0.5000000000
34584  -26.864  -48.470  -7.849 0.6999999881
35463  -20.478  -47.515  -7.651 0.5000000000
35510  -26.117  -47.062  -13.707 0.6999999881
36309  -26.699  -46.475  -5.549 0.8000000119
36360  -21.037  -46.238  -9.309 0.3000000119
36361  -28.004  -47.031  -8.899 0.6999999881
36388  -27.334  -46.933  -12.682 0.6999999881
37219  -25.239  -45.930  -3.847 0.6999999881
37248  -21.164  -45.534  -5.232 0.5000000000
37299  -20.903  -45.834  -9.874 0.3000000119
37308  -20.695  -45.238  -10.746 0.4000000060
37310  -28.795  -45.229  -10.557 0.6999999881
38171  -28.291  -44.155  -7.373 0.8000000119
38179  -21.534  -45.054  -8.707 0.4000000060
38204  -20.240  -44.094  -11.932 0.4000000060
38205  -28.376  -44.903  -12.151 0.6999999881
38953  -22.696  -43.946  -3.580 0.6000000238
38992  -27.729  -43.567  -5.856 0.6999999881
39013  -21.586  -43.507  -8.652 0.4000000060
39041  -19.746  -44.093  -12.088 0.4000000060
39100  -25.597  -43.103  -15.857 0.6999999881
39809  -24.437  -42.403  -3.132 0.8000000119
39902  -29.256  -42.703  -10.108 0.8000000119
39911  -19.438  -42.592  -11.573 0.4000000060
39935  -24.962  -42.000  -14.752 0.6999999881
39936  -25.687  -42.244  -14.401 0.6999999881
39961  -26.895  -42.765  -15.847 0.6000000238
40675  -27.094  -41.926  -4.452 0.8000000119
40681  -28.123  -41.594  -5.476 0.8000000119
40720  -29.381  -41.630  -8.830 0.8000000119
40729  -21.545  -41.468  -9.160 0.5000000000
40747  -28.703  -41.642  -12.233 0.8000000119
40791  -24.739  -41.406  -15.032 0.6999999881
40801  -24.973  -41.390  -15.302 0.6999999881
41521  -23.333  -39.557  -6.239 0.5000000000
41522  -28.778  -40.928  -6.484 0.8000000119
41563  -19.936  -40.633  -10.248 0.4000000060
41585  -28.373  -40.427  -12.316 0.8999999762
42408  -20.642  -39.591  -8.714 0.4000000060
42421  -20.073  -39.885  -9.261 0.4000000060
42477  -24.332  -39.800  -14.985 0.8000000119
43150  -24.749  -38.496  -3.771 0.6000000238
43152  -27.089  -38.112  -3.514 0.6999999881
43213  -22.554  -38.278  -7.513 0.4000000060
43238  -29.050  -37.864  -10.981 0.8000000119
43266  -26.522  -38.722  -13.717 0.6999999881
43280  -23.961  -38.904  -15.021 0.8000000119
43281  -28.673  -38.134  -14.959 0.5000000000
43295  -24.589  -38.986  -15.427 0.8000000119
43298  -27.190  -38.332  -16.405 0.6000000238
43973  -28.694  -37.196  -4.397 0.6999999881
44028  -30.045  -36.937  -8.363 0.6999999881
44032  -29.586  -37.791  -9.570 0.8000000119
44060  -24.459  -37.027  -13.838 0.8000000119
44062  -26.314  -37.319  -13.213 0.8000000119
44076  -25.768  -37.870  -13.583 0.8999999762
44112  -27.478  -37.394  -15.605 0.5000000000
44125  -25.473  -38.043  -16.157 0.6999999881
44808  -24.313  -36.707  -6.504 0.4000000060
44833  -29.815  -36.183  -9.623 0.6999999881
44849  -28.017  -36.786  -11.773 0.8000000119
44850  -28.538  -36.695  -11.377 0.8000000119
44857  -23.373  -36.275  -13.697 1.0000000000
44871  -29.552  -36.218  -13.276 0.4000000060
44879  -22.622  -36.332  -14.567 0.8000000119
44896  -26.313  -36.648  -15.609 0.5000000000
45712  -28.511  -35.032  -11.031 0.6999999881
45724  -27.747  -34.971  -11.568 0.6999999881
45764  -26.908  -35.527  -14.386 0.5000000000
45779  -24.399  -35.600  -15.415 0.6999999881
46557  -29.217  -35.026  -10.373 0.6999999881
46565  -22.798  -33.618  -12.653 0.8000000119
46578  -24.192  -34.332  -12.607 0.8000000119
46605  -22.358  -34.650  -14.881 0.8999999762
46608  -25.278  -34.879  -14.482 0.6999999881
46617  -23.804  -35.058  -15.327 0.6999999881
47396  -30.413  -33.304  -5.681 0.6999999881
47436  -25.816  -33.266  -11.648 0.8000000119
47446  -21.402  -33.253  -12.567 0.8000000119
47475  -26.300  -33.477  -13.662 0.6000000238
48298  -24.742  -32.522  -11.812 0.8000000119
48334  -26.113  -32.633  -13.528 0.6000000238
48343  -19.467  -32.519  -13.152 0.8000000119
49117  -23.724  -31.764  -12.212 0.8000000119
49119  -25.267  -31.453  -11.568 0.8000000119
49120  -26.763  -31.685  -11.238 0.6999999881
49121  -27.534  -31.633  -10.848 0.8000000119
49122  -28.305  -31.630  -10.632 0.6999999881
49136  -22.772  -31.835  -12.289 0.8000000119
49147  -19.177  -31.650  -12.875 0.8000000119
49153  -19.116  -31.757  -12.916 0.8000000119
50018  -24.457  -30.131  -14.469 0.6999999881
50029  -26.557  -30.207  -15.920 0.6000000238
50932  -19.617  -29.840  -12.351 0.8000000119
50941  -29.477  -29.354  -11.189 0.6999999881
50963  -19.125  -28.709  -13.472 0.8000000119
50964  -18.738  -29.864  -12.993 0.8000000119
50983  -22.938  -28.720  -15.065 0.6000000238
50995  -25.691  -29.180  -16.959 0.5000000000
51915  -24.252  -28.671  -12.825 0.8000000119
51916  -25.148  -28.674  -12.807 0.8000000119
51936  -18.378  -27.714  -13.986 0.8000000119
51939  -22.125  -28.669  -14.906 0.6999999881
51948  -18.775  -27.972  -14.180 0.8000000119
51951  -23.863  -27.882  -15.876 0.6000000238
51953  -25.094  -29.021  -16.297 0.6000000238
52893  -22.945  -27.983  -13.456 0.8000000119
52895  -25.135  -27.455  -13.578 0.8000000119
52897  -27.359  -27.234  -13.296 0.8000000119
52908  -17.774  -27.170  -13.806 0.8000000119
52931  -23.008  -27.100  -15.963 0.6000000238
52933  -24.152  -27.295  -16.620 0.6000000238
53759  -17.932  -26.954  -13.564 0.8000000119
53764  -24.036  -26.918  -14.018 0.8000000119
53782  -24.587  -26.335  -14.176 0.8000000119
53784  -26.164  -25.568  -14.372 0.6999999881
53793  -18.437  -26.896  -14.435 0.8000000119
54641  -30.831  -24.763  -9.281 0.4000000060
54662  -19.411  -24.864  -14.535 0.6999999881
54679  -19.068  -24.635  -14.849 0.6999999881
55565  -27.576  -24.735  -13.942 0.6000000238
55566  -28.388  -24.501  -13.661 0.6000000238
55595  -18.971  -24.002  -14.914 0.6999999881
55607  -19.123  -23.918  -15.172 0.6999999881
55608  -20.400  -24.197  -15.717 0.6999999881
56473  -20.932  -23.607  -14.776 0.6999999881
56493  -27.176  -23.138  -14.422 0.6000000238
58191  -24.803  -21.401  -15.456 0.6000000238
58217  -21.743  -20.690  -17.406 0.5000000000
59858  -20.586  -18.979  -17.103 0.5000000000
61607  -30.948  -16.868  -10.528 0.3000000119
62563  -21.678  -16.624  -17.765 0.5000000000
64300  -31.303  -14.212  -11.455 0.3000000119
119056  -20.802  -46.909  -9.124 0.3000000119
119629  -27.526  -38.090  -12.607 0.8000000119
120183  -20.552  -50.745  -8.215 0.4000000060
120248  -27.738  -46.922  -8.233 0.8000000119
120555  -23.523  -37.267  -15.390 0.8000000119
120967  -23.907  -46.354  -3.431 0.6000000238
121408  -25.332  -44.335  -14.940 0.6999999881
121743  -28.499  -45.610  -9.093 0.6999999881
122290  -19.697  -21.258  -16.164 0.5000000000
122998  -19.735  -30.321  -14.026 0.8000000119
123000  -26.472  -52.222  -7.357 0.5000000000
123538  -27.526  -43.738  -13.322 0.6999999881
124670  -27.035  -45.136  -13.403 0.6999999881
125364  -21.679  -56.572  -12.092 0.3000000119
126007  -21.003  -32.116  -12.526 0.8000000119
126478  -26.104  -39.318  -16.385 0.6999999881
126480  -20.848  -47.194  -5.046 0.5000000000
127449  -26.868  -21.835  -14.742 0.6000000238
127996  -26.453  -50.739  -7.016 0.5000000000
128341  -26.226  -41.175  -3.655 0.8000000119
128765  -30.513  -25.943  -11.820 0.6999999881
128871  -23.985  -53.159  -4.517 0.6000000238
130297  -25.979  -31.611  -11.494 0.8000000119
130656  -25.916  -57.121  -7.449 0.4000000060
131167  -24.668  -53.201  -4.735 0.6000000238
131419  -24.668  -51.814  -4.397 0.6000000238
131707  -24.852  -39.759  -14.637 0.8000000119
131729  -21.391  -49.948  -4.919 0.5000000000
131896  -21.257  -31.194  -12.404 0.8000000119
132556  -28.757  -34.932  -13.394 0.3000000119
132699  -26.681  -53.367  -8.718 0.5000000000
132764  -25.374  -44.137  -15.060 0.6999999881
133095  -21.165  -57.922  -10.679 0.3000000119
135096  -23.395  -21.614  -15.558 0.6000000238
135118  -19.658  -21.715  -16.145 0.6999999881
135245  -20.888  -34.180  -14.173 0.8000000119
135271  -17.997  -26.827  -13.566 0.8000000119
135399  -21.299  -45.978  -4.635 0.5000000000
135775  -19.261  -23.714  -15.103 0.6999999881
136417  -25.577  -52.469  -5.390 0.5000000000
136490  -24.804  -24.941  -14.629 0.8000000119
136735  -26.586  -47.763  -5.967 0.8999999762
137049  -23.709  -51.366  -4.014 0.6000000238
137095  -28.472  -27.379  -12.834 0.6999999881
137311  -21.731  -43.850  -7.227 0.5000000000
137351  -28.448  -41.704  -12.742 0.6999999881
137426  -20.055  -45.324  -12.461 0.3000000119
137794  -21.894  -24.010  -16.451 0.6000000238
138585  -28.366  -13.231  -9.462 0.3000000119
139343  -25.659  -23.268  -14.756 0.6000000238
139666  -21.444  -16.958  -17.683 0.5000000000
140075  -23.869  -26.333  -14.200 0.8000000119
140269  -22.379  -35.653  -13.729 1.0000000000
140514  -23.541  -30.067  -12.394 0.8000000119
140591  -21.904  -21.880  -15.595 0.5000000000
141075  -27.643  -39.690  -12.853 0.8000000119
141385  -27.261  -44.853  -5.724 0.6999999881
141432  -20.012  -32.900  -13.393 0.8000000119
141680  -28.619  -45.903  -10.747 0.6999999881
141889  -25.532  -46.120  -14.435 0.6999999881
142501  -21.043  -31.642  -12.460 0.8000000119
142540  -30.310  -14.893  -13.478 0.3000000119
142605  -25.283  -30.655  -4.726 0.3000000119
142880  -20.929  -33.799  -14.468 0.8999999762
142887  -22.029  -32.142  -12.330 0.8000000119
143406  -29.300  -14.704  -15.820 0.4000000060
143481  -26.888  -51.843  -10.512 0.6000000238
143574  -30.447  -13.655  -9.817 0.3000000119
