#!ascii label  , from subject sub-032304 vox2ras=TkReg
1814
4703  -15.433  -88.322  -25.906 0.5000000000
3513  -12.430  -90.688  -22.219 0.5000000000
3499  -12.118  -90.498  -21.273 0.5000000000
3490  -11.625  -91.095  -20.883 0.5000000000
5864  -15.623  -86.153  -26.870 0.5000000000
5287  -15.895  -87.495  -26.435 0.5000000000
5288  -15.887  -87.082  -25.863 0.5000000000
5281  -15.776  -87.731  -25.221 0.5000000000
5282  -16.003  -87.166  -24.647 0.6000000238
141218  -15.009  -89.215  -24.551 0.5000000000
129550  -11.687  -92.067  -20.422 0.5000000000
3515  -14.118  -90.100  -22.966 0.5000000000
2500  -12.516  -92.263  -19.927 0.5000000000
3500  -12.997  -90.090  -21.771 0.6000000238
2990  -11.886  -91.288  -20.129 0.6000000238
4069  -13.553  -89.573  -21.296 0.6000000238
3491  -12.181  -90.482  -20.445 0.6000000238
2981  -12.651  -91.308  -19.333 0.6999999881
4058  -13.408  -89.137  -19.971 0.6999999881
3480  -12.452  -90.527  -19.611 0.6999999881
4044  -13.077  -89.308  -19.243 0.6999999881
4031  -13.060  -89.739  -18.595 0.6999999881
2970  -12.825  -90.532  -18.816 0.6999999881
5848  -15.704  -86.138  -25.974 0.5000000000
5841  -15.804  -86.124  -24.925 0.6000000238
7053  -15.175  -84.948  -25.238 0.6000000238
141529  -15.309  -85.485  -23.954 0.6000000238
4097  -15.241  -88.914  -23.758 0.5000000000
2982  -13.617  -92.105  -19.396 0.5000000000
2502  -14.289  -92.692  -19.383 0.5000000000
126249  -15.871  -92.695  -18.644 0.6999999881
2972  -14.532  -92.225  -19.047 0.6999999881
124173  -15.341  -92.092  -18.802 0.6999999881
4084  -14.526  -89.439  -22.483 0.6000000238
4071  -14.948  -88.920  -22.089 0.6999999881
130411  -14.788  -91.680  -18.658 0.6999999881
143140  -14.638  -88.907  -21.105 0.6999999881
4659  -14.047  -88.719  -20.070 0.6999999881
3467  -14.935  -91.009  -18.078 0.6999999881
4634  -14.132  -88.376  -18.592 0.6999999881
4633  -13.444  -88.952  -18.597 0.6999999881
3454  -13.565  -89.564  -17.948 0.6999999881
4016  -15.553  -89.699  -16.822 0.6999999881
5231  -14.364  -88.123  -17.805 0.6999999881
4620  -14.391  -88.626  -17.081 0.6999999881
4005  -15.037  -88.872  -16.480 0.6999999881
4604  -15.481  -88.218  -15.984 0.6999999881
7061  -14.967  -84.796  -25.901 0.5000000000
7052  -14.702  -84.331  -25.233 0.6000000238
7579  -14.090  -83.315  -24.460 0.6000000238
123773  -15.007  -84.916  -24.471 0.6000000238
7037  -14.061  -84.631  -23.001 0.6000000238
5835  -15.940  -86.726  -24.128 0.6000000238
6439  -14.659  -85.129  -23.569 0.6000000238
4690  -16.065  -87.742  -23.045 0.6000000238
2493  -16.309  -92.172  -18.670 0.6999999881
4689  -15.739  -88.300  -22.988 0.6999999881
2973  -15.635  -91.586  -18.524 0.6999999881
2494  -17.339  -92.636  -18.593 0.6999999881
2976  -18.244  -91.771  -18.644 0.6999999881
4682  -16.012  -87.854  -22.343 0.6999999881
2974  -16.608  -91.552  -18.433 0.6999999881
2983  -18.942  -91.655  -19.358 0.6999999881
4671  -15.176  -88.619  -21.395 0.6999999881
4672  -15.953  -87.976  -21.433 0.6999999881
3468  -15.854  -90.913  -18.080 0.6999999881
130032  -16.634  -90.890  -18.024 0.6999999881
3469  -17.410  -91.243  -18.271 0.6999999881
120170  -18.660  -91.209  -18.620 0.6999999881
4661  -15.644  -88.230  -20.604 0.6999999881
5243  -15.958  -87.846  -19.792 0.6999999881
3457  -16.162  -90.379  -17.449 0.6999999881
119210  -18.097  -90.941  -18.156 0.6999999881
141641  -14.630  -88.020  -18.319 0.6999999881
4017  -16.581  -89.840  -16.839 0.6999999881
5222  -14.694  -87.813  -17.051 0.6999999881
4006  -15.905  -89.106  -16.178 0.6999999881
4018  -17.637  -89.845  -17.006 0.6999999881
5208  -15.270  -87.594  -16.335 0.6999999881
4007  -17.027  -89.302  -16.248 0.6999999881
4595  -16.210  -87.773  -15.618 0.6999999881
7593  -14.532  -82.896  -26.355 0.5000000000
8161  -13.853  -82.886  -25.519 0.6000000238
8152  -13.736  -82.504  -24.480 0.6000000238
131189  -13.532  -82.103  -25.313 0.5000000000
8143  -13.520  -82.107  -23.489 0.6000000238
8168  -13.335  -82.390  -25.651 0.5000000000
8169  -13.693  -82.768  -25.608 0.5000000000
7575  -13.651  -83.118  -23.234 0.6000000238
8750  -13.185  -81.761  -22.357 0.6000000238
7036  -13.523  -84.102  -22.413 0.6000000238
127184  -13.336  -82.585  -22.509 0.6000000238
5826  -15.880  -86.518  -22.931 0.6000000238
121978  -16.202  -86.895  -23.173 0.6999999881
6433  -15.296  -86.008  -22.233 0.6999999881
5259  -16.200  -87.495  -21.877 0.6999999881
5813  -15.937  -86.692  -21.846 0.6999999881
2984  -19.348  -91.073  -19.996 0.6999999881
4662  -16.184  -87.677  -20.507 0.6999999881
5814  -16.312  -87.101  -21.429 0.6999999881
3481  -19.251  -90.966  -19.041 0.6999999881
2992  -19.367  -90.997  -20.701 0.6999999881
5798  -16.636  -86.959  -19.850 0.6999999881
3470  -18.769  -90.648  -18.343 0.6999999881
3482  -19.757  -90.490  -19.570 0.6999999881
3000  -19.179  -91.120  -21.452 0.6999999881
132812  -17.225  -87.275  -19.021 0.6000000238
4019  -18.581  -89.624  -17.266 0.6999999881
3471  -19.430  -90.320  -18.699 0.6999999881
4060  -20.152  -90.264  -20.380 0.6999999881
3492  -19.659  -90.616  -20.992 0.6999999881
3502  -19.500  -90.551  -21.850 0.6999999881
5232  -15.150  -87.619  -18.053 0.6999999881
4008  -18.080  -89.250  -16.505 0.6999999881
4009  -18.988  -88.995  -16.851 0.6000000238
4021  -20.179  -89.038  -17.845 0.6999999881
4045  -19.996  -89.966  -18.970 0.6999999881
5742  -15.707  -87.000  -15.908 0.6000000238
4605  -16.476  -88.557  -15.776 0.6999999881
4597  -18.079  -88.182  -15.539 0.6999999881
4608  -19.397  -88.392  -16.430 0.6000000238
4621  -19.790  -88.698  -17.143 0.6000000238
5743  -16.335  -86.651  -15.509 0.6000000238
5193  -16.750  -87.112  -15.173 0.6000000238
4598  -18.959  -88.063  -15.783 0.6000000238
5209  -19.755  -87.720  -16.013 0.5000000000
4609  -20.152  -88.056  -16.711 0.5000000000
136565  -20.827  -87.439  -17.103 0.5000000000
5729  -17.499  -86.601  -14.792 0.6000000238
123388  -18.946  -85.791  -14.522 0.5000000000
5195  -19.186  -87.322  -15.436 0.5000000000
8776  -13.775  -81.448  -24.135 0.6000000238
8784  -13.875  -81.194  -24.994 0.6000000238
8749  -12.960  -80.974  -21.732 0.5000000000
10149  -12.961  -79.554  -21.328 0.6999999881
8790  -13.418  -81.693  -25.399 0.5000000000
10184  -13.942  -80.096  -25.540 0.6000000238
141820  -14.235  -79.667  -25.245 0.6000000238
8783  -11.353  -81.177  -24.846 0.6000000238
8789  -13.249  -81.128  -25.643 0.6000000238
8132  -12.976  -81.821  -21.142 0.4000000060
9445  -12.617  -80.398  -25.466 0.6000000238
8133  -13.073  -82.588  -21.612 0.5000000000
136425  -13.076  -83.278  -21.114 0.6000000238
7027  -13.307  -84.158  -21.191 0.6000000238
6424  -15.389  -86.156  -21.176 0.6999999881
6423  -14.567  -85.481  -21.531 0.6000000238
6416  -15.608  -86.078  -20.282 0.6999999881
5783  -17.435  -87.091  -19.063 0.6000000238
123367  -16.669  -86.375  -19.501 0.6000000238
143520  -16.306  -86.870  -17.555 0.6000000238
128816  -20.896  -88.606  -18.980 0.6000000238
4649  -20.763  -88.951  -19.677 0.6000000238
119709  -20.605  -89.437  -20.479 0.6999999881
3503  -20.256  -90.014  -21.321 0.6999999881
4072  -19.906  -90.058  -22.171 0.6999999881
5755  -16.098  -86.399  -16.044 0.6000000238
4636  -20.707  -88.499  -18.268 0.6000000238
3516  -19.203  -90.334  -22.755 0.6999999881
141371  -17.373  -85.748  -14.797 0.6000000238
5210  -20.379  -87.386  -16.333 0.4000000060
5225  -21.353  -87.159  -17.677 0.4000000060
4637  -21.237  -88.048  -18.692 0.5000000000
4650  -21.233  -88.257  -19.550 0.6000000238
4663  -20.775  -89.121  -21.347 0.6000000238
4086  -19.811  -89.709  -22.939 0.6000000238
6335  -18.348  -85.297  -14.546 0.5000000000
6947  -19.705  -84.543  -14.655 0.5000000000
5731  -19.733  -85.856  -14.826 0.5000000000
5196  -20.142  -86.721  -15.529 0.5000000000
5245  -21.611  -87.547  -19.257 0.4000000060
5252  -21.576  -87.748  -20.287 0.6000000238
10156  -13.237  -79.311  -22.414 0.6000000238
9415  -13.743  -79.930  -22.987 0.6000000238
10140  -12.967  -79.444  -20.301 0.6000000238
10174  -13.984  -79.382  -25.301 0.6000000238
132490  -14.211  -78.902  -25.008 0.5000000000
129715  -14.096  -77.646  -23.987 0.6000000238
11739  -13.752  -77.173  -24.804 0.6000000238
9387  -13.079  -80.141  -20.656 0.6000000238
130572  -11.126  -79.975  -24.680 0.6999999881
11738  -12.888  -77.077  -25.065 0.6000000238
132671  -12.706  -76.381  -24.712 0.6000000238
8122  -12.808  -81.912  -20.074 0.5000000000
8731  -13.152  -80.952  -20.592 0.6000000238
10171  -10.328  -79.628  -24.378 0.6000000238
11737  -11.660  -77.386  -24.659 0.6999999881
8123  -12.896  -82.663  -20.577 0.5000000000
11736  -10.697  -78.077  -24.392 0.6999999881
136104  -13.159  -83.524  -20.263 0.6000000238
10953  -9.989  -78.396  -23.771 0.6000000238
6415  -14.722  -85.531  -20.506 0.6000000238
7018  -13.866  -84.969  -20.795 0.6000000238
7008  -14.253  -84.978  -19.880 0.6000000238
6404  -15.212  -85.479  -19.732 0.6000000238
5784  -17.422  -86.524  -18.751 0.6000000238
5772  -17.471  -86.555  -18.477 0.6000000238
6986  -18.370  -84.334  -17.681 0.6000000238
5756  -16.844  -85.856  -16.625 0.6000000238
7526  -18.838  -83.688  -17.082 0.6000000238
6971  -17.837  -84.651  -15.569 0.6000000238
140493  -21.463  -88.115  -20.937 0.6000000238
4674  -21.281  -88.388  -21.558 0.6000000238
4673  -20.908  -88.915  -22.126 0.6000000238
6959  -18.523  -84.105  -15.364 0.5000000000
6960  -20.406  -84.306  -14.962 0.5000000000
6355  -20.932  -85.155  -15.423 0.5000000000
4691  -20.825  -88.204  -23.674 0.6000000238
121053  -22.216  -86.387  -19.899 0.4000000060
5260  -21.675  -87.596  -21.310 0.6000000238
128873  -21.504  -87.836  -22.136 0.6000000238
10940  -13.140  -77.878  -22.177 0.6000000238
124262  -13.154  -76.900  -21.078 0.5000000000
11688  -12.925  -77.813  -21.203 0.6000000238
11677  -13.254  -77.502  -19.265 0.5000000000
10946  -13.646  -78.357  -23.047 0.6000000238
12547  -13.761  -76.057  -21.583 0.6000000238
122800  -12.814  -78.767  -20.858 0.5000000000
143045  -12.859  -78.844  -20.281 0.5000000000
10910  -13.204  -79.130  -18.914 0.5000000000
11715  -13.984  -76.970  -23.606 0.5000000000
130706  -13.703  -77.488  -22.969 0.6000000238
131953  -13.637  -75.867  -23.863 0.5000000000
9371  -13.136  -80.318  -19.887 0.6000000238
12577  -10.935  -77.194  -24.020 0.6999999881
13439  -12.092  -75.852  -24.371 0.6000000238
13432  -11.473  -75.429  -23.711 0.6000000238
7547  -13.521  -83.732  -19.296 0.5000000000
11714  -9.924  -77.740  -22.728 0.5000000000
12568  -10.396  -76.923  -23.443 0.6999999881
7017  -13.575  -84.376  -20.063 0.5000000000
7009  -15.692  -85.191  -19.043 0.5000000000
135233  -17.941  -85.222  -18.008 0.6000000238
6391  -17.606  -85.857  -18.263 0.5000000000
7002  -18.069  -84.446  -18.046 0.6000000238
6985  -18.102  -84.855  -17.844 0.6000000238
124926  -19.338  -83.123  -16.572 0.5000000000
5786  -22.473  -85.544  -20.076 0.5000000000
5800  -22.333  -86.105  -20.879 0.5000000000
5815  -21.863  -87.112  -22.299 0.6000000238
5828  -21.707  -87.023  -23.469 0.6000000238
12533  -13.570  -76.467  -20.503 0.6000000238
12515  -13.481  -76.830  -19.695 0.6000000238
12534  -14.260  -75.528  -20.807 0.6000000238
10911  -13.160  -78.355  -18.907 0.5000000000
13419  -14.236  -75.145  -22.450 0.6000000238
13428  -14.320  -74.427  -22.682 0.6999999881
10105  -13.227  -79.773  -18.696 0.6000000238
14339  -12.860  -74.501  -23.559 0.6000000238
13434  -13.536  -74.977  -23.767 0.6000000238
9357  -13.060  -80.518  -18.841 0.6000000238
13425  -10.484  -75.532  -22.796 0.6000000238
127850  -11.863  -74.349  -22.548 0.6000000238
8109  -13.037  -82.761  -19.499 0.5000000000
7548  -14.083  -84.461  -19.204 0.5000000000
10938  -9.906  -78.234  -21.925 0.5000000000
12556  -9.996  -76.803  -22.490 0.6000000238
7001  -17.237  -84.673  -18.370 0.6000000238
7539  -18.358  -83.664  -18.295 0.5000000000
7003  -18.356  -84.251  -17.836 0.5000000000
6425  -22.533  -85.408  -21.563 0.6000000238
5816  -22.338  -86.259  -21.897 0.6000000238
122094  -14.771  -75.157  -20.124 0.6000000238
12516  -13.964  -76.036  -19.832 0.5000000000
12498  -13.785  -76.703  -18.893 0.5000000000
11668  -13.426  -77.649  -18.376 0.5000000000
14333  -14.659  -73.925  -22.151 0.6999999881
132650  -14.651  -74.293  -21.968 0.6000000238
10899  -13.273  -78.524  -17.953 0.5000000000
137510  -13.564  -74.310  -23.158 0.6000000238
138990  -13.205  -78.824  -18.479 0.5000000000
132174  -13.224  -80.134  -18.202 0.6000000238
143449  -12.692  -73.825  -21.635 0.6999999881
9358  -13.270  -80.911  -17.862 0.6000000238
126706  -11.026  -74.488  -22.125 0.6000000238
8719  -13.314  -82.294  -18.642 0.6000000238
13417  -9.946  -75.557  -21.671 0.6999999881
13418  -10.313  -75.244  -22.082 0.6999999881
7534  -13.632  -83.104  -18.564 0.5000000000
12546  -9.911  -76.303  -21.678 0.6000000238
7535  -14.196  -83.795  -18.574 0.5000000000
12532  -9.922  -76.432  -20.755 0.5000000000
7536  -15.077  -83.645  -18.254 0.6000000238
6999  -14.859  -84.453  -18.714 0.5000000000
11676  -10.213  -77.521  -19.703 0.6000000238
7000  -15.939  -84.468  -18.579 0.5000000000
7538  -17.384  -83.703  -18.351 0.6000000238
7549  -17.836  -82.938  -19.031 0.5000000000
129844  -15.404  -74.944  -19.466 0.6999999881
136048  -14.653  -75.779  -19.215 0.5000000000
12499  -14.440  -76.114  -18.202 0.5000000000
14304  -15.494  -73.845  -19.929 0.8000000119
13406  -15.737  -74.262  -19.514 0.6999999881
12482  -13.784  -76.979  -17.858 0.5000000000
12468  -13.772  -77.143  -16.912 0.5000000000
15183  -15.023  -73.505  -20.671 0.6999999881
14324  -15.216  -73.756  -21.114 0.6999999881
14314  -15.392  -73.876  -20.895 0.8000000119
15198  -14.346  -73.790  -22.248 0.6999999881
11646  -13.700  -78.022  -16.431 0.5000000000
15181  -13.030  -73.772  -20.897 0.6999999881
15191  -13.772  -73.548  -21.920 0.6999999881
10084  -13.386  -79.197  -17.295 0.6000000238
10885  -13.560  -78.955  -16.435 0.5000000000
123463  -10.596  -74.031  -20.426 0.6000000238
15180  -11.733  -74.160  -20.717 0.6000000238
8710  -13.491  -81.868  -17.909 0.6000000238
14312  -9.572  -74.310  -20.871 0.6999999881
14320  -10.385  -74.723  -21.698 0.6999999881
8099  -14.244  -83.010  -17.953 0.6000000238
130123  -13.738  -82.582  -18.005 0.6000000238
13410  -9.657  -75.503  -20.934 0.6000000238
8100  -14.898  -82.949  -17.846 0.6000000238
7537  -16.258  -83.678  -18.391 0.6000000238
125694  -10.331  -77.674  -18.901 0.6000000238
8101  -16.715  -82.817  -18.607 0.6000000238
14297  -16.178  -73.892  -19.053 0.6000000238
13396  -15.830  -74.697  -18.781 0.5000000000
125521  -15.185  -75.378  -17.989 0.5000000000
12454  -14.516  -76.546  -15.572 0.5000000000
15170  -15.304  -73.565  -19.887 0.8000000119
138872  -14.311  -77.323  -15.312 0.5000000000
120249  -13.348  -73.929  -20.014 0.6999999881
10068  -13.649  -79.864  -16.680 0.6000000238
13350  -9.054  -75.352  -15.016 0.6000000238
122490  -12.333  -73.967  -20.026 0.8000000119
15117  -9.261  -73.684  -15.863 0.6000000238
15179  -9.585  -73.823  -20.592 0.6999999881
15167  -11.259  -73.890  -19.522 0.8000000119
9350  -13.595  -80.578  -17.191 0.6000000238
12467  -10.577  -76.424  -16.486 0.6000000238
15178  -8.879  -73.760  -20.386 0.6000000238
8089  -14.617  -82.377  -17.567 0.6000000238
8090  -15.417  -82.356  -17.756 0.6000000238
13395  -10.109  -75.743  -18.352 0.6000000238
13405  -9.893  -76.045  -19.399 0.6000000238
13404  -9.177  -75.268  -20.153 0.6000000238
122796  -15.703  -82.950  -18.186 0.6000000238
12514  -10.004  -76.723  -19.956 0.5000000000
140504  -17.356  -82.433  -19.146 0.5000000000
8720  -16.967  -81.837  -19.152 0.5000000000
14286  -16.410  -74.352  -17.589 0.5000000000
13381  -16.074  -74.793  -17.020 0.5000000000
15156  -16.038  -73.595  -18.705 0.6000000238
15157  -16.349  -73.879  -18.028 0.5000000000
15169  -14.834  -73.369  -19.416 0.8000000119
15155  -15.542  -73.440  -19.004 0.6999999881
15154  -13.736  -73.546  -18.303 0.8000000119
15168  -12.404  -73.922  -19.127 0.8000000119
10050  -13.806  -79.388  -15.856 0.6000000238
11621  -14.409  -77.784  -14.860 0.5000000000
14243  -7.877  -73.900  -14.843 0.6000000238
15152  -11.511  -73.440  -18.360 0.8000000119
127609  -14.149  -79.015  -15.351 0.5000000000
15127  -7.701  -72.618  -16.073 0.6999999881
14253  -8.272  -74.528  -15.071 0.6000000238
15151  -10.610  -73.457  -18.930 0.8000000119
8691  -14.318  -81.204  -16.775 0.6000000238
9338  -13.970  -80.690  -16.658 0.6000000238
10069  -14.141  -80.150  -16.044 0.6000000238
15129  -9.246  -73.655  -16.720 0.6000000238
8702  -15.156  -81.786  -17.285 0.6000000238
8701  -14.420  -81.709  -17.198 0.6000000238
9339  -14.585  -80.739  -16.353 0.6000000238
13378  -10.457  -75.564  -17.220 0.6000000238
14310  -8.616  -73.918  -20.057 0.6000000238
15165  -9.025  -73.340  -20.046 0.5000000000
8703  -15.973  -81.606  -17.730 0.6000000238
13394  -9.332  -75.198  -19.237 0.6000000238
8711  -16.235  -82.150  -18.310 0.6000000238
9359  -16.578  -81.239  -18.524 0.5000000000
9372  -16.947  -80.842  -19.373 0.5000000000
129523  -17.268  -80.517  -20.096 0.5000000000
122377  -16.177  -73.446  -17.725 0.6000000238
15141  -14.505  -73.260  -17.876 0.6999999881
15088  -9.047  -73.397  -13.550 0.6000000238
15087  -8.063  -73.651  -14.061 0.6000000238
15140  -13.186  -73.126  -17.605 0.8000000119
10847  -14.663  -78.287  -14.569 0.5000000000
15104  -7.647  -73.347  -14.635 0.6000000238
15139  -12.138  -73.039  -17.609 0.8000000119
10032  -15.666  -79.352  -14.442 0.5000000000
15115  -7.528  -72.995  -15.190 0.6999999881
15943  -10.569  -72.874  -18.486 0.8000000119
9329  -14.886  -80.316  -15.728 0.6000000238
10052  -15.264  -79.829  -15.125 0.6000000238
15137  -7.751  -72.593  -17.357 0.8000000119
15942  -9.434  -72.382  -19.046 0.6999999881
8692  -14.927  -81.318  -16.697 0.6000000238
9330  -15.738  -80.344  -15.661 0.6000000238
14283  -8.130  -73.318  -17.947 0.6999999881
140516  -7.983  -73.319  -18.724 0.6999999881
15950  -8.675  -72.796  -19.566 0.6000000238
8693  -15.790  -81.123  -16.985 0.6000000238
10070  -16.649  -80.276  -15.836 0.6000000238
128700  -9.029  -74.239  -18.197 0.6000000238
9341  -16.933  -80.265  -16.784 0.5000000000
9351  -17.010  -80.068  -17.789 0.5000000000
15932  -15.788  -72.865  -16.971 0.6000000238
15921  -17.010  -73.013  -16.617 0.5000000000
15068  -10.349  -72.994  -12.408 0.6000000238
15919  -15.233  -72.100  -16.553 0.6999999881
15067  -10.019  -73.489  -13.048 0.6000000238
15930  -13.759  -72.567  -17.087 0.6999999881
15918  -14.252  -72.021  -16.636 0.6000000238
15888  -8.254  -72.436  -13.656 0.6000000238
16617  -9.187  -71.984  -12.960 0.6000000238
16655  -13.340  -71.934  -16.771 0.6999999881
15900  -6.399  -71.721  -15.261 0.8000000119
15928  -11.860  -72.314  -17.430 0.6999999881
16654  -12.465  -71.648  -17.157 0.6000000238
131887  -7.124  -72.079  -16.378 0.8000000119
16663  -10.049  -71.818  -18.499 0.8000000119
17378  -10.683  -70.900  -18.213 0.6999999881
138867  -7.594  -71.960  -17.573 0.6999999881
15941  -7.969  -72.763  -18.762 0.6999999881
119646  -8.884  -71.609  -18.622 0.6000000238
17377  -9.617  -71.054  -18.329 0.8000000119
15042  -10.201  -72.980  -10.802 0.6000000238
16605  -9.753  -71.754  -12.281 0.6000000238
16616  -7.633  -71.546  -13.263 0.6999999881
141702  -13.049  -70.314  -17.794 0.6000000238
142957  -6.693  -72.022  -14.733 0.6999999881
16626  -5.963  -70.992  -15.082 0.6999999881
136911  -12.322  -70.571  -17.633 0.6999999881
135579  -12.176  -69.731  -18.384 0.6000000238
16640  -6.745  -71.459  -16.034 0.8000000119
17357  -7.888  -70.447  -16.662 0.6000000238
17366  -8.354  -70.793  -17.468 0.5000000000
118920  -10.971  -70.045  -18.213 0.6999999881
18157  -11.523  -69.580  -18.214 0.6999999881
18158  -12.790  -69.238  -18.789 0.6000000238
16641  -7.352  -71.536  -16.835 0.8000000119
17367  -9.312  -70.438  -17.684 0.6000000238
15037  -9.850  -73.314  -9.670 0.6000000238
16578  -9.745  -71.711  -10.482 0.6000000238
16590  -8.768  -71.165  -11.755 0.6999999881
16591  -9.989  -71.695  -11.497 0.6000000238
16603  -5.983  -70.655  -13.320 0.6999999881
16614  -5.834  -70.561  -14.382 0.6999999881
119255  -6.482  -69.850  -14.464 0.6000000238
18147  -13.420  -69.660  -18.501 0.6000000238
17348  -7.247  -70.235  -15.633 0.6000000238
18144  -8.924  -69.965  -16.889 0.6000000238
18160  -14.173  -69.206  -19.230 0.5000000000
18883  -12.431  -68.723  -18.463 0.6000000238
18168  -14.182  -68.944  -19.481 0.5000000000
19617  -15.451  -68.238  -19.771 0.5000000000
19606  -13.002  -68.079  -17.950 0.6000000238
18885  -14.190  -68.300  -19.251 0.5000000000
16559  -9.930  -72.163  -8.762 0.6000000238
15836  -9.855  -72.556  -9.289 0.6000000238
128297  -9.236  -71.228  -10.941 0.6999999881
16577  -8.805  -71.153  -9.946 0.6999999881
17316  -6.776  -70.352  -11.622 0.6999999881
17324  -5.502  -69.957  -12.564 0.6999999881
18106  -5.154  -69.307  -12.654 0.6000000238
18117  -5.595  -70.022  -13.805 0.5000000000
18108  -7.112  -69.365  -14.052 0.6999999881
18120  -9.831  -69.588  -13.842 0.6000000238
18118  -7.905  -69.454  -14.946 0.6000000238
18856  -9.976  -68.686  -15.836 0.6000000238
18857  -10.636  -68.903  -15.317 0.6000000238
18876  -11.176  -68.317  -17.146 0.6000000238
19595  -12.531  -67.450  -17.166 0.5000000000
19587  -13.732  -67.325  -17.067 0.5000000000
141693  -14.661  -67.367  -18.369 0.5000000000
17272  -11.271  -71.041  -5.804 0.6999999881
130579  -11.747  -70.399  -7.247 0.6999999881
18033  -11.850  -69.985  -6.506 0.6999999881
16560  -10.255  -71.559  -8.370 0.6000000238
139432  -11.202  -70.600  -7.856 0.6999999881
18038  -11.991  -69.655  -7.343 0.6999999881
18048  -12.552  -68.572  -7.999 0.6999999881
127967  -12.994  -67.782  -8.492 0.6000000238
135197  -9.641  -71.334  -8.870 0.6999999881
17285  -10.322  -70.694  -8.296 0.6999999881
18045  -10.097  -69.424  -8.554 0.6999999881
18047  -12.039  -69.208  -8.075 0.6999999881
17295  -8.094  -70.514  -9.803 0.6999999881
17296  -8.816  -70.044  -8.915 0.6999999881
135114  -10.773  -68.328  -8.837 0.6999999881
124858  -5.507  -69.451  -11.815 0.6999999881
18092  -5.897  -68.705  -12.511 0.6000000238
137768  -6.878  -68.972  -13.353 0.6000000238
18110  -10.350  -69.733  -12.966 0.6000000238
18096  -11.883  -69.498  -12.966 0.6000000238
18119  -9.052  -69.364  -14.620 0.6000000238
18846  -10.585  -69.431  -14.484 0.6000000238
18122  -12.184  -69.413  -13.879 0.6000000238
119189  -12.180  -68.923  -14.683 0.5000000000
19564  -14.049  -67.825  -15.256 0.6000000238
19565  -14.705  -67.642  -14.850 0.6000000238
19576  -11.989  -67.838  -16.327 0.5000000000
19578  -13.539  -67.637  -16.158 0.5000000000
19579  -14.582  -67.584  -16.033 0.5000000000
138224  -11.041  -69.982  -5.235 0.6999999881
18034  -12.215  -69.227  -6.717 0.6999999881
19486  -12.720  -68.015  -6.685 0.6000000238
19487  -13.260  -67.430  -6.992 0.6000000238
19500  -13.575  -66.818  -8.524 0.6000000238
20227  -13.339  -66.556  -9.348 0.4000000060
19510  -10.979  -67.515  -9.275 0.6000000238
18775  -11.961  -68.359  -8.622 0.5000000000
19512  -13.081  -67.188  -9.113 0.5000000000
20963  -12.611  -65.233  -10.371 0.4000000060
21720  -12.978  -64.196  -10.473 0.5000000000
17294  -7.421  -70.071  -10.202 0.6999999881
18058  -8.361  -69.197  -9.340 0.8000000119
18774  -9.963  -68.683  -8.786 0.6999999881
20224  -10.129  -66.452  -9.791 0.5000000000
20245  -11.741  -65.844  -10.340 0.4000000060
20962  -11.158  -64.668  -10.747 0.4000000060
21719  -11.782  -64.040  -10.850 0.4000000060
22532  -11.468  -62.699  -11.563 0.4000000060
133440  -7.071  -69.498  -10.439 0.8000000119
18785  -7.366  -68.460  -10.361 0.8000000119
18787  -8.913  -68.190  -9.211 0.8000000119
140637  -8.947  -67.077  -9.380 0.8000000119
20223  -9.133  -66.292  -9.842 0.6000000238
20961  -9.500  -64.910  -10.614 0.5000000000
141690  -10.476  -65.015  -10.606 0.4000000060
22519  -11.315  -63.366  -11.346 0.4000000060
17315  -6.437  -69.646  -11.059 0.6999999881
18821  -5.871  -68.596  -11.896 0.8000000119
119788  -8.090  -68.041  -11.321 0.6999999881
18814  -10.222  -68.844  -11.794 0.5000000000
21728  -9.993  -64.384  -11.764 0.5000000000
21729  -10.334  -63.992  -11.794 0.4000000060
23332  -11.351  -62.661  -11.915 0.4000000060
18822  -7.616  -68.572  -11.868 0.6000000238
18095  -10.229  -69.376  -12.324 0.5000000000
19535  -11.325  -68.252  -11.938 0.5000000000
18825  -13.180  -68.659  -12.830 0.6000000238
18836  -13.512  -68.605  -13.508 0.6000000238
19555  -14.718  -67.548  -13.846 0.6000000238
18026  -11.981  -69.355  -6.009 0.6000000238
18755  -11.396  -68.489  -5.448 0.5000000000
133543  -12.739  -67.394  -6.320 0.5000000000
20199  -13.229  -66.850  -6.626 0.4000000060
20203  -13.913  -66.532  -7.812 0.5000000000
20211  -14.192  -66.137  -8.388 0.5000000000
21704  -13.845  -65.063  -10.047 0.5000000000
21705  -14.647  -64.685  -9.548 0.5000000000
22522  -14.341  -63.468  -10.264 0.5000000000
23326  -14.122  -62.024  -10.457 0.5000000000
22521  -13.397  -63.423  -10.602 0.5000000000
137742  -13.633  -61.542  -10.575 0.5000000000
19524  -7.869  -66.923  -10.550 0.6999999881
20241  -8.480  -66.128  -10.668 0.6000000238
20973  -9.551  -65.397  -11.633 0.5000000000
20960  -8.905  -64.856  -10.846 0.5000000000
23334  -12.446  -61.674  -11.139 0.5000000000
24126  -12.615  -61.053  -11.539 0.5000000000
18802  -6.589  -68.644  -10.978 0.8000000119
19532  -7.735  -67.456  -10.780 0.6999999881
131387  -9.213  -67.486  -11.594 0.6000000238
20981  -9.698  -64.645  -11.647 0.5000000000
126036  -10.859  -64.202  -12.503 0.4000000060
132308  -11.251  -63.595  -12.441 0.5000000000
23340  -11.953  -62.072  -12.034 0.4000000060
24125  -12.516  -61.245  -11.971 0.5000000000
19534  -10.382  -67.675  -11.838 0.5000000000
20266  -11.948  -66.751  -12.156 0.5000000000
126333  -11.067  -65.724  -12.407 0.6000000238
20984  -11.665  -65.028  -12.728 0.5000000000
129125  -12.280  -63.702  -12.895 0.5000000000
22544  -12.511  -63.089  -12.925 0.5000000000
129697  -12.211  -67.656  -12.021 0.5000000000
20267  -12.904  -66.956  -12.278 0.5000000000
127082  -12.091  -66.026  -12.525 0.5000000000
21737  -12.582  -64.638  -12.893 0.5000000000
19546  -14.295  -67.472  -13.037 0.6000000238
20992  -14.611  -65.724  -13.047 0.6000000238
19476  -10.960  -67.891  -5.286 0.5000000000
20191  -11.797  -66.533  -5.749 0.5000000000
20192  -12.525  -66.681  -6.113 0.5000000000
20918  -12.908  -66.181  -6.393 0.4000000060
20923  -14.003  -66.106  -7.377 0.4000000060
138869  -10.856  -66.415  -5.625 0.5000000000
20911  -12.250  -65.875  -6.012 0.4000000060
20204  -14.273  -65.957  -7.841 0.5000000000
20935  -14.615  -65.470  -8.196 0.6000000238
21706  -15.279  -64.097  -9.162 0.5000000000
22510  -15.040  -63.417  -9.692 0.5000000000
23316  -15.342  -62.660  -9.571 0.4000000060
24939  -14.578  -60.571  -10.356 0.4000000060
24932  -15.133  -60.219  -9.976 0.4000000060
21661  -12.024  -64.977  -5.874 0.4000000060
128457  -12.975  -65.385  -6.455 0.4000000060
20920  -13.909  -65.466  -6.944 0.4000000060
21674  -14.374  -64.687  -7.062 0.5000000000
21678  -15.000  -64.670  -7.775 0.5000000000
21679  -15.354  -63.911  -7.786 0.5000000000
130765  -14.118  -63.973  -6.617 0.4000000060
22476  -14.490  -63.230  -6.643 0.4000000060
22487  -15.431  -63.268  -7.449 0.5000000000
23293  -15.850  -62.662  -7.787 0.4000000060
24104  -16.080  -61.738  -8.737 0.4000000060
24120  -15.192  -61.124  -10.014 0.4000000060
125871  -15.584  -59.725  -9.345 0.4000000060
126010  -11.036  -63.991  -6.473 0.4000000060
21671  -11.826  -64.167  -6.159 0.4000000060
142001  -13.324  -63.966  -6.424 0.4000000060
133848  -11.615  -62.444  -6.399 0.4000000060
133664  -12.708  -62.543  -6.244 0.4000000060
22475  -13.519  -63.277  -6.433 0.4000000060
23279  -13.949  -62.645  -6.160 0.4000000060
23280  -15.015  -62.551  -6.419 0.5000000000
24090  -16.047  -62.021  -7.311 0.5000000000
23294  -16.212  -61.973  -8.097 0.4000000060
24924  -15.911  -60.837  -9.118 0.4000000060
143759  -15.239  -61.881  -6.046 0.4000000060
24879  -16.296  -60.732  -6.162 0.4000000060
25763  -16.526  -59.904  -7.406 0.4000000060
24912  -16.470  -60.605  -8.065 0.4000000060
25770  -15.972  -59.201  -8.718 0.4000000060
23278  -10.864  -62.814  -6.644 0.4000000060
24072  -11.554  -61.429  -6.356 0.3000000119
24074  -13.476  -61.903  -5.746 0.3000000119
24075  -14.520  -62.001  -5.795 0.4000000060
25750  -11.225  -59.688  -6.487 0.4000000060
24073  -12.091  -60.956  -6.080 0.3000000119
24053  -12.983  -61.032  -5.643 0.3000000119
24054  -14.128  -61.268  -5.545 0.4000000060
141530  -15.002  -59.580  -4.771 0.5000000000
128288  -16.257  -60.075  -5.635 0.4000000060
26601  -16.671  -58.860  -6.193 0.4000000060
26611  -16.660  -58.450  -6.728 0.4000000060
28193  -15.994  -56.913  -8.179 0.3000000119
26581  -15.158  -58.482  -4.371 0.5000000000
26593  -16.614  -58.466  -5.498 0.4000000060
27417  -16.950  -57.966  -6.114 0.4000000060
125613  -16.819  -57.264  -6.588 0.3000000119
124925  -10.654  -60.830  -6.966 0.4000000060
25735  -11.349  -59.212  -6.087 0.4000000060
25736  -12.093  -59.704  -5.802 0.4000000060
126188  -13.098  -59.745  -5.443 0.5000000000
25737  -14.286  -59.884  -5.018 0.5000000000
126111  -11.371  -58.689  -5.836 0.4000000060
26580  -13.971  -58.365  -4.572 0.5000000000
136191  -13.773  -57.617  -4.404 0.5000000000
28148  -15.158  -56.943  -4.171 0.4000000060
119589  -16.560  -57.048  -4.665 0.4000000060
28172  -16.904  -57.056  -5.891 0.3000000119
28136  -13.494  -56.321  -3.923 0.3000000119
28137  -14.568  -56.290  -3.787 0.3000000119
28138  -15.632  -56.193  -3.755 0.3000000119
24894  -10.529  -60.042  -6.961 0.4000000060
27408  -11.489  -57.375  -5.444 0.3000000119
28160  -12.031  -56.741  -4.977 0.4000000060
28874  -17.146  -55.044  -4.079 0.3000000119
122692  -10.906  -58.078  -5.830 0.3000000119
28159  -11.139  -56.547  -5.437 0.3000000119
141064  -14.011  -80.355  -23.486 0.6000000238
10157  -13.842  -79.113  -23.598 0.5000000000
18882  -11.632  -68.774  -18.028 0.6000000238
18875  -10.348  -68.987  -16.856 0.6000000238
2998  -11.647  -91.178  -21.730 0.5000000000
4057  -12.689  -89.899  -20.844 0.6000000238
5274  -15.795  -87.933  -23.960 0.5000000000
4043  -12.708  -89.763  -19.923 0.6999999881
2971  -13.393  -91.253  -18.700 0.6999999881
3466  -14.074  -91.198  -18.188 0.6999999881
4648  -14.855  -88.406  -19.727 0.6999999881
3455  -14.241  -90.335  -17.603 0.6999999881
137682  -14.095  -89.356  -17.453 0.6999999881
6432  -14.527  -85.350  -22.601 0.5000000000
5244  -16.640  -87.393  -19.588 0.6999999881
126017  -16.384  -87.628  -19.035 0.6999999881
5223  -15.422  -87.285  -17.211 0.6999999881
8763  -13.424  -80.796  -22.771 0.6000000238
4020  -19.433  -89.354  -17.544 0.6999999881
5771  -17.349  -86.869  -18.490 0.6000000238
6365  -16.586  -85.957  -15.559 0.6000000238
5744  -18.377  -86.988  -14.990 0.5000000000
10173  -13.010  -78.996  -25.101 0.6999999881
5761  -16.677  -86.461  -17.242 0.6000000238
4664  -21.107  -88.573  -20.550 0.6000000238
4073  -20.415  -89.493  -22.137 0.6000000238
6366  -17.233  -85.286  -15.938 0.5000000000
7506  -20.055  -83.430  -15.326 0.5000000000
5799  -21.948  -86.993  -20.598 0.5000000000
10966  -13.953  -77.947  -24.741 0.6000000238
10172  -11.255  -79.069  -24.773 0.6999999881
137798  -12.961  -81.928  -19.290 0.6000000238
6390  -16.853  -85.477  -18.716 0.5000000000
5762  -17.532  -86.274  -17.917 0.5000000000
6972  -18.365  -84.269  -16.622 0.6000000238
123321  -17.680  -85.483  -17.300 0.5000000000
7504  -18.954  -83.510  -16.014 0.5000000000
5270  -21.435  -87.703  -23.025 0.6000000238
122999  -22.060  -86.864  -21.386 0.6000000238
6417  -22.555  -85.252  -20.805 0.5000000000
14322  -12.828  -73.834  -22.334 0.6000000238
10866  -13.822  -78.646  -15.724 0.5000000000
13351  -10.053  -75.449  -15.541 0.6000000238
128311  -10.488  -77.288  -18.059 0.6000000238
14269  -9.945  -74.182  -16.213 0.6000000238
136643  -8.883  -73.814  -17.700 0.6000000238
127340  -16.160  -80.589  -16.415 0.6000000238
14302  -8.434  -73.892  -19.410 0.6000000238
120375  -16.477  -80.783  -17.813 0.6000000238
16653  -11.583  -71.312  -17.589 0.8000000119
10053  -16.207  -80.079  -14.954 0.6000000238
16671  -8.712  -72.245  -19.082 0.6000000238
15949  -8.183  -72.785  -19.286 0.6999999881
16652  -8.373  -71.508  -18.131 0.6000000238
18135  -8.320  -69.909  -16.234 0.6000000238
18146  -10.840  -69.358  -17.664 0.6999999881
18866  -9.851  -68.835  -16.280 0.6000000238
19596  -13.351  -67.421  -17.508 0.5000000000
18109  -9.436  -69.473  -12.907 0.5000000000
18868  -11.263  -68.100  -16.448 0.6000000238
120277  -14.723  -67.377  -17.081 0.5000000000
15822  -11.349  -71.701  -7.102 0.6999999881
17281  -10.990  -71.361  -7.792 0.6000000238
17286  -11.476  -69.854  -7.915 0.6999999881
18059  -9.278  -69.283  -8.851 0.8000000119
18788  -9.863  -67.796  -9.106 0.6000000238
18756  -12.013  -68.659  -5.758 0.6000000238
20226  -12.481  -66.674  -9.636 0.5000000000
20225  -11.334  -66.628  -9.744 0.5000000000
23346  -12.497  -62.510  -12.662 0.5000000000
133974  -12.208  -67.342  -5.771 0.5000000000
23325  -13.097  -61.843  -10.666 0.5000000000
20254  -8.123  -66.506  -10.943 0.6000000238
20265  -9.887  -66.547  -11.799 0.6000000238
20991  -13.711  -65.102  -12.857 0.5000000000
20910  -11.409  -65.683  -5.795 0.5000000000
22511  -15.514  -63.361  -9.055 0.5000000000
22486  -14.896  -63.833  -7.202 0.6000000238
22472  -10.590  -63.463  -6.624 0.4000000060
22473  -11.501  -63.374  -6.490 0.4000000060
22474  -12.537  -63.512  -6.359 0.4000000060
141960  -12.068  -62.012  -6.155 0.3000000119
24076  -15.676  -61.999  -6.581 0.5000000000
24897  -16.467  -60.670  -7.033 0.4000000060
24055  -15.104  -61.387  -5.636 0.4000000060
24878  -15.727  -60.758  -5.589 0.4000000060
126444  -16.403  -59.158  -7.903 0.4000000060
26619  -16.133  -58.418  -8.331 0.4000000060
24875  -12.791  -60.212  -5.650 0.3000000119
24876  -13.679  -60.409  -5.456 0.5000000000
25722  -15.527  -59.150  -4.731 0.5000000000
25738  -15.406  -59.945  -5.196 0.4000000060
27436  -16.340  -57.706  -7.904 0.4000000060
28149  -16.103  -56.857  -4.223 0.5000000000
27399  -16.285  -57.714  -4.556 0.4000000060
27409  -16.723  -57.608  -5.207 0.4000000060
26592  -12.910  -58.565  -4.962 0.5000000000
27395  -12.281  -57.465  -4.933 0.5000000000
26579  -12.966  -57.899  -4.686 0.4000000060
28139  -16.326  -55.941  -3.775 0.4000000060
27396  -13.014  -57.054  -4.436 0.4000000060
28147  -11.676  -55.926  -4.878 0.3000000119
122568  -12.550  -56.170  -4.386 0.3000000119
3016  -20.455  -91.730  -24.263 0.5000000000
3022  -20.975  -91.166  -25.081 0.5000000000
3530  -23.200  -90.762  -23.908 0.5000000000
3529  -22.261  -91.018  -24.774 0.5000000000
3545  -23.343  -90.543  -24.069 0.5000000000
3544  -22.859  -90.696  -24.675 0.5000000000
4100  -23.822  -89.887  -23.841 0.6000000238
3021  -19.835  -91.594  -25.732 0.5000000000
3542  -20.304  -90.983  -26.294 0.5000000000
3543  -21.517  -91.049  -25.719 0.5000000000
3556  -22.133  -90.653  -25.490 0.5000000000
4113  -24.479  -89.294  -23.861 0.6000000238
4111  -22.572  -89.997  -25.207 0.6000000238
4112  -23.237  -89.844  -24.654 0.6000000238
3020  -18.745  -91.998  -26.068 0.4000000060
2057  -17.211  -94.004  -22.529 0.4000000060
137280  -17.362  -93.321  -22.700 0.4000000060
134827  -17.238  -94.589  -23.595 0.5000000000
2075  -17.667  -93.237  -24.267 0.5000000000
2069  -18.237  -93.816  -24.178 0.5000000000
136697  -17.920  -92.544  -24.720 0.5000000000
3007  -17.529  -92.098  -24.424 0.5000000000
2077  -18.376  -93.059  -24.612 0.5000000000
3019  -18.226  -91.965  -25.924 0.5000000000
4700  -25.171  -88.534  -24.080 0.6000000238
3026  -18.924  -91.320  -26.446 0.5000000000
3027  -19.053  -91.266  -26.886 0.5000000000
4108  -18.597  -90.661  -25.915 0.5000000000
4699  -24.279  -88.590  -24.519 0.6000000238
3554  -19.323  -90.554  -27.113 0.5000000000
4123  -21.819  -89.627  -25.901 0.6000000238
120068  -22.625  -89.108  -25.580 0.6000000238
5284  -24.935  -87.826  -24.818 0.6000000238
4706  -23.026  -88.169  -25.686 0.6000000238
4707  -23.936  -87.978  -25.250 0.6000000238
5292  -24.485  -87.154  -25.629 0.6999999881
5291  -23.455  -87.418  -25.954 0.6000000238
135837  -18.311  -93.189  -19.448 0.6000000238
2051  -18.253  -93.478  -20.511 0.6000000238
2509  -18.762  -92.535  -20.003 0.6000000238
2515  -17.696  -93.365  -21.791 0.5000000000
2999  -18.481  -91.750  -21.856 0.6000000238
2520  -17.377  -93.083  -23.443 0.5000000000
2521  -17.692  -92.502  -22.475 0.5000000000
143509  -18.005  -91.798  -22.797 0.5000000000
3015  -17.793  -91.347  -24.634 0.5000000000
3527  -18.382  -90.771  -23.654 0.5000000000
3540  -17.976  -91.460  -25.761 0.5000000000
5278  -26.154  -87.787  -23.649 0.6999999881
4701  -25.705  -87.751  -24.259 0.6000000238
5839  -25.720  -87.108  -24.301 0.8000000119
120094  -19.060  -90.144  -27.112 0.5000000000
4121  -19.847  -89.481  -26.680 0.5000000000
4710  -20.410  -88.608  -26.457 0.6000000238
124240  -22.302  -88.288  -26.197 0.6000000238
5852  -25.134  -86.504  -25.709 0.6999999881
4712  -21.735  -87.838  -26.511 0.6000000238
5299  -23.118  -87.015  -26.458 0.6000000238
5858  -22.673  -86.309  -26.792 0.6999999881
5859  -23.974  -86.083  -26.657 0.6999999881
5860  -25.000  -85.960  -26.420 0.6000000238
2036  -17.657  -93.543  -18.945 0.5000000000
2991  -19.013  -91.642  -20.699 0.6000000238
3501  -18.632  -91.078  -22.527 0.6000000238
3541  -18.143  -90.612  -24.905 0.5000000000
4098  -19.622  -89.410  -24.093 0.6000000238
5831  -25.909  -87.354  -23.362 0.6999999881
4109  -18.739  -89.841  -25.167 0.5000000000
5838  -25.038  -86.506  -23.486 0.5000000000
5830  -24.585  -86.014  -22.602 0.6000000238
4110  -19.307  -89.214  -25.593 0.6000000238
4704  -20.081  -88.682  -26.295 0.5000000000
6443  -25.142  -86.098  -24.410 0.6000000238
5289  -20.658  -88.013  -26.315 0.5000000000
5293  -25.434  -87.115  -24.999 0.6999999881
5845  -25.441  -86.432  -25.118 0.6000000238
5297  -21.326  -87.528  -26.366 0.5000000000
124218  -25.491  -85.839  -25.749 0.6000000238
6454  -25.622  -85.431  -26.250 0.6000000238
6452  -22.159  -86.237  -26.400 0.5000000000
5865  -22.657  -85.928  -26.994 0.6000000238
6460  -24.462  -85.583  -26.737 0.5000000000
7604  -24.029  -84.046  -27.278 0.5000000000
7073  -26.268  -84.295  -26.669 0.5000000000
128925  -16.868  -93.091  -18.518 0.6000000238
2495  -18.111  -92.674  -18.808 0.6000000238
2035  -16.353  -93.681  -18.445 0.4000000060
4087  -20.464  -88.986  -23.109 0.5000000000
6442  -24.674  -85.545  -23.452 0.6000000238
4099  -20.142  -88.741  -24.519 0.5000000000
5283  -21.225  -87.243  -25.836 0.5000000000
6448  -25.480  -85.606  -25.224 0.5000000000
131629  -24.894  -85.042  -24.247 0.5000000000
135806  -24.710  -84.803  -23.416 0.5000000000
5843  -21.747  -86.561  -25.314 0.5000000000
7064  -26.077  -85.129  -25.887 0.5000000000
6446  -22.050  -86.094  -25.962 0.6000000238
7062  -22.700  -84.820  -25.762 0.6000000238
6455  -26.026  -84.882  -26.417 0.5000000000
7065  -26.543  -84.438  -26.170 0.6000000238
124306  -22.837  -84.816  -26.612 0.6000000238
7071  -23.627  -84.115  -27.075 0.5000000000
2492  -14.992  -92.584  -18.788 0.4000000060
5277  -21.227  -87.624  -24.090 0.5000000000
7049  -25.268  -84.138  -23.913 0.5000000000
5836  -21.513  -87.055  -24.632 0.5000000000
5844  -22.144  -86.001  -25.067 0.5000000000
7057  -26.497  -84.285  -25.718 0.5000000000
7581  -25.925  -83.327  -23.815 0.5000000000
8156  -26.779  -82.715  -23.601 0.5000000000
8147  -27.420  -82.231  -23.011 0.5000000000
8770  -28.608  -81.737  -22.490 0.5000000000
6441  -22.417  -85.564  -24.334 0.6000000238
7055  -23.199  -84.237  -24.999 0.6000000238
7595  -27.061  -84.010  -25.935 0.5000000000
7063  -23.189  -84.241  -26.062 0.6000000238
8172  -27.553  -82.920  -25.940 0.5000000000
133546  -23.953  -82.779  -25.387 0.5000000000
8171  -24.425  -82.353  -25.684 0.5000000000
7038  -22.777  -84.801  -22.180 0.5000000000
7582  -26.736  -83.247  -24.413 0.5000000000
8157  -27.902  -82.525  -23.805 0.5000000000
8148  -28.342  -82.118  -23.213 0.5000000000
6434  -22.496  -85.572  -22.510 0.5000000000
7039  -23.155  -84.345  -22.807 0.6000000238
7588  -27.236  -83.507  -25.287 0.5000000000
8164  -27.627  -82.944  -24.493 0.5000000000
8149  -29.162  -81.737  -23.125 0.5000000000
8771  -30.014  -81.528  -22.523 0.5000000000
7596  -27.388  -83.394  -25.720 0.5000000000
8173  -27.849  -82.864  -25.193 0.5000000000
7029  -22.789  -84.651  -21.239 0.5000000000
8786  -28.650  -82.015  -24.141 0.5000000000
8158  -28.535  -82.223  -23.863 0.5000000000
8781  -30.895  -80.951  -22.986 0.4000000060
133106  -29.128  -81.648  -23.569 0.4000000060
8174  -13.674  -83.053  -25.836 0.4000000060
122865  -8.234  -75.252  -14.418 0.5000000000
13324  -9.128  -75.306  -13.176 0.5000000000
14227  -8.136  -74.782  -13.982 0.5000000000
15052  -10.063  -73.809  -11.335 0.5000000000
14214  -9.813  -74.567  -12.691 0.5000000000
13336  -8.182  -75.225  -14.193 0.5000000000
15805  -10.976  -72.045  -5.916 0.5000000000
16544  -10.738  -71.529  -5.571 0.5000000000
18017  -10.499  -69.374  -5.108 0.5000000000
5829  -22.196  -86.344  -22.917 0.5000000000
130901  -23.834  -89.329  -24.374 0.6000000238
3555  -20.875  -90.259  -26.430 0.6000000238
4698  -23.451  -88.806  -24.959 0.6000000238
4711  -21.017  -88.220  -26.525 0.6000000238
5300  -23.804  -86.774  -26.354 0.6999999881
122131  -18.459  -92.574  -21.104 0.6000000238
4697  -19.902  -88.582  -25.890 0.5000000000
5298  -22.076  -86.988  -26.546 0.6000000238
5867  -23.817  -85.555  -26.908 0.6000000238
6464  -23.508  -85.252  -27.077 0.6000000238
132243  -25.184  -86.865  -22.547 0.6999999881
134397  -20.571  -87.917  -26.048 0.5000000000
5850  -21.643  -86.750  -26.177 0.5000000000
6453  -22.421  -85.539  -26.417 0.6000000238
130925  -23.323  -84.766  -27.083 0.6000000238
6465  -24.362  -85.143  -27.030 0.5000000000
7603  -26.864  -83.925  -26.336 0.5000000000
7056  -25.539  -84.560  -24.970 0.5000000000
7587  -25.973  -83.729  -24.748 0.5000000000
6447  -22.365  -85.463  -25.456 0.5000000000
7594  -23.593  -83.746  -26.458 0.5000000000
128633  -22.383  -85.746  -23.418 0.5000000000
7048  -23.126  -84.261  -23.835 0.5000000000
7047  -22.719  -85.016  -23.365 0.5000000000
7589  -27.889  -83.057  -24.963 0.5000000000
8165  -28.040  -82.613  -24.389 0.5000000000
8780  -29.977  -81.386  -23.122 0.5000000000
8166  -28.073  -82.497  -24.532 0.4000000060
7553  -24.546  -84.037  -19.843 0.5000000000
7561  -24.733  -83.846  -20.955 0.6000000238
7021  -24.541  -84.909  -20.487 0.6000000238
6418  -24.658  -85.904  -20.096 0.4000000060
7572  -25.154  -83.361  -21.661 0.4000000060
7577  -25.330  -83.460  -22.385 0.4000000060
7571  -24.728  -84.109  -21.974 0.5000000000
7031  -24.524  -84.850  -21.476 0.6000000238
7040  -24.481  -85.043  -22.542 0.5000000000
7041  -24.958  -84.187  -22.869 0.4000000060
6426  -24.610  -85.738  -21.042 0.5000000000
5817  -24.759  -86.363  -21.711 0.6000000238
5261  -26.358  -87.538  -22.423 0.6000000238
5271  -26.462  -87.765  -23.056 0.6000000238
122267  -26.494  -88.336  -23.102 0.6000000238
4692  -25.950  -88.491  -23.609 0.6000000238
4090  -26.231  -89.125  -22.997 0.6000000238
124338  -25.384  -89.369  -23.319 0.5000000000
4101  -24.636  -90.087  -23.322 0.4000000060
3531  -23.922  -90.547  -23.410 0.5000000000
8772  -30.768  -81.353  -22.502 0.3000000119
125399  -22.087  -90.768  -23.618 0.4000000060
10033  -16.646  -79.548  -14.316 0.4000000060
10034  -17.590  -79.502  -14.262 0.4000000060
10054  -17.307  -80.093  -15.067 0.5000000000
20309  -16.163  -66.934  -16.157 0.5000000000
20296  -15.948  -66.722  -15.127 0.5000000000
20297  -16.688  -66.144  -15.604 0.5000000000
20999  -16.503  -65.331  -15.003 0.4000000060
21743  -15.544  -64.521  -13.914 0.4000000060
23385  -19.729  -62.778  -18.775 0.4000000060
22547  -14.748  -63.647  -13.861 0.4000000060
22554  -15.530  -63.529  -14.639 0.4000000060
22555  -16.175  -63.758  -15.195 0.4000000060
22545  -13.160  -63.354  -13.213 0.4000000060
22553  -14.765  -62.886  -14.414 0.4000000060
23371  -17.823  -62.294  -17.280 0.4000000060
23353  -14.410  -62.296  -14.058 0.4000000060
24148  -15.456  -61.706  -14.885 0.4000000060
24990  -18.222  -60.834  -16.649 0.4000000060
24138  -13.138  -62.309  -12.978 0.4000000060
24969  -14.670  -60.949  -13.893 0.4000000060
24132  -12.752  -61.766  -12.438 0.4000000060
24959  -14.164  -60.464  -13.330 0.4000000060
137690  -14.209  -59.816  -10.448 0.3000000119
24945  -13.180  -60.372  -11.358 0.4000000060
26629  -15.595  -58.336  -9.063 0.3000000119
26628  -14.794  -58.301  -9.638 0.3000000119
25788  -13.420  -58.935  -10.997 0.3000000119
25789  -13.687  -59.015  -10.570 0.3000000119
138538  -17.694  -63.792  -17.434 0.4000000060
22571  -17.399  -62.977  -16.952 0.4000000060
21750  -16.521  -64.443  -15.454 0.4000000060
21760  -16.953  -64.499  -16.184 0.4000000060
123931  -16.770  -62.958  -16.183 0.4000000060
23362  -16.423  -62.332  -15.786 0.4000000060
24998  -20.399  -60.845  -17.787 0.4000000060
24166  -17.289  -61.870  -16.676 0.4000000060
24158  -16.759  -61.753  -16.105 0.4000000060
23361  -15.674  -62.308  -15.250 0.4000000060
10873  -28.502  -78.418  -15.658 0.3000000119
10889  -28.252  -78.564  -16.521 0.3000000119
10853  -26.828  -78.700  -15.416 0.4000000060
10871  -26.860  -78.764  -16.205 0.3000000119
137196  -27.526  -78.665  -16.576 0.4000000060
9343  -25.119  -80.116  -16.014 0.3000000119
10075  -26.274  -79.195  -16.666 0.3000000119
10888  -27.027  -78.894  -17.053 0.4000000060
8684  -24.359  -81.587  -15.648 0.3000000119
10088  -25.716  -79.650  -17.167 0.3000000119
10089  -26.413  -79.405  -17.529 0.3000000119
9342  -24.826  -80.692  -16.699 0.3000000119
136868  -24.934  -80.860  -17.479 0.3000000119
120276  -25.355  -80.655  -18.086 0.3000000119
8083  -24.596  -82.255  -16.838 0.3000000119
123279  -24.683  -81.453  -17.181 0.3000000119
137958  -24.911  -81.432  -17.948 0.3000000119
7529  -24.718  -83.104  -17.111 0.3000000119
8095  -24.674  -82.236  -17.564 0.3000000119
119016  -24.628  -82.957  -17.947 0.3000000119
6963  -26.610  -84.748  -15.516 0.3000000119
7520  -25.030  -83.784  -16.526 0.3000000119
7530  -25.038  -84.018  -17.059 0.3000000119
137534  -24.711  -83.585  -17.589 0.3000000119
7542  -24.622  -83.750  -18.349 0.3000000119
6975  -25.682  -84.514  -16.652 0.4000000060
10901  -27.872  -78.782  -17.219 0.3000000119
10057  -25.479  -79.598  -15.596 0.4000000060
10090  -27.399  -79.325  -17.868 0.4000000060
9331  -24.509  -80.721  -15.604 0.3000000119
10110  -26.575  -79.740  -18.384 0.4000000060
8072  -24.508  -82.271  -16.092 0.3000000119
130491  -26.003  -80.416  -18.808 0.4000000060
136518  -25.347  -81.307  -18.845 0.4000000060
7509  -24.816  -83.709  -15.464 0.3000000119
130886  -24.708  -82.933  -18.746 0.4000000060
131597  -25.853  -84.671  -15.084 0.3000000119
128350  -25.195  -84.278  -14.910 0.4000000060
124394  -24.626  -83.584  -19.158 0.4000000060
136102  -24.734  -84.508  -18.389 0.3000000119
6950  -26.430  -85.046  -14.733 0.3000000119
10890  -29.157  -78.464  -16.445 0.3000000119
10903  -29.900  -78.662  -17.238 0.3000000119
10091  -28.346  -79.160  -17.822 0.3000000119
10112  -28.664  -79.373  -18.496 0.3000000119
9323  -25.007  -79.866  -14.184 0.4000000060
131484  -27.972  -79.447  -18.357 0.3000000119
10111  -27.325  -79.697  -18.776 0.3000000119
8677  -24.132  -81.335  -14.807 0.3000000119
123597  -24.475  -80.469  -14.589 0.4000000060
9361  -26.737  -80.082  -19.069 0.3000000119
9376  -26.479  -80.555  -19.597 0.4000000060
8068  -24.275  -82.285  -15.302 0.3000000119
7500  -23.813  -83.026  -14.104 0.3000000119
9375  -25.884  -80.928  -19.489 0.4000000060
8727  -25.583  -81.629  -19.815 0.4000000060
135553  -24.587  -83.850  -14.680 0.3000000119
141182  -24.557  -84.551  -13.249 0.3000000119
8128  -25.481  -82.243  -20.430 0.4000000060
6948  -24.717  -84.335  -14.032 0.3000000119
141574  -24.739  -83.395  -19.656 0.4000000060
8127  -24.922  -83.062  -20.182 0.4000000060
7562  -25.246  -82.794  -21.071 0.5000000000
6321  -27.655  -85.812  -13.449 0.3000000119
10092  -29.220  -79.063  -17.900 0.3000000119
8674  -24.055  -81.101  -13.376 0.4000000060
9362  -27.361  -80.208  -19.598 0.4000000060
126544  -26.918  -80.774  -20.320 0.4000000060
8063  -23.658  -82.501  -13.605 0.4000000060
8737  -25.883  -81.650  -20.499 0.4000000060
8756  -26.536  -81.490  -20.877 0.5000000000
8138  -26.487  -81.991  -21.711 0.4000000060
7496  -23.690  -83.328  -13.441 0.3000000119
8137  -25.853  -82.086  -21.104 0.4000000060
6927  -24.941  -84.935  -12.584 0.3000000119
8145  -25.798  -82.695  -21.902 0.4000000060
8155  -25.885  -82.948  -22.935 0.4000000060
6937  -25.271  -84.963  -13.533 0.3000000119
6320  -26.734  -85.592  -13.470 0.3000000119
10113  -29.512  -79.380  -18.628 0.3000000119
10128  -28.063  -79.674  -19.099 0.3000000119
9393  -27.838  -80.655  -20.410 0.3000000119
134560  -23.498  -82.781  -12.741 0.4000000060
8739  -27.461  -81.248  -20.944 0.5000000000
8768  -27.197  -81.874  -22.220 0.4000000060
7492  -23.657  -83.698  -12.712 0.4000000060
8146  -26.578  -82.388  -22.555 0.4000000060
6287  -26.048  -85.112  -10.846 0.3000000119
141587  -25.043  -84.901  -11.777 0.3000000119
6307  -25.590  -85.370  -12.049 0.3000000119
137476  -26.922  -85.864  -11.928 0.3000000119
6300  -28.306  -86.288  -11.913 0.3000000119
6309  -27.615  -86.091  -12.386 0.3000000119
9377  -28.358  -80.175  -19.807 0.3000000119
9394  -28.793  -80.629  -20.535 0.4000000060
126888  -27.895  -81.489  -21.808 0.4000000060
6907  -27.075  -85.204  -9.992 0.3000000119
6895  -27.481  -84.765  -9.304 0.3000000119
6288  -26.803  -85.415  -10.819 0.3000000119
6277  -27.920  -85.297  -9.803 0.3000000119
6289  -28.334  -85.911  -11.022 0.3000000119
6880  -28.044  -84.278  -8.556 0.3000000119
6881  -28.932  -84.343  -8.400 0.3000000119
6896  -28.412  -84.823  -9.135 0.3000000119
6897  -29.214  -84.933  -8.982 0.3000000119
142992  -28.341  -85.650  -10.288 0.3000000119
8741  -30.029  -81.335  -21.354 0.3000000119
8757  -28.854  -81.452  -21.800 0.4000000060
7476  -29.503  -83.746  -7.660 0.3000000119
6870  -30.259  -83.916  -7.451 0.3000000119
9396  -30.906  -80.675  -20.515 0.3000000119
141002  -31.544  -80.787  -20.736 0.3000000119
8742  -30.560  -81.185  -21.138 0.3000000119
8760  -31.381  -81.309  -22.061 0.3000000119
20284  -15.817  -66.377  -14.057 0.5000000000
24944  -12.798  -60.378  -11.956 0.5000000000
24958  -13.645  -60.356  -12.817 0.4000000060
20998  -16.131  -65.411  -14.192 0.4000000060
5818  -25.428  -87.045  -21.525 0.6000000238
6435  -24.524  -85.620  -21.875 0.5000000000
125595  -25.443  -83.569  -23.183 0.4000000060
8769  -27.909  -81.922  -22.560 0.4000000060
8758  -29.738  -81.552  -21.864 0.4000000060
8759  -30.604  -81.473  -21.855 0.3000000119
20311  -17.217  -66.222  -17.299 0.5000000000
21770  -17.929  -64.575  -17.817 0.4000000060
23378  -18.719  -62.527  -18.199 0.4000000060
10058  -26.131  -79.082  -15.687 0.3000000119
7519  -24.672  -82.998  -16.477 0.3000000119
6962  -25.620  -84.328  -15.859 0.3000000119
10036  -25.688  -79.392  -14.746 0.4000000060
126858  -25.236  -82.406  -19.835 0.4000000060
136253  -24.135  -80.926  -14.100 0.4000000060
8067  -23.959  -82.321  -14.454 0.3000000119
7501  -24.218  -83.159  -14.866 0.3000000119
6319  -25.923  -85.483  -12.949 0.3000000119
135497  -27.104  -81.558  -21.518 0.4000000060
128408  -26.882  -85.797  -12.747 0.3000000119
8740  -28.350  -81.140  -21.076 0.4000000060
6905  -25.395  -84.699  -10.487 0.3000000119
6301  -29.080  -86.277  -11.499 0.3000000119
9395  -29.851  -80.813  -20.625 0.3000000119
6882  -29.724  -84.495  -8.215 0.3000000119
139245  -25.732  -89.675  -22.647 0.5000000000
142984  -26.546  -89.518  -21.749 0.5000000000
4684  -26.754  -88.824  -22.450 0.5000000000
5262  -27.234  -87.748  -21.844 0.5000000000
7030  -23.138  -83.948  -21.867 0.4000000060
7011  -24.586  -85.065  -19.559 0.3000000119
6380  -25.882  -85.365  -17.798 0.3000000119
119865  -24.577  -84.378  -18.992 0.4000000060
6988  -24.838  -84.281  -17.763 0.3000000119
6917  -24.143  -84.207  -11.165 0.3000000119
8054  -23.594  -82.740  -11.310 0.3000000119
7486  -23.559  -83.257  -11.996 0.3000000119
10037  -26.517  -78.929  -14.762 0.3000000119
7482  -23.657  -83.144  -10.754 0.3000000119
8669  -23.721  -82.063  -12.300 0.3000000119
8673  -23.664  -81.883  -13.075 0.3000000119
9319  -25.341  -80.201  -13.268 0.3000000119
10017  -26.632  -79.577  -13.386 0.3000000119
138838  -26.190  -80.101  -12.899 0.3000000119
134668  -23.744  -82.192  -11.663 0.3000000119
9313  -24.872  -81.138  -12.048 0.3000000119
9318  -24.722  -80.779  -12.882 0.3000000119
140747  -26.414  -80.376  -12.423 0.3000000119
128184  -26.322  -79.249  -14.104 0.3000000119
10039  -27.977  -78.998  -14.010 0.3000000119
9304  -24.568  -81.243  -11.175 0.3000000119
10038  -27.037  -79.068  -13.968 0.3000000119
10018  -27.521  -79.609  -13.199 0.3000000119
5801  -24.928  -86.530  -20.748 0.5000000000
5819  -26.480  -87.408  -21.339 0.4000000060
124212  -26.955  -88.040  -22.449 0.5000000000
7004  -24.765  -85.104  -18.781 0.3000000119
24992  -20.402  -60.101  -17.477 0.3000000119
24168  -19.027  -61.021  -17.693 0.3000000119
24960  -14.964  -60.314  -13.638 0.3000000119
3519  -25.150  -90.388  -22.326 0.4000000060
137635  -26.352  -89.644  -21.150 0.4000000060
5226  -30.538  -87.437  -18.007 0.4000000060
4651  -28.898  -88.442  -19.406 0.4000000060
4666  -28.877  -88.193  -19.913 0.4000000060
126001  -28.350  -87.921  -21.089 0.4000000060
5820  -27.606  -87.443  -21.214 0.4000000060
139093  -27.981  -88.788  -20.469 0.4000000060
135400  -27.497  -88.741  -21.493 0.4000000060
4686  -27.460  -88.058  -21.816 0.4000000060
5213  -31.773  -86.375  -16.486 0.3000000119
5236  -30.857  -86.839  -17.947 0.4000000060
5807  -29.699  -87.108  -19.520 0.4000000060
127578  -27.359  -89.085  -21.277 0.4000000060
4641  -29.789  -87.716  -18.671 0.4000000060
4064  -28.408  -88.633  -20.010 0.4000000060
5227  -31.207  -86.821  -17.228 0.3000000119
5247  -29.777  -87.444  -19.167 0.4000000060
5246  -29.330  -87.585  -19.733 0.4000000060
4665  -28.371  -88.318  -20.684 0.4000000060
5253  -28.719  -87.619  -20.377 0.4000000060
5821  -28.286  -87.504  -20.910 0.4000000060
5759  -32.196  -85.942  -16.188 0.3000000119
5793  -30.081  -86.985  -19.141 0.3000000119
5777  -30.917  -86.203  -17.736 0.3000000119
5790  -28.183  -86.601  -19.855 0.3000000119
5789  -27.224  -86.618  -19.856 0.3000000119
5805  -28.698  -87.035  -20.359 0.3000000119
6407  -26.637  -86.290  -19.093 0.3000000119
6393  -24.999  -85.785  -19.305 0.3000000119
5787  -25.223  -86.454  -19.889 0.3000000119
5804  -27.908  -86.997  -20.563 0.3000000119
5802  -25.703  -86.972  -20.589 0.3000000119
4427  -20.916  -88.645  -5.015 0.3000000119
5061  -21.145  -87.675  -5.053 0.3000000119
7464  -27.415  -82.904  -7.504 0.3000000119
6237  -21.662  -85.378  -4.224 0.3000000119
6238  -22.445  -85.164  -4.522 0.3000000119
7429  -23.936  -83.378  -5.099 0.3000000119
7439  -24.974  -83.115  -5.426 0.3000000119
8005  -25.925  -82.435  -5.406 0.3000000119
8615  -28.064  -81.090  -5.411 0.3000000119
9278  -28.244  -80.803  -5.727 0.3000000119
8032  -27.912  -81.426  -6.607 0.3000000119
6841  -22.762  -84.194  -4.391 0.3000000119
7428  -23.255  -83.545  -4.638 0.3000000119
8000  -24.240  -82.387  -5.212 0.3000000119
8004  -25.306  -81.989  -5.331 0.3000000119
128939  -26.452  -81.488  -5.252 0.3000000119
5791  -29.059  -86.591  -19.784 0.3000000119
5068  -21.901  -87.413  -5.429 0.3000000119
6843  -24.415  -84.142  -5.249 0.3000000119
6243  -22.897  -85.765  -5.149 0.3000000119
122437  -21.999  -85.957  -4.782 0.3000000119
6244  -23.619  -85.456  -5.218 0.3000000119
6842  -23.597  -84.217  -4.874 0.3000000119
7999  -23.355  -82.728  -4.737 0.3000000119
2062  -17.266  -94.025  -23.354 0.5000000000
2067  -17.557  -93.718  -24.019 0.5000000000
2076  -17.895  -93.145  -24.450 0.5000000000
2527  -17.563  -92.897  -24.237 0.5000000000
2534  -18.343  -92.407  -24.979 0.5000000000
2535  -18.821  -92.607  -25.027 0.4000000060
2975  -17.531  -92.011  -18.575 0.6999999881
2989  -11.534  -91.700  -20.711 0.5000000000
3025  -18.697  -91.356  -26.295 0.5000000000
3456  -15.178  -90.358  -17.399 0.6999999881
3458  -17.247  -90.497  -17.626 0.6999999881
3459  -18.222  -90.281  -17.727 0.6999999881
3465  -13.514  -90.496  -18.216 0.6999999881
3514  -13.378  -90.373  -22.663 0.5000000000
3528  -19.112  -90.147  -23.844 0.5000000000
3553  -18.876  -90.850  -27.116 0.5000000000
4015  -14.701  -89.597  -17.016 0.6999999881
4030  -12.703  -89.925  -19.169 0.6999999881
4032  -19.044  -89.998  -17.960 0.6999999881
4033  -19.760  -89.665  -18.277 0.6999999881
4034  -20.395  -89.210  -18.786 0.6000000238
4046  -20.344  -89.752  -19.622 0.6999999881
4059  -14.084  -89.141  -20.757 0.6999999881
4063  -27.466  -89.173  -20.678 0.4000000060
4070  -14.459  -89.228  -21.629 0.6000000238
4075  -26.997  -89.161  -21.799 0.5000000000
4076  -27.803  -88.743  -21.013 0.4000000060
4083  -13.860  -89.767  -22.178 0.6000000238
4085  -15.088  -88.908  -22.793 0.5000000000
4088  -25.210  -90.134  -22.727 0.4000000060
4119  -14.941  -89.103  -25.412 0.5000000000
4120  -18.924  -90.013  -26.624 0.5000000000
4122  -20.904  -89.109  -26.544 0.6000000238
4594  -15.640  -87.518  -15.865 0.6999999881
4596  -17.086  -88.016  -15.429 0.6999999881
4606  -17.550  -88.725  -15.857 0.6999999881
4607  -18.543  -88.651  -16.130 0.6000000238
4619  -13.861  -88.727  -17.884 0.6999999881
4622  -20.471  -88.280  -17.491 0.6000000238
4635  -15.153  -87.957  -18.929 0.6999999881
4647  -13.691  -88.741  -19.334 0.6999999881
4652  -29.368  -88.046  -19.289 0.4000000060
4660  -14.783  -88.694  -20.615 0.6999999881
4675  -27.887  -88.271  -21.391 0.4000000060
4681  -15.537  -88.415  -22.179 0.6999999881
4683  -21.124  -88.352  -22.580 0.6000000238
4685  -27.301  -88.516  -21.908 0.5000000000
4695  -15.408  -88.559  -24.755 0.5000000000
4696  -19.429  -89.431  -26.527 0.5000000000
4705  -21.697  -88.685  -26.252 0.6000000238
4713  -22.576  -87.602  -26.357 0.6000000238
5192  -16.068  -87.192  -15.621 0.6999999881
5194  -17.682  -87.468  -15.147 0.5000000000
5207  -14.858  -88.207  -16.484 0.6999999881
5211  -20.885  -86.713  -16.379 0.4000000060
5224  -21.083  -87.841  -17.914 0.6000000238
5233  -16.436  -87.255  -18.308 0.6000000238
5234  -21.536  -87.339  -18.390 0.5000000000
5235  -30.340  -87.191  -18.651 0.4000000060
5263  -27.898  -87.833  -21.419 0.4000000060
5269  -16.218  -87.383  -22.686 0.6999999881
5275  -16.125  -87.254  -23.544 0.6000000238
5276  -20.616  -88.098  -24.922 0.5000000000
5290  -21.193  -87.449  -26.204 0.5000000000
5295  -15.866  -87.487  -27.090 0.5000000000
5296  -16.050  -87.061  -26.722 0.5000000000
5641  -21.520  -86.772  -4.983 0.3000000119
5728  -16.950  -86.230  -14.917 0.6000000238
5730  -18.278  -86.171  -14.585 0.5000000000
5732  -20.410  -85.766  -15.296 0.5000000000
5745  -19.143  -86.513  -14.874 0.5000000000
5754  -15.738  -86.905  -16.545 0.6999999881
5758  -31.648  -86.197  -16.733 0.3000000119
5765  -31.254  -86.392  -17.332 0.3000000119
5776  -30.337  -86.545  -18.578 0.3000000119
5785  -22.043  -86.725  -18.935 0.4000000060
5788  -26.105  -86.677  -19.798 0.3000000119
5792  -29.720  -86.660  -19.324 0.3000000119
5797  -16.270  -86.714  -20.698 0.6999999881
5803  -26.749  -87.111  -20.516 0.3000000119
5806  -29.326  -87.025  -19.989 0.4000000060
5827  -16.261  -86.993  -22.327 0.6999999881
5834  -15.691  -86.168  -23.911 0.6000000238
5837  -22.050  -86.337  -24.134 0.5000000000
5842  -15.901  -86.660  -25.333 0.6000000238
5849  -15.880  -86.739  -26.432 0.5000000000
5851  -24.506  -86.509  -26.200 0.6999999881
5855  -15.997  -86.940  -27.006 0.5000000000
5856  -21.750  -86.876  -26.406 0.5000000000
5857  -22.302  -86.296  -26.604 0.5000000000
5866  -23.143  -85.863  -27.103 0.6999999881
6239  -23.242  -84.961  -4.833 0.3000000119
6278  -28.737  -85.412  -9.678 0.3000000119
6279  -29.500  -85.578  -9.566 0.3000000119
6298  -25.506  -85.047  -11.287 0.3000000119
6299  -26.277  -85.468  -11.491 0.3000000119
6308  -26.308  -85.658  -12.235 0.3000000119
6334  -17.769  -85.373  -14.691 0.6000000238
6336  -19.317  -85.118  -14.528 0.5000000000
6337  -20.166  -85.139  -14.780 0.5000000000
6338  -26.139  -85.345  -13.908 0.3000000119
6339  -27.044  -85.449  -14.214 0.3000000119
6354  -17.496  -85.197  -15.065 0.6000000238
6367  -18.076  -84.922  -17.572 0.6000000238
6377  -17.794  -85.670  -17.981 0.6000000238
6379  -25.149  -84.975  -18.075 0.3000000119
6394  -25.440  -85.593  -18.554 0.3000000119
6440  -15.277  -85.780  -23.206 0.6000000238
6445  -15.441  -85.531  -24.668 0.6000000238
6451  -15.358  -85.543  -26.374 0.5000000000
6459  -22.508  -85.852  -26.879 0.6000000238
6461  -25.219  -85.203  -26.726 0.5000000000
6463  -22.885  -85.555  -27.079 0.6000000238
6851  -23.981  -84.888  -5.205 0.3000000119
6906  -26.253  -84.957  -10.206 0.3000000119
6916  -23.881  -83.977  -11.938 0.3000000119
6918  -24.790  -84.661  -11.141 0.3000000119
6926  -24.458  -84.512  -11.866 0.3000000119
6936  -24.152  -84.345  -12.639 0.4000000060
6945  -18.041  -84.729  -14.816 0.6000000238
6946  -18.903  -84.379  -14.706 0.5000000000
6989  -25.470  -84.727  -17.371 0.3000000119
7028  -13.816  -84.818  -21.895 0.6000000238
7045  -13.835  -83.986  -23.452 0.6000000238
7046  -14.381  -84.292  -24.207 0.6000000238
7054  -22.774  -84.911  -24.636 0.6000000238
7060  -14.395  -83.977  -25.920 0.5000000000
7070  -22.749  -85.352  -26.960 0.6000000238
7074  -24.162  -84.603  -27.201 0.5000000000
7467  -29.945  -83.197  -6.892 0.3000000119
7468  -30.529  -83.549  -6.631 0.3000000119
7478  -23.813  -82.994  -10.157 0.3000000119
7487  -23.698  -83.564  -11.265 0.3000000119
7497  -24.011  -84.079  -13.378 0.3000000119
7499  -19.572  -83.923  -14.860 0.5000000000
7505  -19.243  -83.675  -15.287 0.5000000000
7508  -24.544  -82.991  -15.776 0.3000000119
7515  -19.612  -83.078  -15.914 0.5000000000
7569  -13.282  -83.329  -21.990 0.6000000238
7585  -14.399  -83.543  -25.360 0.6000000238
7586  -23.573  -83.456  -25.463 0.5000000000
7592  -14.429  -83.269  -25.836 0.4000000060
7597  -13.826  -83.586  -26.078 0.4000000060
7598  -14.352  -83.552  -26.246 0.5000000000
7599  -24.034  -83.547  -26.845 0.5000000000
7998  -22.817  -82.237  -4.489 0.3000000119
8059  -23.579  -82.612  -12.000 0.3000000119
8088  -13.973  -82.219  -17.591 0.6000000238
8105  -24.807  -82.161  -18.381 0.3000000119
8115  -24.877  -82.931  -19.466 0.4000000060
8116  -25.029  -82.192  -19.214 0.4000000060
8170  -23.920  -83.030  -26.122 0.5000000000
8614  -27.406  -81.008  -5.244 0.3000000119
8622  -28.299  -80.723  -6.075 0.3000000119
8666  -24.105  -81.657  -11.771 0.3000000119
8670  -24.072  -81.385  -12.573 0.3000000119
8676  -23.870  -81.613  -13.888 0.4000000060
8694  -24.546  -81.468  -16.360 0.3000000119
8700  -13.805  -81.344  -17.266 0.6000000238
8709  -13.080  -81.466  -18.634 0.6000000238
8718  -13.029  -81.194  -19.539 0.6000000238
8738  -26.174  -81.117  -20.126 0.4000000060
8743  -31.317  -81.125  -21.297 0.3000000119
8788  -12.466  -81.041  -25.504 0.6000000238
9314  -25.720  -80.581  -12.395 0.3000000119
9322  -24.578  -80.495  -13.724 0.4000000060
9332  -24.901  -79.920  -15.119 0.4000000060
9340  -15.329  -80.762  -16.265 0.6000000238
9352  -25.316  -80.293  -17.360 0.3000000119
9360  -16.891  -80.346  -18.603 0.5000000000
9397  -31.782  -80.580  -20.146 0.3000000119
9404  -13.056  -80.368  -21.278 0.6000000238
9414  -13.060  -80.166  -22.058 0.6000000238
9425  -14.220  -79.857  -24.258 0.6000000238
9435  -11.673  -80.527  -24.991 0.6999999881
9436  -14.205  -80.371  -25.057 0.6000000238
9446  -13.282  -80.573  -25.628 0.6000000238
9447  -13.728  -80.818  -25.433 0.6000000238
10016  -25.790  -79.606  -13.734 0.3000000119
10031  -14.726  -79.030  -14.779 0.5000000000
10051  -14.461  -79.620  -15.455 0.6000000238
10074  -25.643  -79.582  -16.337 0.3000000119
10106  -13.181  -79.366  -18.130 0.5000000000
10109  -25.797  -79.901  -17.944 0.4000000060
10125  -13.143  -79.666  -19.409 0.6000000238
10182  -12.154  -79.825  -25.130 0.6999999881
10183  -13.311  -79.902  -25.492 0.6000000238
10848  -15.324  -78.455  -14.128 0.5000000000
10854  -27.283  -78.633  -14.767 0.3000000119
10867  -14.293  -78.449  -15.115 0.5000000000
10872  -27.593  -78.550  -15.730 0.3000000119
10902  -28.803  -78.764  -17.240 0.3000000119
10920  -13.002  -78.832  -19.688 0.5000000000
10921  -13.001  -78.080  -19.658 0.5000000000
10930  -10.130  -78.070  -20.329 0.6000000238
10931  -12.888  -78.301  -20.299 0.5000000000
10939  -12.962  -78.614  -21.816 0.6000000238
10945  -9.608  -78.593  -22.702 0.5000000000
10954  -14.050  -78.365  -24.213 0.5000000000
10963  -10.230  -78.870  -24.273 0.6999999881
10964  -12.165  -78.099  -24.859 0.6000000238
10965  -13.587  -77.946  -25.049 0.6000000238
11634  -14.061  -77.908  -15.554 0.5000000000
11647  -14.098  -77.257  -16.052 0.5000000000
11657  -13.551  -77.799  -17.440 0.5000000000
11667  -10.239  -76.956  -19.115 0.6000000238
11687  -10.115  -77.267  -20.513 0.5000000000
11689  -13.120  -77.403  -20.222 0.6000000238
11701  -9.942  -77.292  -21.937 0.6000000238
11702  -13.413  -77.050  -22.036 0.6000000238
11725  -10.065  -77.745  -23.380 0.6000000238
11726  -10.265  -77.710  -23.738 0.6999999881
11727  -13.990  -77.108  -24.376 0.6000000238
12483  -14.140  -76.540  -17.360 0.5000000000
12513  -9.645  -76.000  -20.277 0.5000000000
12548  -14.415  -75.068  -21.624 0.6000000238
12557  -10.187  -76.351  -22.979 0.6000000238
12558  -13.829  -76.220  -22.847 0.5000000000
12567  -10.092  -77.130  -23.041 0.6999999881
12569  -11.181  -76.318  -23.883 0.6999999881
12570  -13.808  -76.370  -23.801 0.5000000000
12578  -11.910  -76.626  -24.631 0.6999999881
12579  -13.381  -76.635  -24.745 0.6000000238
12580  -13.730  -76.570  -24.387 0.6000000238
13364  -10.464  -75.532  -16.105 0.6000000238
13377  -9.857  -74.812  -18.002 0.6000000238
13411  -15.129  -74.411  -21.134 0.6999999881
13412  -15.423  -74.313  -20.229 0.6999999881
13424  -10.061  -75.969  -22.322 0.6999999881
13426  -11.036  -75.201  -23.202 0.6000000238
13427  -13.986  -75.305  -23.299 0.5000000000
13431  -10.635  -75.879  -23.396 0.6000000238
13433  -12.501  -75.141  -23.912 0.6000000238
13435  -14.016  -74.588  -23.144 0.6999999881
13440  -13.163  -75.900  -24.304 0.6000000238
14200  -9.861  -74.776  -11.741 0.5000000000
14201  -10.262  -73.807  -12.235 0.6000000238
14228  -9.145  -74.328  -13.487 0.6000000238
14244  -8.128  -74.663  -14.490 0.5000000000
14254  -9.696  -74.576  -15.593 0.6000000238
14255  -10.275  -74.816  -15.912 0.6000000238
14270  -10.280  -74.760  -16.706 0.6000000238
14284  -9.709  -74.185  -17.178 0.6000000238
14285  -15.984  -74.800  -17.861 0.5000000000
14294  -8.355  -73.760  -18.656 0.6999999881
14295  -8.787  -74.462  -18.976 0.6000000238
14296  -16.258  -74.286  -18.324 0.5000000000
14303  -8.731  -74.547  -19.828 0.6000000238
14311  -9.024  -74.497  -20.566 0.6000000238
14313  -10.574  -74.444  -21.196 0.6000000238
14319  -9.812  -74.864  -21.298 0.6999999881
14321  -11.801  -74.244  -21.804 0.6999999881
14323  -15.129  -73.871  -21.492 0.6999999881
14329  -10.980  -74.821  -22.618 0.6000000238
14330  -11.849  -74.660  -23.321 0.6000000238
14331  -12.784  -74.156  -22.980 0.6000000238
14332  -14.215  -74.085  -22.679 0.6000000238
15053  -10.413  -73.008  -11.749 0.6000000238
15086  -7.428  -72.641  -14.347 0.6000000238
15116  -8.157  -73.389  -15.518 0.6000000238
15128  -8.410  -73.110  -16.563 0.6000000238
15138  -11.432  -72.845  -17.846 0.8000000119
15142  -15.651  -73.294  -17.961 0.6999999881
15149  -7.890  -73.079  -18.599 0.6999999881
15150  -8.021  -73.327  -19.110 0.6000000238
15153  -12.694  -73.567  -18.220 0.8000000119
15163  -7.967  -73.091  -19.190 0.6999999881
15164  -8.392  -73.284  -19.684 0.6000000238
15166  -10.051  -73.467  -19.987 0.6999999881
15171  -15.740  -73.663  -19.331 0.6000000238
15182  -14.239  -73.505  -21.016 0.6999999881
15184  -15.272  -73.700  -20.622 0.6999999881
15192  -14.800  -73.727  -21.598 0.6999999881
15197  -13.667  -73.842  -22.594 0.6000000238
15815  -11.223  -71.914  -6.396 0.6999999881
15842  -9.970  -72.439  -10.104 0.6000000238
15858  -10.231  -72.172  -10.880 0.6000000238
15859  -10.370  -72.379  -11.424 0.6000000238
15875  -10.022  -72.480  -12.723 0.6000000238
15876  -10.400  -72.233  -12.072 0.6000000238
15887  -7.008  -71.818  -14.087 0.6999999881
15889  -9.523  -72.756  -13.223 0.6000000238
15901  -7.072  -72.516  -14.972 0.6000000238
15910  -6.653  -71.818  -15.843 0.8000000119
15911  -6.970  -72.206  -15.627 0.8000000119
15917  -7.359  -72.142  -17.057 0.8000000119
15927  -7.841  -72.491  -17.952 0.6999999881
15929  -12.749  -72.471  -17.209 0.8000000119
15931  -14.931  -72.616  -17.130 0.6999999881
15933  -16.402  -73.172  -16.939 0.5000000000
15951  -9.711  -73.061  -19.347 0.6999999881
16545  -11.244  -71.588  -5.969 0.5000000000
16551  -11.607  -71.046  -6.467 0.6999999881
16555  -10.809  -72.175  -7.516 0.6000000238
16568  -8.916  -70.773  -9.258 0.6999999881
16569  -9.620  -71.715  -9.484 0.6000000238
16604  -7.319  -70.973  -12.509 0.6999999881
16615  -5.923  -70.954  -14.051 0.6999999881
16627  -6.040  -71.280  -14.752 0.6999999881
16633  -6.377  -71.420  -15.513 0.8000000119
16651  -7.824  -71.430  -17.589 0.6999999881
16660  -7.932  -72.081  -18.151 0.6999999881
16661  -8.355  -72.209  -18.695 0.6000000238
16662  -9.233  -71.737  -18.779 0.6000000238
16664  -11.022  -72.031  -18.035 0.8000000119
17271  -10.889  -70.666  -5.352 0.5000000000
17284  -9.572  -70.669  -8.720 0.6999999881
17305  -7.818  -70.611  -10.590 0.6999999881
17323  -5.012  -69.122  -12.225 0.6999999881
17332  -5.347  -69.992  -13.426 0.6999999881
17340  -6.038  -70.515  -14.800 0.6000000238
17347  -6.427  -70.913  -15.575 0.8000000119
17356  -7.148  -70.867  -16.343 0.6000000238
17365  -7.701  -70.956  -17.014 0.5000000000
17368  -11.473  -70.284  -18.107 0.6000000238
17369  -13.127  -71.121  -17.062 0.6000000238
17379  -12.857  -69.737  -18.589 0.6000000238
18024  -11.393  -69.275  -5.498 0.6000000238
18025  -11.508  -70.225  -5.771 0.6999999881
18039  -12.272  -69.065  -7.507 0.6999999881
18046  -11.109  -69.173  -8.411 0.6999999881
18057  -7.516  -69.108  -9.952 0.8000000119
18069  -6.228  -69.033  -11.135 0.6999999881
18079  -5.281  -68.977  -11.719 0.6999999881
18080  -9.835  -69.145  -11.928 0.5000000000
18091  -5.084  -68.717  -12.071 0.6999999881
18093  -7.736  -68.934  -12.841 0.5000000000
18094  -9.238  -69.060  -12.221 0.6000000238
18097  -12.824  -69.204  -13.277 0.6000000238
18107  -6.183  -69.428  -13.355 0.5000000000
18121  -11.095  -69.632  -13.608 0.6000000238
18127  -8.354  -69.626  -15.753 0.6000000238
18128  -9.125  -69.223  -15.468 0.6000000238
18129  -9.849  -69.214  -14.984 0.6000000238
18136  -9.103  -69.250  -16.175 0.6000000238
18145  -9.888  -69.701  -17.323 0.6000000238
18156  -10.233  -70.190  -18.058 0.6999999881
18159  -13.464  -69.235  -19.096 0.6000000238
18757  -12.335  -68.632  -6.266 0.6000000238
18764  -12.520  -68.584  -7.131 0.6999999881
18786  -7.931  -68.274  -9.746 0.8000000119
18810  -5.624  -68.760  -11.697 0.8000000119
18811  -6.700  -68.525  -11.349 0.8000000119
18812  -7.052  -68.276  -11.239 0.6999999881
18813  -9.093  -68.572  -11.901 0.5000000000
18823  -11.201  -69.127  -12.385 0.5000000000
18824  -12.325  -68.733  -12.446 0.6000000238
18837  -13.980  -68.183  -14.323 0.6000000238
18847  -11.406  -69.251  -14.578 0.6000000238
18848  -13.057  -68.913  -14.307 0.6000000238
18858  -11.512  -68.498  -15.532 0.6000000238
18859  -12.520  -68.380  -15.364 0.5000000000
18860  -13.359  -68.157  -15.230 0.6000000238
18867  -10.512  -68.427  -16.411 0.6000000238
18874  -9.652  -69.356  -16.666 0.6000000238
18877  -12.094  -68.074  -17.580 0.6000000238
18884  -13.369  -68.659  -19.036 0.6000000238
18894  -14.871  -68.800  -19.787 0.5000000000
19477  -11.828  -67.971  -5.546 0.5000000000
19478  -12.421  -68.038  -5.932 0.6000000238
19492  -12.962  -67.973  -7.551 0.6000000238
19493  -13.460  -67.262  -7.753 0.6000000238
19507  -7.780  -67.729  -10.251 0.8000000119
19508  -8.175  -67.313  -9.811 0.6999999881
19509  -9.763  -67.028  -9.409 0.6000000238
19511  -12.295  -67.461  -9.191 0.5000000000
19523  -7.540  -68.026  -10.813 0.6999999881
19533  -8.149  -66.621  -11.094 0.6000000238
19543  -11.126  -66.982  -11.946 0.5000000000
19544  -13.069  -68.010  -12.402 0.6000000238
19545  -13.708  -68.147  -12.922 0.6000000238
19554  -14.075  -68.026  -13.472 0.6000000238
19556  -15.288  -66.997  -13.761 0.5000000000
19566  -15.372  -67.152  -14.443 0.5000000000
19577  -12.715  -67.697  -16.218 0.5000000000
19580  -15.327  -67.339  -15.438 0.5000000000
19585  -12.307  -67.402  -16.856 0.5000000000
19586  -12.907  -67.335  -16.925 0.5000000000
19594  -11.821  -67.552  -16.973 0.5000000000
19597  -14.172  -67.274  -17.945 0.5000000000
19598  -15.196  -67.241  -17.835 0.5000000000
19607  -13.710  -67.761  -18.521 0.5000000000
20200  -13.654  -66.789  -7.225 0.5000000000
20222  -8.515  -66.497  -10.073 0.6000000238
20228  -13.923  -66.239  -8.981 0.5000000000
20242  -8.781  -65.637  -10.466 0.6000000238
20243  -9.286  -65.525  -10.306 0.6000000238
20244  -10.463  -65.741  -10.256 0.5000000000
20255  -8.574  -65.845  -10.923 0.6000000238
20256  -8.917  -65.992  -11.270 0.6000000238
20268  -13.810  -66.749  -12.576 0.5000000000
20276  -14.523  -66.621  -12.954 0.6000000238
20277  -15.176  -66.461  -13.413 0.5000000000
20285  -16.382  -66.043  -14.687 0.4000000060
20310  -16.705  -66.534  -16.715 0.5000000000
20919  -13.524  -66.184  -6.842 0.4000000060
20924  -14.389  -65.413  -7.515 0.5000000000
20948  -12.826  -66.159  -10.074 0.5000000000
20949  -13.591  -65.872  -9.708 0.4000000060
20950  -14.453  -65.613  -9.133 0.6000000238
20959  -8.688  -65.271  -10.839 0.6000000238
20972  -8.875  -64.922  -11.051 0.5000000000
20982  -10.054  -64.935  -12.236 0.5000000000
20983  -10.659  -64.768  -12.490 0.5000000000
20985  -13.070  -65.804  -12.568 0.5000000000
20986  -14.011  -65.992  -12.641 0.5000000000
20993  -15.464  -65.528  -13.496 0.6000000238
21005  -16.814  -65.203  -15.735 0.4000000060
21013  -17.169  -65.610  -16.535 0.5000000000
21672  -12.693  -64.415  -6.304 0.4000000060
21673  -13.604  -64.668  -6.621 0.4000000060
21693  -15.029  -64.854  -8.709 0.5000000000
21694  -15.390  -64.152  -8.400 0.5000000000
21716  -9.419  -64.703  -11.314 0.5000000000
21717  -9.926  -64.471  -11.175 0.5000000000
21718  -10.775  -63.893  -11.378 0.4000000060
21721  -14.099  -64.203  -10.248 0.5000000000
21736  -10.144  -64.345  -12.143 0.5000000000
21741  -13.383  -64.155  -13.151 0.5000000000
21742  -14.536  -64.598  -13.328 0.4000000060
21749  -16.136  -64.442  -14.678 0.4000000060
22477  -15.192  -63.128  -6.915 0.4000000060
22500  -15.605  -63.388  -8.250 0.5000000000
22520  -12.185  -63.317  -10.961 0.4000000060
22530  -10.459  -63.788  -12.072 0.4000000060
22531  -10.857  -63.314  -11.861 0.4000000060
22538  -10.954  -63.181  -12.032 0.5000000000
22539  -11.658  -62.865  -12.403 0.5000000000
22546  -13.905  -62.970  -13.741 0.4000000060
22561  -16.051  -63.009  -15.420 0.4000000060
22562  -16.578  -63.686  -15.838 0.4000000060
22570  -17.158  -63.720  -16.555 0.4000000060
22578  -18.169  -63.122  -17.801 0.4000000060
22579  -19.045  -63.336  -18.892 0.4000000060
23281  -15.622  -62.653  -7.010 0.5000000000
23305  -15.824  -62.537  -8.720 0.4000000060
23315  -14.643  -62.736  -10.172 0.5000000000
23324  -12.467  -62.451  -10.997 0.5000000000
23327  -14.952  -61.958  -10.097 0.4000000060
23333  -11.849  -62.113  -11.605 0.4000000060
23347  -13.144  -62.836  -13.213 0.5000000000
23348  -13.721  -62.347  -13.444 0.4000000060
23354  -15.046  -62.279  -14.702 0.4000000060
23370  -17.018  -62.277  -16.551 0.4000000060
24056  -15.769  -61.395  -6.048 0.4000000060
24077  -16.173  -61.389  -6.770 0.5000000000
24091  -16.375  -61.358  -7.612 0.4000000060
24105  -16.318  -61.341  -8.320 0.4000000060
24113  -15.617  -61.830  -9.417 0.4000000060
24118  -13.143  -61.152  -10.880 0.5000000000
24119  -14.274  -61.253  -10.462 0.4000000060
24139  -13.477  -61.652  -12.962 0.4000000060
24140  -14.193  -61.503  -13.553 0.4000000060
24147  -14.805  -61.594  -14.342 0.4000000060
24157  -16.129  -61.745  -15.436 0.4000000060
24159  -17.332  -61.338  -16.321 0.4000000060
24167  -18.064  -61.590  -17.013 0.4000000060
24173  -18.757  -61.786  -17.869 0.4000000060
24174  -19.946  -61.525  -18.176 0.4000000060
24181  -20.550  -62.289  -18.570 0.4000000060
24877  -14.774  -60.649  -5.343 0.4000000060
24895  -11.342  -60.461  -6.523 0.4000000060
24896  -12.047  -60.325  -5.983 0.3000000119
24938  -13.742  -60.432  -10.719 0.5000000000
24950  -13.118  -60.824  -12.400 0.4000000060
24991  -19.282  -60.375  -17.119 0.3000000119
25720  -13.514  -59.199  -4.892 0.5000000000
25721  -14.627  -59.169  -4.599 0.5000000000
25723  -16.226  -58.855  -4.982 0.5000000000
25739  -16.436  -59.278  -5.644 0.4000000060
25751  -16.606  -59.864  -6.354 0.4000000060
25771  -16.361  -59.797  -8.170 0.4000000060
25780  -14.570  -59.175  -9.880 0.3000000119
25781  -15.390  -58.937  -9.371 0.3000000119
25795  -13.400  -59.872  -12.326 0.5000000000
25796  -13.377  -59.600  -11.555 0.4000000060
25810  -13.830  -59.885  -12.924 0.4000000060
25820  -15.730  -60.096  -13.984 0.3000000119
26582  -15.961  -58.408  -4.525 0.4000000060
26583  -16.414  -58.236  -4.863 0.4000000060
26591  -12.006  -58.180  -5.293 0.4000000060
26620  -16.491  -58.454  -7.523 0.4000000060
26636  -13.572  -58.446  -10.811 0.3000000119
26637  -14.075  -58.326  -10.329 0.3000000119
27397  -14.673  -57.707  -4.264 0.4000000060
27398  -15.673  -57.745  -4.282 0.5000000000
27426  -16.656  -57.816  -7.033 0.4000000060
28150  -16.629  -56.320  -4.366 0.4000000060
28151  -17.080  -55.799  -4.558 0.3000000119
28884  -16.808  -55.696  -3.963 0.3000000119
119316  -26.840  -89.443  -21.304 0.4000000060
119941  -12.924  -81.695  -25.633 0.6000000238
119995  -14.097  -57.050  -3.976 0.5000000000
122532  -31.312  -86.902  -16.696 0.3000000119
122923  -17.191  -79.986  -19.393 0.5000000000
123128  -14.736  -64.009  -9.815 0.5000000000
123280  -21.087  -87.627  -25.123 0.5000000000
123888  -25.297  -80.053  -16.720 0.3000000119
124034  -29.253  -81.150  -21.204 0.3000000119
124692  -15.496  -67.330  -16.477 0.5000000000
124704  -13.761  -62.717  -10.567 0.5000000000
124752  -17.641  -85.886  -14.647 0.6000000238
124861  -29.637  -81.246  -23.585 0.4000000060
125122  -14.099  -80.786  -24.070 0.6000000238
125292  -13.928  -78.653  -25.055 0.6000000238
125580  -27.525  -85.856  -11.420 0.3000000119
125642  -12.468  -61.664  -5.967 0.3000000119
125991  -6.834  -68.911  -10.524 0.8000000119
126082  -13.574  -73.837  -19.150 0.8000000119
126103  -8.265  -69.283  -13.858 0.6000000238
126147  -10.073  -76.974  -21.212 0.6000000238
126603  -15.373  -62.764  -14.928 0.4000000060
126990  -13.530  -58.862  -11.367 0.3000000119
127099  -10.698  -68.358  -15.952 0.6000000238
127366  -5.125  -69.454  -12.702 0.6000000238
127880  -16.107  -60.038  -8.688 0.4000000060
128260  -12.331  -59.042  -5.527 0.4000000060
128384  -26.316  -89.538  -22.228 0.5000000000
128623  -15.456  -85.501  -25.560 0.6000000238
128781  -11.004  -69.607  -12.765 0.6000000238
129126  -10.392  -67.127  -5.275 0.5000000000
129278  -13.756  -60.974  -12.999 0.4000000060
129402  -9.825  -78.270  -23.328 0.6000000238
129744  -7.873  -70.018  -9.552 0.6999999881
130451  -19.631  -90.716  -20.338 0.6999999881
130535  -13.366  -80.013  -17.567 0.6000000238
131114  -11.352  -67.213  -5.518 0.5000000000
131233  -13.623  -67.522  -12.609 0.6000000238
131316  -8.778  -71.488  -12.563 0.6999999881
131324  -19.480  -62.120  -18.383 0.4000000060
131767  -8.911  -71.072  -18.039 0.6000000238
132224  -16.584  -59.135  -7.007 0.4000000060
132520  -9.703  -70.020  -8.584 0.6999999881
133064  -24.171  -83.621  -14.070 0.3000000119
133590  -27.666  -85.573  -10.547 0.3000000119
133731  -14.871  -67.076  -13.361 0.5000000000
133760  -13.503  -78.499  -17.109 0.5000000000
133764  -13.526  -59.657  -10.942 0.3000000119
133858  -13.235  -89.458  -20.549 0.6999999881
133989  -17.400  -64.633  -17.009 0.4000000060
134191  -10.663  -69.993  -8.253 0.6999999881
135500  -17.043  -85.685  -15.130 0.6000000238
135605  -14.744  -84.903  -19.283 0.5000000000
135678  -18.512  -92.407  -19.123 0.6000000238
135906  -11.691  -64.229  -12.773 0.5000000000
135920  -18.481  -87.640  -15.394 0.5000000000
136350  -16.838  -56.278  -5.817 0.3000000119
136441  -16.003  -59.469  -5.233 0.5000000000
136488  -29.327  -81.618  -22.407 0.5000000000
136822  -13.961  -63.688  -13.451 0.4000000060
136929  -10.337  -65.866  -11.967 0.6000000238
136951  -7.984  -74.091  -14.435 0.6000000238
137190  -12.234  -61.638  -11.731 0.5000000000
137268  -16.438  -87.254  -20.543 0.6999999881
137367  -17.860  -84.879  -16.639 0.5000000000
137390  -17.468  -92.260  -23.554 0.5000000000
138080  -23.708  -82.587  -10.639 0.3000000119
138194  -15.720  -67.133  -15.787 0.5000000000
138198  -13.555  -81.410  -23.348 0.6000000238
138676  -27.349  -82.163  -7.136 0.3000000119
139663  -7.038  -71.877  -16.300 0.8000000119
139969  -20.688  -83.871  -15.278 0.5000000000
140018  -17.892  -91.863  -25.106 0.5000000000
140122  -24.922  -83.562  -16.117 0.3000000119
140141  -16.697  -74.060  -17.267 0.5000000000
140241  -14.426  -73.465  -20.178 0.6999999881
140332  -15.197  -75.448  -18.790 0.6999999881
140459  -15.953  -86.651  -23.538 0.6000000238
140576  -13.632  -81.870  -24.535 0.5000000000
141390  -26.904  -85.648  -11.399 0.3000000119
141724  -15.492  -63.770  -8.749 0.5000000000
141958  -9.519  -68.870  -15.971 0.6000000238
141982  -21.877  -87.080  -19.789 0.4000000060
142045  -10.892  -59.246  -6.421 0.4000000060
142112  -9.543  -74.389  -10.995 0.5000000000
142330  -10.251  -76.507  -18.526 0.6000000238
142420  -12.084  -69.201  -18.489 0.6999999881
142461  -12.100  -62.978  -6.413 0.4000000060
142566  -11.518  -71.073  -7.329 0.6999999881
142586  -23.301  -84.353  -26.770 0.6000000238
142628  -14.119  -91.736  -18.922 0.6999999881
142736  -16.915  -92.086  -18.568 0.6999999881
142854  -17.804  -91.511  -23.589 0.5000000000
143187  -16.501  -80.601  -17.158 0.5000000000
143401  -13.750  -76.959  -22.869 0.6000000238
143505  -23.269  -86.370  -26.768 0.6999999881
143570  -16.218  -87.515  -21.145 0.6999999881
