#!ascii label  , from subject sub-032304 vox2ras=TkReg
1350
8178  -27.053  -83.302  -26.445 0.5000000000
7602  -26.369  -83.745  -26.799 0.6000000238
8760  -31.381  -81.309  -22.061 0.3000000119
7075  -25.060  -84.619  -27.104 0.5000000000
9430  -30.288  -80.905  -23.479 0.4000000060
9431  -30.972  -80.231  -23.396 0.4000000060
9432  -31.812  -80.445  -23.171 0.4000000060
8773  -31.417  -81.057  -22.640 0.3000000119
8792  -25.604  -81.533  -25.908 0.5000000000
8177  -26.346  -83.071  -26.755 0.5000000000
8791  -25.033  -81.761  -25.604 0.6000000238
8796  -25.109  -82.216  -26.241 0.5000000000
7601  -25.685  -83.627  -27.100 0.6000000238
130398  -31.890  -81.025  -21.634 0.3000000119
7600  -24.770  -83.516  -27.060 0.5000000000
9443  -29.615  -80.491  -23.866 0.5000000000
124861  -29.637  -81.246  -23.585 0.5000000000
9411  -32.528  -80.742  -21.618 0.3000000119
8175  -24.539  -82.871  -26.495 0.6000000238
7605  -24.940  -84.094  -27.233 0.5000000000
10181  -29.948  -79.236  -23.865 0.5000000000
9444  -30.328  -80.054  -23.634 0.4000000060
10168  -31.596  -79.341  -23.464 0.4000000060
141525  -32.521  -80.243  -22.913 0.3000000119
8761  -32.100  -80.854  -22.396 0.3000000119
10975  -29.610  -78.155  -24.229 0.4000000060
10167  -30.746  -79.213  -23.658 0.4000000060
10976  -30.408  -78.162  -23.949 0.4000000060
10972  -25.580  -78.180  -24.926 0.6999999881
136173  -25.954  -78.893  -25.210 0.6999999881
9440  -25.704  -79.840  -25.195 0.6999999881
8798  -26.983  -82.390  -26.293 0.5000000000
10971  -24.892  -78.207  -24.119 0.6999999881
10176  -24.946  -79.057  -23.642 0.6999999881
9448  -25.286  -80.925  -25.118 0.5000000000
8785  -24.644  -81.717  -24.922 0.6999999881
8794  -27.619  -82.209  -25.462 0.5000000000
9429  -24.658  -79.923  -23.425 0.6999999881
9451  -27.803  -81.223  -24.882 0.4000000060
9442  -28.589  -80.557  -24.306 0.5000000000
137541  -32.798  -80.681  -20.930 0.3000000119
129284  -24.317  -81.770  -24.220 0.6000000238
10180  -29.077  -79.330  -24.165 0.5000000000
127196  -29.309  -77.275  -24.446 0.4000000060
10960  -31.251  -78.259  -23.666 0.4000000060
10961  -32.177  -78.364  -23.509 0.4000000060
10169  -32.545  -79.386  -23.275 0.4000000060
136850  -30.027  -76.942  -23.849 0.3000000119
11749  -29.941  -77.309  -24.115 0.4000000060
12589  -22.270  -76.425  -25.590 0.5000000000
11753  -22.756  -76.648  -25.336 0.6000000238
12590  -23.239  -76.148  -25.541 0.6000000238
11755  -24.679  -76.637  -25.453 0.6000000238
11746  -25.076  -77.524  -25.114 0.6000000238
12588  -20.238  -77.015  -25.608 0.5000000000
127350  -20.925  -77.344  -25.518 0.5000000000
11742  -21.331  -77.419  -25.281 0.6000000238
11744  -23.296  -77.034  -24.947 0.6000000238
11745  -24.219  -77.385  -24.694 0.6999999881
9449  -26.527  -80.523  -25.630 0.6000000238
10116  -32.548  -79.596  -18.128 0.3000000119
10186  -19.261  -79.277  -25.296 0.6999999881
10980  -20.642  -78.081  -25.290 0.6000000238
10969  -21.320  -77.917  -24.690 0.6000000238
11743  -22.304  -77.273  -24.888 0.6000000238
11729  -23.313  -77.568  -23.882 0.6999999881
10959  -24.353  -78.535  -23.230 0.6999999881
10188  -26.762  -79.592  -25.463 0.6000000238
133567  -27.054  -81.352  -25.671 0.5000000000
11750  -18.980  -78.222  -25.241 0.6999999881
137952  -20.211  -79.549  -24.247 0.6000000238
10956  -21.240  -78.620  -23.810 0.6000000238
10970  -22.250  -77.826  -23.789 0.6000000238
10949  -23.482  -78.859  -22.339 0.6999999881
9422  -24.321  -79.907  -22.591 0.6999999881
9441  -27.776  -80.187  -24.735 0.5000000000
9398  -32.653  -80.646  -20.237 0.3000000119
10175  -18.896  -79.738  -25.098 0.6999999881
9437  -18.998  -79.972  -25.043 0.6000000238
141330  -22.319  -78.733  -22.201 0.6000000238
10153  -23.465  -79.471  -21.837 0.6000000238
121180  -24.706  -80.946  -24.069 0.6999999881
130544  -27.058  -78.689  -25.334 0.5000000000
10973  -27.740  -78.518  -24.884 0.5000000000
10160  -20.568  -79.764  -23.174 0.6000000238
10151  -22.054  -79.316  -21.668 0.6000000238
8767  -24.135  -80.823  -22.415 0.6000000238
8779  -24.271  -81.416  -23.411 0.6000000238
8154  -23.906  -82.263  -23.806 0.6000000238
10983  -27.442  -77.736  -25.242 0.5000000000
9423  -32.853  -80.363  -22.310 0.3000000119
9419  -20.208  -80.792  -22.986 0.6999999881
9420  -21.044  -79.844  -22.175 0.6000000238
10161  -21.467  -79.027  -22.658 0.6000000238
10152  -22.882  -79.620  -21.394 0.6000000238
9409  -23.402  -80.096  -21.369 0.5000000000
120806  -23.694  -80.692  -21.529 0.5000000000
131348  -23.592  -82.916  -23.759 0.5000000000
8162  -23.773  -82.864  -24.621 0.5000000000
10984  -28.103  -77.568  -24.980 0.5000000000
12564  -29.410  -76.725  -23.355 0.3000000119
12565  -30.191  -76.767  -23.219 0.3000000119
12576  -30.417  -76.851  -23.424 0.3000000119
11733  -31.685  -77.468  -23.426 0.4000000060
7580  -23.418  -83.507  -24.296 0.5000000000
12575  -29.037  -76.407  -24.050 0.3000000119
11731  -29.753  -76.730  -23.719 0.3000000119
11732  -30.705  -77.302  -23.669 0.4000000060
14345  -20.290  -74.208  -24.598 0.5000000000
14350  -20.971  -75.195  -25.082 0.5000000000
14351  -21.974  -75.254  -25.175 0.5000000000
13450  -22.642  -75.859  -25.494 0.5000000000
14340  -19.428  -74.523  -24.188 0.5000000000
134348  -19.623  -75.031  -24.578 0.5000000000
13448  -19.906  -76.193  -25.346 0.5000000000
126620  -21.706  -75.970  -25.570 0.5000000000
12591  -24.229  -75.973  -25.610 0.6000000238
12592  -25.047  -75.970  -25.523 0.6000000238
12582  -19.138  -76.507  -24.917 0.5000000000
11756  -25.489  -76.712  -25.485 0.6000000238
10981  -26.100  -78.053  -25.410 0.8000000119
10095  -32.658  -79.374  -17.174 0.3000000119
12571  -19.331  -75.892  -23.617 0.6000000238
12581  -18.763  -77.068  -24.598 0.6000000238
12587  -19.412  -76.774  -25.341 0.6000000238
12593  -25.852  -76.065  -25.310 0.4000000060
10096  -33.385  -79.730  -17.613 0.3000000119
135861  -18.620  -78.599  -24.457 0.6999999881
10982  -26.733  -77.870  -25.399 0.5000000000
131768  -26.440  -78.837  -25.396 0.6000000238
9380  -32.411  -80.401  -19.496 0.3000000119
9381  -33.337  -80.417  -19.536 0.3000000119
120226  -18.379  -78.694  -23.513 0.6999999881
11758  -27.167  -76.863  -25.330 0.4000000060
9399  -33.396  -80.462  -20.545 0.3000000119
9426  -18.906  -80.221  -24.436 0.6000000238
9427  -19.097  -80.405  -24.250 0.6999999881
10164  -33.082  -79.706  -22.867 0.3000000119
8777  -18.946  -80.899  -23.433 0.6000000238
8765  -19.114  -81.451  -22.632 0.6999999881
9407  -21.479  -80.055  -21.273 0.6000000238
9408  -22.917  -80.198  -20.983 0.5000000000
9392  -23.249  -80.750  -20.686 0.5000000000
8153  -23.645  -82.610  -22.873 0.6000000238
12585  -27.802  -76.336  -24.736 0.4000000060
12596  -28.100  -76.574  -24.896 0.4000000060
11705  -27.663  -77.066  -22.238 0.3000000119
11718  -28.635  -77.200  -22.363 0.3000000119
11706  -28.785  -77.324  -21.438 0.3000000119
11719  -29.704  -77.217  -22.325 0.3000000119
12566  -31.104  -76.867  -23.221 0.4000000060
10170  -33.280  -78.907  -23.141 0.3000000119
9390  -21.843  -80.294  -20.467 0.6000000238
9374  -22.905  -80.869  -19.956 0.5000000000
140570  -23.192  -81.106  -20.125 0.5000000000
8755  -23.591  -81.477  -21.227 0.5000000000
7570  -23.458  -83.014  -21.981 0.5000000000
7576  -23.420  -83.543  -23.027 0.6000000238
7048  -23.126  -84.261  -23.835 0.5000000000
12574  -27.980  -76.305  -24.331 0.3000000119
12563  -28.461  -76.672  -23.445 0.3000000119
9373  -22.231  -80.623  -19.820 0.5000000000
8114  -23.284  -82.322  -20.089 0.5000000000
126702  -23.352  -83.324  -21.207 0.5000000000
7020  -23.074  -83.924  -20.818 0.5000000000
15200  -20.066  -72.796  -23.218 0.5000000000
15208  -19.941  -73.421  -24.232 0.5000000000
14346  -21.284  -74.286  -24.678 0.5000000000
15210  -21.645  -73.396  -24.479 0.5000000000
14347  -22.207  -74.488  -24.616 0.5000000000
13442  -22.854  -75.362  -24.984 0.5000000000
14335  -20.104  -74.321  -22.961 0.5000000000
13443  -23.692  -75.395  -24.870 0.4000000060
13436  -19.422  -75.020  -23.893 0.5000000000
135840  -24.618  -75.725  -25.357 0.4000000060
121470  -33.340  -79.477  -16.933 0.3000000119
122786  -19.495  -76.162  -22.776 0.6000000238
13452  -25.391  -75.798  -25.238 0.4000000060
124969  -19.336  -76.721  -22.144 0.6000000238
12559  -18.948  -76.856  -23.292 0.6000000238
10117  -33.574  -80.173  -18.459 0.3000000119
11716  -18.664  -77.853  -22.859 0.6000000238
12594  -26.765  -75.979  -25.162 0.4000000060
10947  -18.156  -78.574  -22.457 0.6000000238
12584  -26.568  -75.805  -24.948 0.4000000060
125559  -27.180  -75.955  -24.902 0.4000000060
10144  -34.015  -79.857  -21.083 0.3000000119
10158  -18.077  -79.730  -22.846 0.6999999881
12562  -27.255  -76.723  -23.152 0.3000000119
15983  -20.468  -72.626  -24.085 0.5000000000
15209  -20.695  -73.077  -24.510 0.5000000000
129833  -21.316  -72.529  -24.368 0.5000000000
14341  -22.508  -73.696  -24.097 0.4000000060
15199  -19.731  -73.500  -23.581 0.5000000000
14342  -23.293  -74.141  -23.523 0.4000000060
14348  -23.033  -74.701  -24.307 0.4000000060
15193  -20.632  -72.901  -22.434 0.6000000238
13430  -24.394  -75.396  -23.261 0.4000000060
13438  -25.031  -75.881  -24.023 0.4000000060
125888  -34.069  -80.068  -17.768 0.3000000119
121909  -33.978  -79.688  -17.114 0.3000000119
11717  -18.840  -77.287  -22.312 0.6000000238
13445  -25.316  -75.645  -25.086 0.4000000060
13446  -26.146  -75.824  -25.036 0.4000000060
12572  -25.812  -76.188  -23.880 0.4000000060
12561  -26.185  -76.440  -22.816 0.4000000060
12573  -26.900  -76.213  -24.249 0.3000000119
12552  -26.717  -76.686  -21.903 0.3000000119
9416  -18.084  -80.274  -22.453 0.6000000238
16695  -21.027  -71.397  -23.343 0.5000000000
15985  -21.566  -71.603  -24.053 0.5000000000
15979  -22.374  -71.466  -24.077 0.4000000060
15206  -22.083  -72.573  -24.209 0.4000000060
15962  -21.134  -72.181  -22.421 0.5000000000
15971  -20.945  -71.376  -23.029 0.5000000000
15201  -23.617  -72.936  -23.168 0.4000000060
14325  -20.774  -74.139  -22.071 0.6000000238
14326  -21.302  -73.393  -21.482 0.6000000238
13421  -20.298  -75.112  -22.039 0.6000000238
14315  -21.247  -74.357  -21.203 0.6000000238
132535  -24.614  -75.102  -22.361 0.4000000060
13420  -19.930  -76.039  -22.031 0.6000000238
12560  -25.165  -75.997  -22.701 0.4000000060
13422  -25.334  -75.466  -21.806 0.4000000060
13423  -26.021  -75.642  -21.176 0.4000000060
9365  -34.252  -80.208  -19.168 0.3000000119
11704  -19.079  -77.371  -21.573 0.6000000238
12551  -25.895  -76.210  -21.756 0.4000000060
9382  -34.111  -80.133  -20.137 0.3000000119
11703  -18.465  -77.888  -21.936 0.6000000238
10150  -17.850  -79.393  -22.116 0.6000000238
10932  -18.192  -78.633  -20.662 0.6999999881
11679  -20.334  -77.050  -19.617 0.6999999881
10941  -18.080  -78.619  -21.535 0.6000000238
10933  -19.045  -78.253  -20.330 0.6999999881
11669  -19.975  -77.796  -19.049 0.6999999881
10142  -17.875  -79.110  -20.188 0.6000000238
12500  -20.905  -76.563  -19.042 0.6999999881
11671  -21.173  -76.902  -18.214 0.6000000238
10923  -19.270  -78.338  -19.448 0.6999999881
11670  -20.582  -77.261  -18.673 0.6999999881
16706  -21.690  -70.891  -23.693 0.5000000000
16707  -22.019  -70.371  -24.047 0.5000000000
16686  -22.141  -70.777  -22.658 0.5000000000
16697  -22.259  -70.271  -23.618 0.5000000000
16709  -24.281  -70.190  -24.092 0.5000000000
15981  -24.014  -71.233  -23.817 0.4000000060
15972  -23.923  -72.355  -23.270 0.4000000060
15185  -21.833  -73.148  -20.824 0.6000000238
15964  -22.198  -71.812  -21.750 0.6000000238
15965  -22.748  -71.354  -21.860 0.6000000238
121940  -22.918  -70.438  -22.581 0.6000000238
15202  -24.118  -73.209  -22.665 0.4000000060
13413  -20.835  -75.054  -21.201 0.6000000238
15957  -22.876  -72.257  -21.017 0.6000000238
16679  -23.519  -71.510  -21.310 0.6000000238
14337  -24.327  -74.156  -22.378 0.4000000060
12550  -20.360  -75.879  -21.152 0.6000000238
13414  -21.334  -74.879  -20.551 0.6000000238
14317  -22.138  -73.805  -20.204 0.6000000238
15187  -23.149  -72.876  -20.122 0.6000000238
15958  -24.132  -72.043  -20.326 0.6000000238
14328  -26.347  -74.791  -20.744 0.4000000060
13407  -20.825  -75.674  -20.291 0.6000000238
14305  -21.773  -74.629  -19.996 0.6000000238
15172  -22.741  -73.578  -19.778 0.6000000238
15944  -24.499  -72.435  -19.411 0.6000000238
15953  -25.142  -72.000  -19.424 0.6000000238
14327  -25.743  -74.626  -21.341 0.4000000060
12535  -20.337  -76.465  -20.377 0.6000000238
13408  -21.405  -75.297  -19.909 0.5000000000
14306  -22.366  -74.415  -19.569 0.6000000238
15173  -23.400  -73.393  -19.266 0.6000000238
138036  -24.955  -72.416  -18.803 0.6000000238
15945  -25.599  -72.216  -18.652 0.6999999881
11690  -18.631  -78.024  -21.127 0.6999999881
13397  -21.935  -75.289  -19.297 0.6000000238
14307  -23.289  -74.197  -18.649 0.6000000238
15934  -25.132  -72.757  -18.217 0.6000000238
15936  -26.250  -72.304  -18.001 0.6000000238
135727  -27.755  -71.646  -17.489 0.6000000238
15144  -24.388  -73.649  -17.867 0.6000000238
142260  -24.855  -73.229  -17.870 0.6000000238
138304  -26.726  -72.320  -17.336 0.6000000238
15937  -27.380  -72.005  -17.053 0.6000000238
12501  -21.608  -76.098  -18.590 0.6000000238
13398  -22.329  -75.497  -18.457 0.6000000238
132079  -24.726  -73.518  -17.112 0.5000000000
15923  -25.940  -72.703  -17.174 0.6000000238
15924  -26.854  -72.544  -16.476 0.6000000238
15143  -23.706  -74.310  -17.812 0.5000000000
126832  -20.802  -77.428  -17.949 0.6999999881
12484  -21.716  -76.559  -17.709 0.5000000000
13383  -23.242  -75.160  -17.330 0.6000000238
14287  -23.787  -74.574  -16.904 0.5000000000
15132  -25.322  -73.221  -16.722 0.5000000000
13368  -23.298  -75.244  -16.518 0.6000000238
13337  -15.424  -76.000  -14.110 0.6000000238
13325  -15.633  -76.420  -13.591 0.6000000238
11622  -14.874  -77.654  -14.289 0.6000000238
17415  -22.471  -70.109  -23.956 0.5000000000
16698  -23.083  -70.071  -23.613 0.5000000000
17417  -24.641  -69.792  -23.933 0.5000000000
15982  -24.985  -71.069  -23.691 0.5000000000
121814  -24.538  -72.307  -22.976 0.4000000060
16680  -24.482  -71.317  -20.977 0.5000000000
119915  -23.852  -70.859  -22.020 0.5000000000
17391  -26.263  -70.726  -21.057 0.5000000000
15973  -25.508  -72.387  -22.564 0.4000000060
15966  -26.212  -72.892  -21.866 0.4000000060
17386  -26.914  -70.987  -20.323 0.5000000000
14338  -25.002  -74.398  -21.825 0.4000000060
15194  -25.607  -73.535  -21.731 0.4000000060
15195  -26.413  -73.661  -21.233 0.4000000060
121266  -25.748  -71.677  -19.472 0.5000000000
16673  -26.454  -71.421  -19.630 0.5000000000
16682  -25.986  -71.244  -20.303 0.5000000000
16665  -26.467  -71.718  -18.792 0.6000000238
16674  -27.155  -71.341  -19.388 0.6000000238
16667  -27.884  -71.467  -18.164 0.6000000238
16666  -27.291  -71.499  -18.655 0.5000000000
17372  -28.706  -71.139  -16.726 0.4000000060
126450  -29.176  -70.821  -17.468 0.4000000060
17373  -29.910  -70.455  -17.761 0.4000000060
16647  -27.770  -72.133  -16.211 0.6000000238
16648  -28.395  -71.513  -16.036 0.6000000238
120120  -29.554  -70.491  -16.047 0.5000000000
143056  -29.265  -70.747  -16.590 0.4000000060
17362  -30.390  -69.896  -16.764 0.4000000060
140816  -30.430  -69.490  -16.338 0.4000000060
10922  -18.600  -78.817  -18.956 0.6999999881
15133  -25.980  -73.014  -16.264 0.6000000238
18132  -30.085  -69.263  -15.638 0.4000000060
12470  -21.878  -76.801  -16.947 0.6000000238
126319  -24.841  -73.654  -16.210 0.5000000000
131495  -25.428  -73.406  -16.013 0.5000000000
16637  -28.593  -71.163  -15.147 0.5000000000
142138  -28.834  -70.676  -14.784 0.5000000000
17353  -29.613  -70.017  -15.442 0.4000000060
18863  -30.345  -68.330  -15.380 0.4000000060
132561  -22.815  -75.758  -16.961 0.6000000238
15904  -26.776  -72.804  -14.901 0.5000000000
124452  -16.260  -74.718  -13.847 0.6999999881
13326  -15.887  -75.682  -13.366 0.6000000238
14215  -16.749  -74.475  -12.431 0.6999999881
13313  -16.511  -75.874  -12.593 0.6000000238
14203  -17.503  -74.209  -11.556 0.6000000238
12432  -15.723  -77.032  -13.513 0.6000000238
14204  -18.264  -74.584  -11.255 0.6000000238
15055  -18.063  -73.719  -11.046 0.6000000238
15045  -19.741  -73.112  -10.138 0.6000000238
11609  -15.512  -77.654  -13.754 0.5000000000
11599  -16.725  -77.275  -12.705 0.6000000238
12412  -18.093  -75.954  -11.729 0.6000000238
13304  -18.570  -75.397  -11.495 0.6000000238
14190  -18.770  -74.102  -10.804 0.6000000238
10832  -15.931  -78.220  -13.616 0.5000000000
11610  -16.224  -77.583  -13.257 0.5000000000
13305  -19.328  -75.564  -11.563 0.5000000000
14205  -19.259  -74.799  -11.178 0.5000000000
17398  -23.791  -70.089  -22.884 0.4000000060
17408  -25.449  -69.606  -23.108 0.5000000000
16699  -26.058  -71.201  -23.489 0.5000000000
10833  -16.619  -78.378  -13.394 0.5000000000
11600  -17.512  -77.265  -12.475 0.5000000000
13306  -20.034  -75.286  -11.552 0.5000000000
14206  -20.243  -74.572  -11.161 0.5000000000
17400  -26.079  -70.109  -22.134 0.5000000000
15974  -26.601  -72.134  -22.571 0.4000000060
15975  -27.617  -71.994  -22.323 0.4000000060
123955  -28.244  -72.260  -21.760 0.4000000060
10013  -17.035  -79.054  -13.724 0.5000000000
11602  -19.235  -77.387  -12.630 0.5000000000
123136  -18.854  -76.939  -12.203 0.6000000238
13316  -20.614  -75.637  -12.088 0.6000000238
121973  -27.008  -72.794  -21.778 0.4000000060
10835  -19.229  -78.285  -13.578 0.6000000238
11612  -19.605  -77.748  -13.293 0.6000000238
12425  -20.435  -76.441  -12.544 0.6999999881
134790  -27.832  -71.005  -19.898 0.5000000000
9341  -16.933  -80.265  -16.784 0.6000000238
17380  -27.898  -71.102  -18.977 0.5000000000
17382  -29.368  -70.560  -18.508 0.4000000060
10086  -18.518  -79.380  -17.350 0.6000000238
17381  -28.607  -71.044  -18.368 0.4000000060
10912  -18.761  -79.186  -18.151 0.6000000238
10900  -20.045  -78.303  -17.436 0.6000000238
18140  -30.837  -69.414  -16.901 0.4000000060
11648  -20.968  -77.683  -16.822 0.6000000238
10914  -20.299  -77.877  -18.155 0.6999999881
136591  -22.781  -75.698  -16.274 0.6000000238
14258  -23.753  -74.719  -15.147 0.6000000238
14273  -23.734  -74.603  -16.004 0.5000000000
15119  -25.159  -73.774  -15.412 0.5000000000
14229  -16.589  -74.239  -13.255 0.6999999881
14202  -16.960  -73.899  -11.968 0.6999999881
15860  -17.469  -72.568  -11.553 0.6000000238
15043  -17.858  -72.815  -10.910 0.6000000238
15844  -18.447  -72.313  -10.482 0.6000000238
15845  -19.243  -72.484  -10.053 0.6000000238
15837  -19.971  -72.466  -9.631 0.6999999881
15838  -20.928  -72.415  -9.644 0.6000000238
15846  -20.413  -72.915  -9.970 0.6000000238
17409  -26.261  -69.578  -23.071 0.5000000000
17418  -25.264  -69.714  -23.802 0.5000000000
16710  -25.384  -70.144  -23.942 0.5000000000
16711  -26.534  -70.421  -23.668 0.5000000000
14192  -20.559  -74.020  -10.838 0.6000000238
137392  -21.672  -72.666  -10.074 0.5000000000
17419  -26.046  -69.944  -23.655 0.5000000000
16700  -27.078  -71.306  -23.293 0.5000000000
14207  -21.483  -74.654  -11.816 0.6000000238
127610  -21.077  -74.318  -11.348 0.6000000238
15848  -22.420  -72.567  -10.201 0.5000000000
17392  -26.921  -70.413  -21.423 0.5000000000
132356  -18.047  -79.902  -15.670 0.6000000238
10055  -18.207  -79.609  -14.933 0.4000000060
10035  -18.412  -79.225  -14.161 0.6000000238
12434  -20.606  -76.876  -13.223 0.6000000238
13317  -21.454  -75.197  -12.341 0.6000000238
15056  -22.403  -73.649  -11.220 0.6000000238
138154  -28.361  -70.624  -20.300 0.4000000060
18178  -28.483  -70.309  -21.191 0.4000000060
10056  -18.745  -79.452  -15.720 0.5000000000
10851  -19.742  -78.607  -14.912 0.5000000000
11623  -19.946  -78.174  -14.093 0.6000000238
11613  -20.349  -77.440  -13.631 0.6999999881
122444  -21.558  -76.156  -13.772 0.6000000238
13327  -21.709  -75.638  -13.181 0.6000000238
14217  -22.073  -74.586  -12.219 0.6000000238
17387  -28.661  -70.665  -19.389 0.5000000000
10072  -18.247  -79.647  -16.504 0.6000000238
10852  -20.330  -78.118  -14.903 0.6000000238
12444  -21.110  -76.886  -13.949 0.6000000238
13328  -22.321  -75.243  -13.509 0.6000000238
137307  -22.767  -74.511  -12.658 0.6000000238
121366  -24.270  -73.233  -11.482 0.6000000238
10886  -19.794  -78.598  -16.598 0.5000000000
10870  -20.266  -78.302  -15.752 0.6000000238
139500  -21.436  -77.157  -14.938 0.6000000238
14230  -22.726  -75.157  -14.105 0.6000000238
14218  -23.466  -74.491  -13.138 0.6000000238
10087  -19.322  -78.887  -17.427 0.6000000238
10887  -20.456  -78.086  -16.684 0.6000000238
125462  -20.881  -77.741  -16.150 0.6000000238
121636  -21.937  -76.509  -15.265 0.6000000238
12446  -22.507  -75.749  -14.860 0.6000000238
12457  -22.412  -76.015  -15.775 0.6000000238
12471  -22.369  -76.239  -16.588 0.6000000238
125536  -24.878  -74.212  -14.821 0.5000000000
15108  -26.302  -73.217  -14.419 0.5000000000
15089  -16.769  -73.842  -14.279 0.6999999881
15070  -17.122  -73.155  -12.150 0.6999999881
15902  -18.053  -72.507  -15.120 0.6999999881
119505  -17.696  -72.548  -14.188 0.6999999881
15090  -17.212  -72.992  -13.157 0.6999999881
16592  -17.633  -71.778  -11.728 0.6999999881
119775  -18.398  -71.580  -10.528 0.6000000238
16570  -18.903  -71.388  -10.091 0.6000000238
136467  -20.454  -70.477  -8.818 0.5000000000
16571  -19.465  -71.729  -9.637 0.6999999881
16561  -20.731  -71.080  -8.818 0.5000000000
16573  -21.255  -71.674  -9.210 0.5000000000
16574  -22.169  -71.516  -9.251 0.5000000000
18195  -27.455  -69.772  -23.450 0.4000000060
17420  -27.226  -70.002  -23.717 0.5000000000
16712  -28.288  -70.517  -23.544 0.5000000000
16701  -27.980  -71.267  -23.201 0.5000000000
16702  -29.311  -71.258  -23.188 0.4000000060
17402  -27.742  -70.256  -21.932 0.4000000060
18202  -28.181  -69.964  -23.577 0.4000000060
15047  -22.930  -73.136  -10.688 0.6000000238
15057  -23.414  -73.584  -11.515 0.6000000238
15861  -23.779  -72.873  -10.947 0.6000000238
120704  -24.260  -73.751  -12.073 0.6000000238
15862  -24.617  -72.581  -11.186 0.6000000238
14231  -23.436  -74.674  -14.037 0.6000000238
14232  -24.103  -74.371  -13.658 0.6000000238
13340  -23.252  -75.061  -14.720 0.6000000238
124622  -24.886  -73.812  -12.670 0.5000000000
14246  -24.170  -74.470  -14.551 0.6000000238
15106  -24.751  -74.135  -14.066 0.5000000000
15107  -25.481  -73.704  -14.473 0.5000000000
15891  -18.529  -71.696  -14.287 0.6999999881
120132  -18.302  -70.940  -12.876 0.6999999881
16606  -17.874  -71.629  -12.805 0.6999999881
17317  -18.429  -70.472  -11.435 0.6000000238
16593  -18.055  -71.275  -11.132 0.6999999881
17306  -18.595  -70.793  -10.484 0.4000000060
16635  -18.367  -71.778  -15.027 0.6999999881
16628  -18.608  -71.309  -14.600 0.6999999881
17333  -18.679  -70.495  -13.378 0.6000000238
17325  -18.535  -70.380  -12.445 0.6000000238
17298  -20.035  -70.067  -9.144 0.5000000000
121263  -17.186  -71.016  -15.676 0.6999999881
16634  -18.024  -71.223  -15.347 0.6999999881
18049  -20.540  -69.747  -8.660 0.5000000000
17359  -16.445  -70.494  -16.174 0.6999999881
17287  -21.056  -70.441  -8.545 0.5000000000
18138  -16.929  -69.610  -16.626 0.6000000238
18137  -15.967  -69.590  -16.855 0.6000000238
121850  -15.752  -69.193  -17.792 0.6000000238
18169  -15.046  -69.063  -19.854 0.5000000000
18905  -17.459  -68.383  -20.336 0.5000000000
17421  -28.846  -70.299  -23.611 0.4000000060
16714  -29.824  -70.833  -23.394 0.4000000060
15058  -25.144  -73.186  -11.862 0.6000000238
18070  -18.714  -69.887  -10.791 0.5000000000
17307  -18.926  -70.166  -10.018 0.5000000000
120082  -18.551  -70.899  -15.002 0.6000000238
17341  -18.897  -70.700  -14.228 0.6000000238
17326  -18.899  -69.813  -13.003 0.6000000238
18081  -18.932  -69.629  -11.941 0.6000000238
18071  -19.072  -69.473  -10.192 0.5000000000
141917  -19.243  -69.823  -9.789 0.5000000000
18777  -20.858  -68.843  -8.365 0.5000000000
17360  -17.532  -70.270  -15.928 0.6999999881
17351  -18.949  -70.244  -15.104 0.6000000238
138299  -19.121  -70.181  -14.625 0.6000000238
18111  -19.275  -69.388  -13.509 0.6000000238
133325  -19.471  -68.191  -12.409 0.6000000238
18778  -21.431  -68.216  -8.001 0.5000000000
17349  -18.154  -69.633  -16.190 0.6999999881
18130  -18.823  -69.618  -15.545 0.6000000238
18861  -19.262  -68.713  -15.302 0.6000000238
18849  -19.334  -68.853  -14.578 0.6000000238
19557  -19.309  -67.735  -13.056 0.6000000238
142264  -17.726  -69.554  -16.563 0.6000000238
122852  -18.610  -69.298  -16.192 0.6000000238
19581  -19.374  -68.142  -15.872 0.6000000238
19567  -19.306  -67.964  -14.852 0.6000000238
18151  -17.569  -69.116  -17.497 0.6000000238
139905  -18.689  -68.392  -18.099 0.6000000238
120802  -19.342  -68.112  -16.826 0.6000000238
138073  -19.348  -67.414  -15.583 0.6000000238
18163  -17.240  -68.947  -18.745 0.5000000000
18171  -16.974  -69.133  -19.957 0.5000000000
18887  -18.516  -68.411  -19.350 0.5000000000
18879  -19.254  -67.975  -17.833 0.6000000238
127735  -19.424  -67.384  -16.495 0.6000000238
16715  -30.366  -70.275  -23.524 0.4000000060
19609  -15.159  -67.506  -18.938 0.5000000000
18898  -18.352  -68.380  -20.163 0.5000000000
19600  -19.506  -67.332  -18.681 0.6000000238
20312  -19.488  -66.410  -17.179 0.6000000238
134286  -16.125  -67.472  -19.499 0.5000000000
20337  -18.191  -67.266  -20.069 0.5000000000
19620  -18.266  -67.852  -20.330 0.4000000060
20333  -19.561  -66.809  -19.417 0.5000000000
20323  -19.681  -66.639  -18.520 0.6000000238
138398  -19.323  -68.821  -10.183 0.6000000238
18789  -19.672  -68.377  -9.584 0.5000000000
18790  -20.097  -69.042  -8.856 0.5000000000
18803  -19.304  -68.134  -10.602 0.6000000238
19513  -19.756  -67.679  -9.186 0.5000000000
129778  -21.158  -67.564  -7.871 0.5000000000
19547  -19.312  -67.541  -12.196 0.6999999881
20246  -19.195  -66.544  -11.013 0.6999999881
129448  -19.163  -67.428  -13.990 0.6000000238
20270  -19.047  -67.079  -12.613 0.6999999881
20279  -18.776  -66.734  -14.010 0.6000000238
20269  -18.726  -66.298  -12.622 0.6999999881
20286  -18.660  -66.170  -14.432 0.6000000238
20278  -18.564  -66.195  -13.573 0.6999999881
20298  -18.990  -66.077  -15.297 0.6000000238
21000  -18.410  -65.491  -14.034 0.6999999881
19588  -16.186  -67.140  -17.124 0.5000000000
124671  -17.894  -66.614  -19.407 0.5000000000
21050  -19.435  -66.465  -19.504 0.4000000060
21025  -19.692  -65.660  -18.372 0.6000000238
21007  -19.304  -65.793  -16.187 0.6000000238
20322  -17.544  -66.280  -18.228 0.5000000000
21039  -19.311  -65.839  -19.350 0.4000000060
128892  -20.031  -64.816  -19.050 0.5000000000
19502  -20.714  -67.896  -8.230 0.5000000000
19501  -20.118  -67.396  -8.596 0.5000000000
123762  -19.445  -67.343  -10.067 0.6000000238
20965  -19.194  -66.337  -9.823 0.5000000000
20937  -19.920  -65.709  -8.246 0.5000000000
20964  -18.671  -65.458  -11.217 0.6999999881
20987  -18.526  -65.458  -12.152 0.6000000238
21751  -18.504  -64.723  -14.660 0.6999999881
21738  -18.406  -64.708  -12.576 0.6000000238
130197  -19.533  -65.242  -17.281 0.6000000238
21755  -18.752  -64.477  -15.723 0.6000000238
21786  -18.562  -64.896  -18.698 0.5000000000
21801  -19.724  -65.188  -19.013 0.4000000060
21761  -19.413  -64.428  -16.688 0.6000000238
21771  -18.424  -63.942  -18.503 0.4000000060
21787  -19.577  -64.230  -19.371 0.4000000060
22581  -21.137  -63.555  -19.184 0.5000000000
21762  -20.095  -64.315  -17.934 0.5000000000
20952  -18.965  -65.375  -9.515 0.6000000238
136964  -19.408  -65.332  -8.741 0.5000000000
20951  -18.608  -64.996  -10.366 0.6000000238
21708  -19.120  -64.657  -8.810 0.5000000000
120482  -18.429  -64.700  -11.023 0.6000000238
21730  -18.369  -64.074  -11.318 0.6000000238
22512  -18.687  -63.439  -9.784 0.5000000000
123120  -18.284  -64.025  -12.131 0.6000000238
129893  -18.240  -63.898  -13.951 0.6999999881
22540  -18.335  -63.285  -12.524 0.5000000000
22563  -19.060  -63.640  -16.097 0.6000000238
23387  -21.093  -63.071  -18.868 0.4000000060
22564  -19.767  -62.851  -16.627 0.5000000000
26654  -13.702  -59.095  -11.954 0.4000000060
27463  -14.394  -57.743  -11.603 0.3000000119
26656  -15.032  -58.269  -12.375 0.4000000060
22513  -18.905  -63.837  -8.858 0.5000000000
25811  -14.395  -59.751  -13.146 0.3000000119
26665  -15.663  -58.831  -12.919 0.4000000060
22523  -18.534  -63.360  -10.819 0.5000000000
143579  -18.907  -63.145  -8.975 0.5000000000
24970  -15.344  -60.924  -14.388 0.3000000119
25813  -16.125  -59.308  -13.617 0.4000000060
23328  -18.510  -62.546  -11.221 0.5000000000
24978  -15.968  -61.259  -14.945 0.3000000119
23341  -18.447  -62.547  -12.927 0.6000000238
23355  -18.635  -62.295  -14.465 0.6999999881
23349  -18.473  -62.516  -13.709 0.6000000238
139468  -20.460  -62.233  -17.298 0.5000000000
23363  -18.894  -62.768  -15.448 0.5000000000
23364  -19.781  -62.064  -16.322 0.4000000060
127903  -19.038  -61.214  -13.856 0.4000000060
27452  -13.784  -57.658  -10.768 0.3000000119
27462  -13.741  -57.582  -11.085 0.3000000119
122614  -14.754  -56.956  -11.557 0.3000000119
27472  -15.293  -57.505  -11.998 0.3000000119
26657  -15.914  -57.970  -12.621 0.4000000060
143273  -18.839  -62.569  -9.444 0.5000000000
25821  -16.497  -59.821  -14.313 0.4000000060
26666  -16.533  -58.494  -13.258 0.4000000060
23317  -18.624  -62.566  -10.322 0.5000000000
24972  -17.036  -60.373  -14.888 0.4000000060
129334  -17.708  -59.147  -14.645 0.4000000060
23335  -18.485  -62.555  -12.086 0.5000000000
133131  -18.612  -61.754  -10.742 0.5000000000
24980  -17.506  -60.596  -15.803 0.4000000060
24133  -18.629  -61.841  -12.525 0.5000000000
24149  -18.548  -62.048  -13.974 0.5000000000
24134  -19.048  -61.195  -12.101 0.5000000000
24175  -20.875  -61.493  -18.107 0.3000000119
24161  -21.100  -60.681  -16.808 0.4000000060
24973  -19.798  -60.950  -14.807 0.4000000060
24951  -19.424  -60.541  -12.657 0.4000000060
27446  -15.020  -57.544  -9.340 0.3000000119
28219  -14.108  -56.987  -10.792 0.3000000119
27464  -15.556  -56.799  -11.616 0.4000000060
121354  -17.115  -56.932  -11.903 0.4000000060
127527  -21.265  -61.766  -7.261 0.4000000060
27483  -17.034  -57.672  -12.697 0.4000000060
24093  -20.331  -61.913  -7.576 0.4000000060
26667  -17.419  -58.245  -13.532 0.4000000060
27484  -17.822  -57.428  -13.413 0.4000000060
24092  -19.720  -61.470  -8.355 0.4000000060
27495  -18.040  -57.890  -14.174 0.4000000060
24121  -19.062  -61.065  -10.237 0.5000000000
25823  -18.315  -59.169  -15.359 0.4000000060
25837  -19.544  -59.709  -16.767 0.3000000119
24940  -19.373  -60.440  -10.818 0.5000000000
24983  -21.263  -60.214  -16.298 0.3000000119
140426  -13.826  -56.121  -10.046 0.3000000119
28949  -14.358  -55.587  -10.717 0.3000000119
28950  -15.013  -55.452  -11.084 0.3000000119
28951  -16.534  -55.395  -11.397 0.4000000060
28222  -16.953  -56.182  -11.569 0.4000000060
29770  -18.154  -54.638  -11.936 0.3000000119
28231  -17.703  -56.182  -12.073 0.4000000060
24079  -22.759  -60.987  -6.988 0.4000000060
24916  -23.566  -60.752  -6.972 0.4000000060
125017  -18.184  -56.706  -13.420 0.4000000060
135723  -20.798  -61.071  -7.373 0.4000000060
124196  -19.410  -61.186  -8.989 0.4000000060
27496  -18.797  -57.614  -14.988 0.3000000119
24933  -19.395  -60.734  -9.484 0.4000000060
25830  -19.060  -59.161  -16.068 0.3000000119
26682  -18.900  -58.416  -15.573 0.3000000119
26691  -21.252  -58.795  -16.258 0.3000000119
24961  -19.539  -60.656  -13.613 0.4000000060
29726  -14.478  -54.520  -9.316 0.3000000119
29768  -15.646  -54.866  -11.186 0.4000000060
30649  -16.034  -53.853  -11.084 0.4000000060
129845  -17.405  -54.153  -11.480 0.4000000060
25765  -24.822  -59.756  -7.247 0.4000000060
127737  -23.413  -59.976  -6.579 0.4000000060
28974  -18.730  -55.288  -13.523 0.4000000060
24899  -21.662  -60.166  -6.722 0.4000000060
27485  -18.449  -56.921  -14.250 0.4000000060
24913  -20.211  -60.907  -7.890 0.4000000060
24915  -21.085  -60.474  -7.107 0.4000000060
126190  -19.061  -56.740  -14.932 0.3000000119
24926  -20.162  -60.057  -8.057 0.4000000060
27505  -20.217  -57.612  -15.806 0.3000000119
134454  -19.472  -60.405  -10.083 0.5000000000
25831  -19.860  -59.151  -16.575 0.3000000119
27507  -21.446  -58.060  -15.371 0.3000000119
25790  -19.769  -59.811  -10.443 0.5000000000
25814  -20.792  -59.409  -13.802 0.3000000119
25804  -19.897  -59.887  -12.269 0.4000000060
24982  -20.685  -60.671  -15.867 0.4000000060
30624  -14.470  -53.735  -10.085 0.3000000119
139574  -18.266  -53.773  -12.166 0.3000000119
29782  -18.691  -54.314  -13.084 0.3000000119
25756  -24.476  -59.233  -6.710 0.4000000060
28241  -18.551  -56.063  -13.985 0.3000000119
24900  -22.666  -60.244  -6.603 0.4000000060
26606  -24.734  -58.493  -6.568 0.3000000119
140418  -19.468  -55.790  -14.759 0.3000000119
24898  -21.006  -59.827  -6.954 0.4000000060
129607  -22.136  -59.489  -6.384 0.4000000060
28253  -20.518  -56.401  -14.756 0.3000000119
28254  -21.257  -57.021  -14.315 0.3000000119
25783  -20.134  -59.207  -9.140 0.4000000060
26685  -21.541  -58.669  -15.704 0.3000000119
26668  -21.347  -58.715  -13.478 0.3000000119
26658  -21.069  -58.611  -12.529 0.3000000119
25798  -20.370  -59.226  -10.969 0.3000000119
29791  -19.256  -54.392  -14.323 0.3000000119
30670  -19.799  -53.051  -14.407 0.3000000119
29802  -19.893  -53.765  -14.664 0.3000000119
26605  -24.022  -58.619  -6.241 0.3000000119
26603  -22.438  -58.765  -6.103 0.4000000060
26595  -23.592  -57.990  -5.742 0.4000000060
28976  -21.054  -55.722  -13.448 0.3000000119
25764  -20.620  -59.555  -7.544 0.4000000060
26602  -21.703  -58.810  -6.424 0.4000000060
27499  -21.709  -57.851  -14.625 0.3000000119
26669  -21.822  -58.273  -14.213 0.3000000119
25791  -20.229  -59.211  -10.048 0.3000000119
26647  -20.911  -58.586  -11.566 0.3000000119
136038  -20.668  -54.527  -12.820 0.3000000119
28242  -21.457  -56.631  -13.555 0.3000000119
119249  -21.389  -58.162  -6.808 0.3000000119
27411  -22.373  -57.465  -5.664 0.3000000119
132521  -21.722  -57.186  -12.740 0.3000000119
26621  -20.443  -58.569  -8.763 0.3000000119
26648  -21.401  -57.903  -12.174 0.3000000119
26630  -20.490  -58.535  -9.645 0.3000000119
29771  -20.639  -54.316  -11.271 0.3000000119
30640  -20.557  -53.817  -10.528 0.3000000119
119473  -21.680  -55.963  -11.996 0.3000000119
27427  -20.936  -58.240  -7.454 0.3000000119
29772  -21.090  -55.084  -11.010 0.3000000119
123578  -20.642  -53.831  -9.726 0.3000000119
24962  -20.365  -60.129  -14.272 0.4000000060
24984  -21.360  -59.807  -16.335 0.3000000119
25815  -21.518  -58.884  -14.316 0.3000000119
10187  -26.152  -79.707  -25.506 0.6000000238
8793  -26.312  -81.447  -25.983 0.5000000000
8797  -25.972  -82.207  -26.440 0.5000000000
8176  -25.410  -82.871  -26.804 0.5000000000
8787  -29.007  -81.278  -23.907 0.5000000000
10177  -25.500  -78.954  -24.462 0.6999999881
130506  -25.706  -77.491  -25.408 0.6999999881
8795  -28.145  -82.198  -24.723 0.4000000060
138486  -24.451  -80.606  -23.151 0.6999999881
10179  -28.159  -79.373  -24.548 0.5000000000
10154  -33.982  -79.529  -22.012 0.3000000119
10974  -28.662  -78.131  -24.553 0.5000000000
12586  -28.490  -76.522  -24.487 0.3000000119
11754  -23.761  -76.547  -25.405 0.6000000238
13451  -23.641  -75.763  -25.439 0.5000000000
11752  -20.130  -78.017  -25.541 0.6000000238
10958  -23.630  -78.234  -22.939 0.6999999881
9364  -32.803  -80.198  -18.874 0.3000000119
10957  -22.908  -77.915  -23.015 0.6000000238
10950  -24.023  -78.785  -22.690 0.6999999881
10178  -27.384  -79.445  -25.084 0.6000000238
9450  -27.204  -80.367  -25.366 0.5000000000
9421  -23.932  -79.961  -21.884 0.6000000238
10143  -22.312  -79.941  -21.000 0.5000000000
8766  -23.876  -81.390  -21.933 0.5000000000
8754  -19.666  -81.325  -22.473 0.6000000238
8144  -23.749  -82.147  -21.930 0.5000000000
138353  -30.688  -76.777  -22.896 0.3000000119
11757  -26.290  -76.911  -25.466 0.5000000000
10165  -33.691  -79.113  -22.709 0.3000000119
8136  -23.515  -82.445  -21.021 0.5000000000
14343  -23.966  -74.616  -22.902 0.4000000060
10118  -34.471  -80.139  -18.267 0.3000000119
14316  -21.619  -74.006  -20.658 0.6000000238
11692  -19.948  -77.136  -20.387 0.6999999881
12518  -21.220  -75.886  -19.480 0.6000000238
137977  -22.099  -76.000  -17.944 0.6000000238
15186  -22.494  -73.040  -20.480 0.6000000238
16687  -24.578  -70.559  -22.085 0.5000000000
15203  -24.822  -73.341  -22.213 0.4000000060
16672  -24.733  -71.874  -20.052 0.5000000000
15158  -23.909  -73.576  -18.514 0.6000000238
10913  -19.508  -78.493  -18.384 0.6000000238
11658  -20.636  -77.765  -17.390 0.6999999881
12433  -16.148  -76.640  -13.005 0.6000000238
18192  -24.965  -69.569  -23.676 0.4000000060
17393  -27.696  -70.571  -20.786 0.4000000060
17374  -30.540  -69.937  -17.595 0.4000000060
15914  -27.322  -72.490  -15.535 0.4000000060
10108  -18.102  -79.288  -18.617 0.6000000238
13314  -16.886  -75.199  -12.225 0.6000000238
12422  -18.110  -76.680  -12.113 0.6000000238
128222  -27.449  -70.602  -23.543 0.5000000000
10015  -18.447  -78.604  -13.487 0.5000000000
14193  -21.372  -73.667  -10.924 0.6000000238
10014  -17.807  -79.092  -13.706 0.4000000060
11636  -21.366  -77.305  -15.750 0.5000000000
17394  -29.076  -70.381  -20.349 0.5000000000
13339  -22.089  -75.689  -13.999 0.6000000238
11635  -20.818  -77.698  -15.332 0.5000000000
123983  -15.264  -70.453  -16.603 0.6000000238
19618  -16.541  -68.287  -20.125 0.5000000000
127195  -19.406  -68.820  -12.142 0.5000000000
18131  -19.166  -69.524  -15.099 0.6000000238
137789  -19.391  -68.963  -13.886 0.6000000238
132361  -19.337  -68.064  -11.572 0.6000000238
18152  -18.266  -68.977  -17.101 0.6000000238
19599  -16.088  -67.174  -18.400 0.5000000000
20229  -19.566  -66.914  -9.121 0.5000000000
21744  -18.385  -64.691  -13.510 0.6000000238
21038  -18.497  -65.791  -18.974 0.5000000000
22556  -18.445  -63.077  -14.291 0.6000000238
125681  -13.955  -59.376  -12.600 0.3000000119
21707  -18.747  -64.426  -9.611 0.5000000000
24182  -20.789  -62.260  -18.290 0.3000000119
23295  -20.116  -62.928  -7.678 0.4000000060
23306  -19.620  -62.352  -8.192 0.4000000060
24160  -20.311  -61.303  -16.055 0.4000000060
24993  -21.230  -60.332  -16.957 0.3000000119
24946  -19.447  -60.528  -11.721 0.5000000000
24078  -22.178  -60.790  -6.930 0.4000000060
141395  -13.852  -54.996  -10.109 0.3000000119
27497  -19.644  -57.064  -15.418 0.3000000119
25772  -19.863  -59.772  -8.673 0.4000000060
127904  -20.456  -59.266  -11.898 0.3000000119
28996  -20.083  -55.987  -14.908 0.3000000119
31445  -14.809  -52.884  -10.001 0.3000000119
28975  -20.477  -54.985  -14.143 0.3000000119
26612  -20.639  -58.742  -7.866 0.4000000060
28964  -21.179  -55.425  -12.557 0.3000000119
5773  -21.729  -86.617  -17.963 0.5000000000
133709  -22.399  -85.813  -19.162 0.5000000000
6405  -22.579  -85.067  -19.439 0.5000000000
7019  -22.731  -84.636  -20.234 0.4000000060
5763  -21.444  -86.554  -17.086 0.5000000000
5764  -21.855  -86.029  -17.505 0.5000000000
5774  -22.157  -85.948  -18.238 0.5000000000
6392  -22.533  -85.030  -18.464 0.5000000000
7010  -22.746  -84.283  -19.251 0.5000000000
134669  -23.255  -83.145  -20.472 0.4000000060
6356  -21.323  -85.589  -16.096 0.4000000060
6368  -21.733  -85.644  -16.757 0.5000000000
132698  -22.667  -83.975  -18.325 0.5000000000
7552  -23.090  -82.960  -19.766 0.4000000060
127238  -21.515  -84.902  -16.091 0.5000000000
132638  -22.181  -83.893  -16.962 0.5000000000
6987  -22.424  -84.507  -17.567 0.5000000000
7518  -21.893  -83.212  -16.649 0.5000000000
132990  -22.469  -83.691  -17.618 0.5000000000
8094  -22.162  -82.235  -17.675 0.5000000000
140509  -22.303  -81.808  -18.311 0.5000000000
132366  -22.656  -81.723  -18.958 0.4000000060
7507  -20.921  -83.450  -15.663 0.5000000000
8093  -21.346  -81.977  -17.360 0.5000000000
8714  -21.786  -81.647  -18.016 0.5000000000
8724  -21.780  -80.946  -19.240 0.5000000000
125297  -18.682  -83.764  -17.838 0.5000000000
7516  -20.321  -82.786  -16.031 0.5000000000
8080  -19.930  -82.605  -16.735 0.5000000000
8092  -20.502  -82.107  -17.409 0.5000000000
8091  -19.744  -82.486  -17.776 0.5000000000
8704  -20.959  -81.632  -17.976 0.5000000000
8112  -19.872  -82.076  -19.059 0.5000000000
133925  -20.872  -81.148  -19.392 0.5000000000
8735  -21.308  -80.673  -19.945 0.5000000000
7540  -19.032  -83.108  -18.406 0.5000000000
7550  -18.659  -82.974  -19.082 0.5000000000
8124  -17.838  -82.179  -19.749 0.5000000000
8102  -19.486  -82.585  -18.827 0.5000000000
8125  -18.585  -82.419  -20.369 0.5000000000
8732  -18.112  -81.800  -20.734 0.5000000000
8111  -19.372  -82.466  -19.783 0.5000000000
8126  -19.134  -82.485  -20.733 0.5000000000
8134  -18.764  -82.319  -21.096 0.5000000000
8733  -19.514  -82.150  -21.214 0.5000000000
8135  -19.086  -82.244  -21.521 0.5000000000
8734  -20.298  -81.380  -20.431 0.5000000000
127662  -20.527  -80.637  -21.836 0.5000000000
10107  -17.389  -79.662  -18.562 0.5000000000
10127  -17.822  -79.293  -19.386 0.6000000238
129523  -17.268  -80.517  -20.096 0.5000000000
8751  -17.908  -81.092  -21.284 0.5000000000
10126  -17.499  -79.713  -20.141 0.5000000000
9405  -17.731  -80.229  -21.645 0.5000000000
8753  -19.307  -81.855  -21.943 0.5000000000
8764  -18.812  -81.382  -22.459 0.5000000000
129054  -19.983  -81.481  -21.542 0.5000000000
9351  -17.010  -80.068  -17.789 0.5000000000
136695  -17.405  -79.686  -17.949 0.5000000000
12469  -14.301  -76.539  -16.581 0.5000000000
13352  -15.072  -75.767  -15.571 0.6000000238
13379  -14.637  -75.919  -17.254 0.5000000000
13365  -14.803  -75.842  -16.377 0.5000000000
123240  -15.493  -75.587  -14.949 0.6000000238
13353  -16.052  -74.943  -15.362 0.6000000238
13366  -15.566  -75.306  -16.360 0.5000000000
14256  -16.680  -74.447  -15.878 0.6000000238
14271  -16.726  -74.316  -16.750 0.5000000000
137292  -16.520  -74.428  -14.985 0.6000000238
14245  -17.208  -73.833  -15.363 0.6000000238
14272  -16.994  -73.947  -16.742 0.5000000000
14257  -17.231  -73.970  -16.152 0.6000000238
15105  -17.577  -73.247  -14.910 0.6000000238
15130  -16.668  -73.623  -17.104 0.5000000000
15118  -17.604  -73.202  -15.718 0.5000000000
15920  -16.277  -72.377  -16.459 0.5000000000
16644  -15.737  -71.431  -16.300 0.6000000238
17370  -13.724  -70.430  -17.255 0.6000000238
16642  -13.943  -71.380  -16.705 0.5000000000
16646  -17.545  -71.953  -15.765 0.6000000238
15922  -17.538  -72.807  -16.100 0.5000000000
16643  -14.786  -71.424  -16.532 0.5000000000
18161  -15.104  -69.227  -19.101 0.6000000238
18149  -15.116  -69.592  -17.383 0.6000000238
18162  -16.255  -69.190  -19.094 0.6000000238
10951  -33.847  -78.144  -23.095 0.3000000119
11710  -33.346  -77.347  -22.401 0.3000000119
11721  -32.067  -77.173  -23.058 0.3000000119
12541  -32.970  -77.277  -20.475 0.3000000119
11720  -31.442  -77.015  -22.652 0.3000000119
11734  -32.633  -77.607  -23.293 0.3000000119
10962  -33.055  -78.316  -23.331 0.3000000119
8113  -23.042  -82.310  -19.288 0.4000000060
8752  -18.607  -81.731  -21.640 0.5000000000
10141  -17.689  -79.370  -21.003 0.5000000000
12442  -14.596  -77.040  -14.728 0.5000000000
131198  -22.874  -83.227  -19.008 0.4000000060
8104  -22.640  -82.325  -18.495 0.5000000000
8081  -20.824  -82.369  -16.708 0.5000000000
7527  -19.246  -83.062  -17.413 0.5000000000
7539  -18.358  -83.664  -18.295 0.5000000000
133732  -18.440  -82.636  -19.653 0.5000000000
8110  -18.950  -82.682  -19.871 0.5000000000
9388  -17.562  -80.313  -20.803 0.5000000000
11723  -33.783  -77.622  -22.867 0.3000000119
120921  -31.542  -77.335  -21.621 0.3000000119
11697  -32.479  -77.352  -21.310 0.3000000119
11722  -33.009  -77.382  -22.973 0.3000000119
11709  -32.371  -77.218  -22.489 0.3000000119
26594  -22.722  -58.085  -5.716 0.3000000119
5746  -20.919  -86.029  -15.823 0.4000000060
5757  -21.315  -86.114  -16.416 0.4000000060
6378  -22.219  -85.359  -17.515 0.5000000000
6961  -21.127  -84.267  -15.475 0.5000000000
6973  -21.674  -83.927  -16.173 0.5000000000
6974  -22.053  -84.761  -16.793 0.5000000000
7072  -25.689  -84.600  -26.814 0.5000000000
7517  -21.254  -82.963  -16.291 0.5000000000
7528  -22.254  -83.019  -17.224 0.5000000000
7541  -22.569  -83.043  -18.034 0.5000000000
7551  -19.081  -82.816  -19.270 0.5000000000
7560  -22.924  -83.710  -19.941 0.4000000060
7606  -25.753  -84.154  -27.117 0.6000000238
8082  -21.684  -82.579  -16.936 0.5000000000
8103  -20.203  -81.989  -18.238 0.5000000000
8163  -24.179  -82.333  -24.793 0.5000000000
8712  -20.557  -81.537  -18.763 0.5000000000
8713  -21.369  -81.339  -18.648 0.5000000000
8721  -17.420  -81.347  -19.992 0.5000000000
8722  -19.585  -82.175  -20.487 0.5000000000
8723  -20.062  -81.682  -19.614 0.5000000000
8725  -22.527  -81.145  -19.363 0.4000000060
8726  -23.091  -81.508  -19.684 0.5000000000
8736  -23.366  -81.556  -20.429 0.5000000000
8778  -23.956  -81.797  -22.726 0.6000000238
9363  -32.044  -79.881  -18.860 0.3000000119
9389  -20.923  -80.716  -20.887 0.5000000000
9391  -22.622  -80.423  -20.446 0.5000000000
9406  -18.167  -81.011  -22.105 0.6000000238
9410  -32.078  -80.803  -20.932 0.3000000119
9412  -33.325  -80.326  -21.544 0.3000000119
9417  -18.507  -80.371  -23.299 0.6000000238
9418  -19.366  -80.993  -23.359 0.6999999881
9424  -33.402  -79.856  -22.292 0.3000000119
9428  -19.699  -80.343  -23.837 0.6999999881
9438  -19.361  -80.055  -24.621 0.6000000238
9439  -25.154  -79.943  -24.337 0.6999999881
10034  -17.590  -79.502  -14.262 0.4000000060
10071  -17.491  -80.085  -16.232 0.6000000238
10073  -19.075  -79.196  -16.574 0.6000000238
10085  -17.601  -79.754  -17.274 0.6000000238
10159  -18.394  -79.619  -23.586 0.6999999881
10162  -23.936  -79.355  -22.367 0.6999999881
10163  -24.419  -79.173  -22.895 0.6999999881
10185  -18.910  -79.460  -25.220 0.6999999881
10822  -17.036  -77.909  -12.855 0.5000000000
10823  -17.909  -78.051  -12.741 0.5000000000
10834  -17.475  -78.538  -13.299 0.5000000000
10849  -16.136  -78.919  -13.794 0.5000000000
10850  -19.177  -78.736  -14.160 0.6000000238
10868  -19.012  -79.156  -14.899 0.5000000000
10869  -19.470  -78.886  -15.741 0.5000000000
10942  -22.895  -78.979  -21.870 0.6000000238
10948  -22.936  -78.430  -22.448 0.6000000238
10955  -18.619  -79.412  -24.491 0.6000000238
10967  -18.802  -79.027  -25.207 0.6999999881
10968  -20.500  -78.863  -24.939 0.6000000238
10977  -19.032  -78.835  -25.398 0.6999999881
10978  -19.505  -78.643  -25.419 0.6999999881
10979  -19.986  -78.853  -25.355 0.6000000238
11601  -18.421  -77.426  -12.484 0.5000000000
11611  -18.811  -77.964  -12.969 0.6000000238
11624  -20.678  -77.591  -14.469 0.6000000238
11649  -21.406  -77.314  -16.530 0.6000000238
11659  -21.298  -77.291  -17.362 0.6000000238
11678  -19.705  -77.734  -19.957 0.6999999881
11691  -19.416  -77.600  -20.770 0.6999999881
11728  -18.614  -77.817  -23.947 0.6999999881
11730  -24.154  -77.944  -23.608 0.6999999881
11735  -33.361  -77.714  -23.167 0.3000000119
11740  -18.794  -77.994  -24.856 0.6000000238
11741  -18.960  -77.327  -25.184 0.6999999881
11747  -28.651  -76.906  -24.809 0.5000000000
11748  -29.334  -76.741  -24.219 0.4000000060
11751  -19.395  -77.838  -25.434 0.6000000238
11759  -27.934  -76.873  -25.174 0.4000000060
12413  -18.904  -76.259  -11.770 0.6000000238
12420  -16.909  -76.645  -12.474 0.6000000238
12421  -17.369  -76.037  -12.126 0.6000000238
12423  -19.555  -76.747  -12.271 0.6000000238
12424  -20.024  -77.207  -12.832 0.6000000238
12435  -21.121  -76.353  -13.181 0.6000000238
12443  -15.234  -76.854  -14.106 0.6000000238
12445  -21.771  -76.364  -14.479 0.6000000238
12455  -14.944  -76.274  -14.765 0.6000000238
12456  -21.820  -76.700  -16.067 0.5000000000
12485  -22.303  -76.230  -17.298 0.5000000000
12517  -20.691  -76.304  -19.741 0.6000000238
12549  -19.802  -76.762  -21.188 0.6000000238
12553  -33.554  -77.341  -21.425 0.3000000119
12583  -25.838  -75.790  -24.850 0.4000000060
12595  -27.534  -76.318  -25.048 0.4000000060
13303  -17.609  -75.168  -11.665 0.6000000238
13307  -20.849  -74.978  -11.658 0.6000000238
13315  -19.829  -76.053  -11.863 0.6000000238
13318  -22.192  -74.977  -12.888 0.6000000238
13338  -15.883  -75.201  -14.406 0.6999999881
13354  -23.149  -75.333  -15.606 0.6000000238
13367  -16.118  -74.817  -16.190 0.6000000238
13380  -15.397  -75.313  -17.155 0.5000000000
13382  -22.612  -75.615  -17.687 0.6000000238
13429  -19.858  -75.310  -23.063 0.5000000000
13437  -23.702  -74.963  -23.826 0.4000000060
13441  -19.389  -75.576  -24.424 0.5000000000
13444  -24.399  -75.468  -24.601 0.4000000060
13447  -19.570  -75.887  -24.983 0.5000000000
13449  -20.677  -76.077  -25.456 0.5000000000
14191  -19.657  -73.937  -10.630 0.6000000238
14208  -22.688  -74.116  -11.933 0.6000000238
14209  -23.476  -74.153  -12.348 0.6000000238
14216  -17.053  -74.587  -11.923 0.6000000238
14259  -24.442  -74.259  -15.510 0.5000000000
14274  -24.316  -74.112  -16.495 0.5000000000
14288  -24.227  -74.050  -17.250 0.5000000000
14298  -22.653  -74.798  -18.914 0.6000000238
14299  -22.961  -74.959  -18.142 0.6000000238
14334  -19.444  -74.243  -23.774 0.5000000000
14336  -23.682  -73.736  -22.881 0.4000000060
14344  -19.648  -74.265  -24.367 0.5000000000
14349  -19.957  -75.219  -25.018 0.5000000000
15044  -18.800  -73.232  -10.510 0.6000000238
15046  -20.474  -73.451  -10.438 0.6000000238
15054  -17.429  -73.366  -11.521 0.6000000238
15069  -16.859  -73.741  -12.697 0.6999999881
15071  -24.169  -74.209  -12.831 0.6000000238
15091  -24.644  -74.143  -13.321 0.6000000238
15092  -25.259  -73.796  -13.486 0.5000000000
15120  -25.933  -73.254  -15.340 0.5000000000
15131  -17.227  -73.485  -16.427 0.5000000000
15145  -25.238  -73.006  -17.504 0.6000000238
15159  -24.553  -72.996  -18.525 0.6000000238
15174  -24.034  -72.997  -19.078 0.6000000238
15204  -19.475  -73.728  -24.057 0.5000000000
15205  -19.930  -73.067  -23.829 0.5000000000
15207  -22.997  -72.945  -23.625 0.4000000060
15839  -21.888  -72.189  -9.600 0.5000000000
15843  -17.775  -71.996  -10.961 0.6000000238
15847  -21.138  -73.013  -10.313 0.5000000000
15849  -23.271  -72.415  -10.385 0.6000000238
15877  -17.398  -72.377  -12.399 0.6999999881
15890  -18.293  -71.968  -13.861 0.6999999881
15903  -18.415  -71.976  -14.642 0.6999999881
15912  -17.886  -72.328  -15.438 0.5000000000
15913  -26.578  -72.821  -15.708 0.4000000060
15935  -25.615  -72.632  -17.929 0.6000000238
15952  -23.779  -72.656  -19.753 0.6000000238
15956  -22.155  -72.539  -21.078 0.6000000238
15963  -21.633  -72.458  -21.623 0.6000000238
15970  -20.549  -72.022  -23.024 0.5000000000
15977  -20.503  -72.287  -23.511 0.5000000000
15978  -21.025  -71.761  -23.765 0.5000000000
15980  -23.305  -71.897  -23.658 0.4000000060
15984  -20.952  -72.263  -24.177 0.5000000000
16562  -21.522  -71.016  -8.725 0.5000000000
16572  -20.326  -71.717  -9.305 0.6999999881
16579  -18.900  -71.907  -10.140 0.6000000238
16607  -18.074  -71.040  -12.049 0.6000000238
16618  -18.524  -71.300  -13.726 0.6000000238
16636  -28.039  -71.968  -15.312 0.5000000000
16645  -16.710  -71.588  -15.990 0.6999999881
16656  -27.094  -71.852  -17.939 0.6000000238
16657  -28.070  -71.614  -16.835 0.4000000060
16681  -25.236  -71.532  -20.208 0.5000000000
16685  -21.593  -71.505  -22.474 0.5000000000
16688  -25.407  -70.858  -21.259 0.5000000000
16696  -21.645  -70.807  -23.384 0.5000000000
16708  -23.034  -70.404  -23.999 0.5000000000
16713  -29.125  -70.799  -23.536 0.5000000000
17297  -19.167  -70.882  -9.773 0.4000000060
17342  -19.136  -70.045  -13.898 0.6000000238
17350  -18.426  -70.152  -15.548 0.6000000238
17352  -29.119  -70.558  -15.300 0.5000000000
17358  -14.442  -70.800  -16.698 0.6000000238
17361  -28.932  -70.905  -15.966 0.5000000000
17371  -14.549  -70.152  -17.058 0.6000000238
17383  -30.198  -70.141  -18.557 0.4000000060
17399  -25.243  -70.180  -22.333 0.5000000000
17406  -21.995  -70.253  -23.921 0.5000000000
17407  -24.128  -69.822  -23.645 0.4000000060
17410  -26.958  -69.600  -23.203 0.5000000000
17416  -23.534  -70.001  -23.945 0.5000000000
17422  -29.503  -70.331  -23.569 0.4000000060
18050  -21.375  -69.664  -8.392 0.5000000000
18060  -19.614  -69.422  -9.495 0.5000000000
18082  -18.922  -68.908  -11.030 0.6000000238
18123  -19.275  -69.524  -14.298 0.6000000238
18133  -30.796  -68.790  -16.185 0.4000000060
18139  -30.034  -69.983  -16.191 0.4000000060
18148  -14.234  -69.525  -17.933 0.6000000238
18150  -16.630  -69.180  -17.663 0.6000000238
18170  -15.899  -69.157  -20.119 0.5000000000
18193  -25.696  -69.661  -23.539 0.5000000000
18194  -26.581  -69.754  -23.505 0.4000000060
18776  -20.189  -68.226  -8.747 0.5000000000
18826  -19.464  -68.679  -13.087 0.6000000238
18838  -19.437  -68.266  -13.891 0.6000000238
18869  -18.889  -68.585  -16.990 0.6000000238
18870  -19.074  -68.873  -15.972 0.6000000238
18878  -18.052  -68.709  -18.476 0.6000000238
18886  -17.858  -68.937  -19.781 0.5000000000
18888  -19.074  -67.906  -18.906 0.5000000000
18895  -15.672  -69.029  -20.194 0.5000000000
18896  -16.656  -68.938  -20.229 0.5000000000
18897  -17.612  -68.843  -20.167 0.5000000000
18899  -18.962  -67.991  -19.811 0.5000000000
18906  -17.971  -68.428  -20.367 0.5000000000
19536  -19.198  -67.476  -10.949 0.6000000238
19589  -19.486  -67.351  -17.609 0.6000000238
19608  -14.400  -67.617  -18.754 0.5000000000
19610  -19.312  -67.397  -19.631 0.5000000000
19616  -14.736  -68.024  -19.407 0.5000000000
19619  -17.546  -67.820  -20.313 0.5000000000
19621  -18.943  -67.581  -20.107 0.5000000000
20257  -18.829  -66.109  -11.801 0.6999999881
20258  -19.203  -67.293  -11.547 0.6999999881
20287  -19.105  -66.915  -14.856 0.6000000238
20299  -19.359  -66.659  -15.903 0.6000000238
20321  -16.803  -66.705  -17.689 0.5000000000
20331  -17.195  -67.372  -19.829 0.5000000000
20332  -18.833  -66.515  -19.692 0.4000000060
20338  -19.025  -67.148  -20.164 0.4000000060
20339  -19.320  -67.051  -19.923 0.5000000000
20936  -19.485  -66.031  -8.990 0.5000000000
20974  -18.374  -64.738  -11.726 0.6000000238
20994  -18.529  -65.456  -13.053 0.6999999881
21006  -18.804  -65.277  -15.510 0.6000000238
21014  -17.674  -65.526  -17.760 0.5000000000
21015  -19.081  -65.035  -16.262 0.6000000238
21040  -19.690  -65.960  -19.122 0.4000000060
21695  -19.682  -64.893  -8.212 0.5000000000
21696  -20.195  -65.161  -7.882 0.5000000000
21722  -18.552  -64.177  -10.498 0.5000000000
21772  -20.802  -64.042  -19.190 0.4000000060
21773  -21.062  -63.868  -19.345 0.5000000000
21788  -20.452  -64.209  -19.287 0.4000000060
22533  -18.430  -63.317  -11.691 0.6000000238
22548  -18.312  -63.227  -13.364 0.6000000238
22572  -19.922  -63.619  -17.210 0.5000000000
22580  -20.723  -63.511  -18.465 0.5000000000
22590  -20.137  -63.588  -19.349 0.4000000060
22591  -21.092  -63.746  -19.285 0.4000000060
23318  -19.185  -62.634  -8.766 0.5000000000
23356  -19.280  -61.849  -15.220 0.5000000000
23372  -20.705  -62.824  -17.833 0.5000000000
23373  -20.802  -62.113  -18.119 0.3000000119
23379  -20.960  -62.883  -18.651 0.5000000000
23386  -20.570  -63.095  -19.011 0.4000000060
24094  -22.171  -61.555  -7.157 0.4000000060
24114  -18.846  -61.837  -9.871 0.5000000000
24115  -19.220  -61.901  -8.999 0.4000000060
24127  -18.587  -61.793  -11.613 0.5000000000
24128  -18.878  -61.104  -11.167 0.5000000000
24141  -18.629  -61.834  -13.467 0.5000000000
24142  -18.979  -61.184  -13.024 0.4000000060
24150  -18.822  -61.669  -14.288 0.5000000000
24169  -20.745  -61.414  -17.302 0.4000000060
24176  -21.007  -61.300  -18.012 0.3000000119
24901  -24.118  -59.982  -6.865 0.4000000060
24914  -20.623  -60.324  -7.447 0.4000000060
24925  -19.685  -60.549  -8.664 0.4000000060
24952  -20.018  -59.978  -13.220 0.4000000060
24971  -16.199  -60.627  -14.651 0.3000000119
24974  -20.813  -60.209  -15.329 0.4000000060
24979  -16.667  -61.132  -15.499 0.3000000119
24981  -18.414  -59.920  -16.138 0.3000000119
24999  -21.024  -60.441  -17.412 0.3000000119
25752  -21.033  -58.979  -6.980 0.4000000060
25753  -21.473  -59.443  -6.636 0.4000000060
25754  -22.923  -59.452  -6.248 0.4000000060
25755  -23.706  -59.346  -6.424 0.3000000119
25757  -25.100  -59.050  -7.021 0.4000000060
25773  -20.324  -59.309  -8.322 0.4000000060
25782  -19.676  -59.912  -9.468 0.5000000000
25797  -19.795  -59.811  -11.339 0.4000000060
25803  -14.800  -59.089  -12.714 0.4000000060
25812  -15.298  -59.572  -13.317 0.3000000119
25822  -17.665  -59.810  -15.208 0.4000000060
25824  -21.270  -59.512  -14.904 0.3000000119
25825  -21.657  -58.783  -15.013 0.3000000119
25832  -21.376  -59.814  -15.775 0.3000000119
25833  -21.538  -59.303  -15.728 0.3000000119
25838  -20.576  -59.729  -16.966 0.3000000119
25839  -21.146  -59.696  -16.697 0.3000000119
25840  -21.437  -59.245  -16.195 0.3000000119
26604  -23.222  -58.736  -5.983 0.4000000060
26645  -13.511  -58.285  -11.044 0.3000000119
26646  -13.744  -58.354  -11.472 0.3000000119
26655  -14.232  -58.660  -12.121 0.4000000060
26675  -16.992  -59.016  -14.042 0.4000000060
26676  -17.701  -58.579  -14.194 0.4000000060
26677  -18.246  -58.489  -14.768 0.3000000119
26678  -21.686  -58.330  -15.004 0.3000000119
26683  -19.666  -58.498  -16.218 0.3000000119
26684  -21.231  -58.309  -15.857 0.3000000119
26690  -20.567  -58.853  -16.476 0.3000000119
27410  -21.921  -57.996  -5.999 0.3000000119
27418  -21.424  -57.378  -6.559 0.3000000119
27444  -14.115  -56.788  -10.399 0.3000000119
27445  -14.324  -57.498  -10.125 0.3000000119
27473  -16.293  -57.329  -12.011 0.4000000060
27474  -17.714  -56.882  -12.680 0.4000000060
27486  -21.878  -57.674  -13.735 0.3000000119
27498  -21.008  -57.351  -15.042 0.3000000119
27504  -19.571  -57.798  -15.813 0.3000000119
27506  -20.800  -57.756  -15.617 0.3000000119
27512  -20.725  -58.220  -16.087 0.3000000119
28200  -13.793  -55.547  -10.068 0.3000000119
28210  -13.994  -56.135  -10.507 0.3000000119
28220  -14.848  -56.209  -11.274 0.3000000119
28221  -16.451  -56.702  -11.620 0.4000000060
28232  -18.302  -56.143  -12.858 0.4000000060
28233  -21.571  -56.237  -12.720 0.3000000119
28251  -18.985  -56.125  -14.658 0.3000000119
28252  -19.707  -56.204  -15.079 0.3000000119
28259  -20.275  -56.862  -15.335 0.3000000119
28925  -14.742  -55.334  -9.014 0.3000000119
28931  -13.921  -55.084  -9.773 0.3000000119
28940  -13.931  -55.339  -10.313 0.3000000119
28952  -21.521  -55.651  -11.464 0.3000000119
28962  -17.468  -55.270  -11.611 0.4000000060
28963  -18.290  -55.376  -12.351 0.3000000119
28985  -19.243  -55.390  -14.421 0.3000000119
28986  -19.866  -55.481  -14.814 0.3000000119
28988  -20.837  -55.985  -14.233 0.3000000119
29767  -14.796  -54.877  -10.832 0.4000000060
29769  -16.640  -54.703  -11.324 0.4000000060
29784  -21.065  -54.957  -11.893 0.3000000119
29801  -19.880  -54.635  -14.704 0.3000000119
31458  -14.963  -52.541  -10.110 0.3000000119
31485  -19.804  -52.415  -13.876 0.3000000119
32202  -14.751  -52.024  -9.985 0.3000000119
121251  -19.912  -70.918  -9.200 0.5000000000
121274  -22.009  -73.140  -10.550 0.5000000000
122026  -18.219  -63.967  -12.995 0.6000000238
122035  -24.655  -69.733  -23.089 0.5000000000
122096  -18.446  -78.722  -19.832 0.6999999881
122930  -28.496  -81.553  -24.365 0.4000000060
123154  -20.575  -59.317  -12.838 0.3000000119
123883  -21.877  -74.185  -11.572 0.6000000238
124581  -19.101  -76.379  -24.307 0.5000000000
124731  -21.160  -60.748  -17.569 0.4000000060
124732  -20.167  -58.104  -16.187 0.3000000119
126314  -28.391  -71.331  -17.522 0.6000000238
126968  -19.175  -61.336  -9.513 0.4000000060
127802  -17.211  -59.679  -14.571 0.4000000060
127886  -29.924  -70.412  -16.882 0.4000000060
128348  -16.927  -66.823  -18.908 0.5000000000
128915  -17.963  -79.472  -18.013 0.5000000000
129204  -21.830  -76.984  -25.591 0.6000000238
130253  -19.445  -63.233  -8.332 0.5000000000
130293  -20.645  -54.999  -13.323 0.3000000119
130594  -17.646  -72.289  -13.272 0.6999999881
130891  -18.652  -65.550  -14.788 0.6999999881
131012  -18.508  -63.751  -15.046 0.6000000238
131044  -19.994  -64.771  -18.492 0.5000000000
131437  -16.373  -75.038  -12.854 0.6999999881
132573  -15.862  -55.939  -11.404 0.4000000060
132731  -19.661  -79.484  -24.999 0.6999999881
132868  -19.444  -65.095  -19.117 0.5000000000
133034  -21.561  -60.966  -7.154 0.4000000060
133054  -20.753  -54.560  -10.581 0.3000000119
133088  -17.953  -79.162  -22.911 0.6999999881
133280  -21.341  -76.712  -25.627 0.5000000000
133380  -22.141  -81.401  -18.711 0.5000000000
134199  -21.112  -60.994  -17.781 0.3000000119
134209  -18.995  -66.832  -11.963 0.6999999881
134390  -25.919  -80.643  -25.626 0.5000000000
134532  -18.911  -66.916  -13.292 0.6000000238
134854  -19.465  -70.214  -9.557 0.5000000000
135435  -19.209  -53.447  -14.242 0.3000000119
135513  -28.749  -71.148  -23.364 0.5000000000
136623  -16.865  -73.590  -13.489 0.6999999881
136639  -20.090  -73.415  -22.868 0.6000000238
137221  -21.097  -75.884  -12.643 0.6000000238
137255  -17.584  -81.052  -20.619 0.5000000000
137462  -22.803  -74.765  -13.414 0.6000000238
137767  -18.343  -53.051  -12.254 0.3000000119
138032  -19.299  -69.263  -12.729 0.5000000000
138355  -23.524  -72.305  -20.506 0.6000000238
138722  -17.142  -73.213  -14.007 0.6999999881
138820  -18.880  -65.748  -10.383 0.6000000238
139043  -28.039  -77.206  -21.593 0.3000000119
139090  -14.233  -56.726  -11.020 0.3000000119
139287  -17.138  -72.400  -16.220 0.6000000238
139324  -25.465  -58.794  -7.442 0.4000000060
139873  -22.211  -78.350  -22.891 0.6000000238
140483  -20.854  -79.225  -23.480 0.6000000238
140808  -16.997  -74.175  -15.642 0.6000000238
140865  -20.072  -69.574  -9.011 0.5000000000
141017  -17.479  -76.653  -12.305 0.6000000238
141588  -18.844  -70.689  -14.758 0.6000000238
142089  -18.530  -80.834  -22.739 0.5000000000
142213  -21.640  -76.938  -15.507 0.6000000238
142424  -14.054  -54.462  -9.958 0.3000000119
142627  -23.673  -74.706  -14.604 0.6000000238
142702  -21.442  -55.523  -11.959 0.3000000119
143119  -22.907  -74.074  -19.220 0.6000000238
143214  -19.915  -64.535  -19.329 0.4000000060
143240  -30.633  -76.747  -23.203 0.3000000119
143307  -26.729  -75.806  -25.031 0.4000000060
143329  -15.684  -75.295  -15.692 0.6000000238
143545  -21.225  -72.740  -21.933 0.6000000238
143606  -19.020  -81.867  -22.084 0.5000000000
