#!ascii label  , from subject sub-032304 vox2ras=TkReg
2065
10894  -37.269  -77.977  -17.197 0.1000000015
10904  -36.798  -78.456  -17.707 0.1000000015
121205  -35.209  -79.807  -18.119 0.1000000015
10134  -36.395  -78.654  -19.125 0.1000000015
10133  -35.694  -78.937  -19.667 0.1000000015
137043  -36.423  -78.170  -19.912 0.1000000015
10146  -35.341  -78.745  -20.602 0.1000000015
11698  -35.877  -77.489  -20.649 0.1000000015
12544  -35.429  -77.506  -20.861 0.1000000015
10943  -35.097  -78.045  -22.037 0.1000000015
11712  -34.890  -77.792  -22.047 0.1000000015
12543  -34.696  -77.376  -20.796 0.1000000015
12554  -34.318  -77.436  -21.410 0.1000000015
11724  -34.421  -77.894  -22.484 0.1000000015
12542  -33.837  -77.286  -20.639 0.1000000015
12540  -32.071  -77.323  -20.200 0.1000000015
11711  -34.274  -77.571  -22.174 0.1000000015
11697  -32.479  -77.352  -21.310 0.1000000015
11710  -33.346  -77.347  -22.401 0.1000000015
132397  -38.641  -75.664  -17.536 0.1000000015
11660  -37.744  -76.978  -17.633 0.1000000015
11661  -38.400  -76.157  -17.741 0.1000000015
10915  -36.928  -78.182  -18.690 0.1000000015
12509  -38.061  -75.628  -18.150 0.1000000015
11672  -37.510  -76.956  -18.599 0.1000000015
10916  -37.257  -77.244  -19.181 0.1000000015
12508  -37.340  -76.333  -18.501 0.1000000015
10924  -36.477  -77.410  -20.179 0.1000000015
12527  -36.611  -76.858  -19.867 0.1000000015
138529  -36.119  -76.909  -20.215 0.1000000015
12525  -34.256  -77.161  -20.016 0.1000000015
15148  -30.974  -73.226  -17.004 0.1000000015
14275  -30.744  -74.529  -16.971 0.1000000015
13385  -30.550  -75.274  -17.397 0.1000000015
13386  -31.347  -75.714  -17.286 0.1000000015
12505  -31.234  -76.571  -18.439 0.1000000015
12506  -32.238  -76.729  -18.664 0.1000000015
12523  -32.549  -77.116  -19.576 0.1000000015
12524  -33.369  -77.144  -19.841 0.1000000015
12541  -32.970  -77.277  -20.475 0.1000000015
13361  -40.263  -74.334  -16.072 0.1000000015
14263  -39.366  -74.162  -16.592 0.2000000030
14264  -39.698  -74.175  -16.504 0.2000000030
13374  -39.649  -74.737  -16.601 0.1000000015
14262  -38.641  -74.430  -16.036 0.1000000015
14277  -38.617  -74.484  -16.969 0.1000000015
14279  -39.371  -74.576  -16.969 0.1000000015
13372  -37.916  -74.912  -17.331 0.1000000015
13389  -38.053  -75.131  -17.863 0.1000000015
18126  -35.274  -69.381  -14.710 0.1000000015
17346  -35.349  -69.777  -15.218 0.1000000015
13388  -37.543  -75.571  -17.736 0.1000000015
137252  -37.064  -76.109  -17.914 0.1000000015
124857  -37.063  -76.435  -18.855 0.1000000015
17355  -35.149  -70.198  -15.841 0.1000000015
17354  -34.524  -70.733  -15.580 0.1000000015
16639  -33.962  -71.360  -15.217 0.1000000015
16638  -33.241  -71.973  -14.742 0.1000000015
15906  -32.743  -72.668  -14.320 0.1000000015
15122  -32.169  -73.274  -14.753 0.1000000015
12491  -36.273  -76.379  -18.136 0.1000000015
12526  -35.328  -77.174  -20.222 0.1000000015
120685  -33.183  -71.744  -15.628 0.1000000015
15916  -32.431  -72.393  -15.117 0.1000000015
15121  -31.652  -73.795  -15.436 0.1000000015
14260  -31.900  -74.628  -15.433 0.1000000015
133495  -32.453  -75.400  -15.521 0.1000000015
13370  -32.286  -75.743  -16.464 0.1000000015
125545  -35.073  -76.796  -18.717 0.1000000015
125544  -34.689  -77.069  -19.374 0.1000000015
15926  -32.357  -72.089  -16.221 0.1000000015
15135  -31.295  -73.482  -16.190 0.1000000015
14276  -31.306  -74.384  -16.174 0.1000000015
13355  -31.752  -75.137  -16.127 0.1000000015
12472  -32.762  -76.365  -16.918 0.1000000015
12488  -32.526  -76.521  -17.800 0.1000000015
13369  -31.160  -75.096  -16.726 0.1000000015
136949  -31.747  -75.511  -16.815 0.1000000015
12507  -33.119  -76.899  -18.476 0.1000000015
122823  -39.301  -73.860  -15.920 0.1000000015
15123  -39.896  -73.541  -15.942 0.2000000030
14265  -40.375  -73.660  -15.723 0.1000000015
14250  -40.814  -73.603  -15.091 0.2000000030
14240  -40.804  -74.141  -14.528 0.2000000030
15109  -39.370  -73.500  -15.061 0.1000000015
138531  -34.790  -68.142  -14.754 0.1000000015
18855  -35.306  -68.587  -14.979 0.1000000015
141163  -37.429  -75.387  -16.486 0.1000000015
13371  -37.070  -75.699  -16.772 0.1000000015
12462  -36.149  -76.073  -16.118 0.1000000015
136325  -34.571  -70.780  -14.804 0.1000000015
12476  -36.428  -76.155  -17.221 0.1000000015
14261  -32.074  -74.132  -14.894 0.1000000015
13356  -33.057  -75.380  -14.773 0.1000000015
12459  -33.737  -76.157  -15.858 0.1000000015
12473  -33.573  -76.477  -16.717 0.1000000015
140380  -35.450  -76.556  -18.162 0.1000000015
12489  -33.377  -76.695  -17.646 0.1000000015
127301  -33.727  -77.096  -19.211 0.1000000015
15883  -39.670  -72.318  -13.116 0.1000000015
16622  -40.418  -71.719  -14.045 0.1000000015
15080  -39.342  -73.025  -13.267 0.1000000015
120610  -40.043  -72.246  -14.217 0.1000000015
141539  -40.509  -72.048  -14.479 0.1000000015
15897  -40.443  -72.457  -14.764 0.2000000030
15909  -40.908  -72.521  -14.854 0.2000000030
15110  -40.122  -72.969  -15.266 0.2000000030
15100  -41.255  -72.835  -14.527 0.2000000030
129299  -41.491  -72.547  -13.951 0.2000000030
14249  -38.518  -74.264  -15.016 0.1000000015
14239  -38.411  -74.262  -13.861 0.1000000015
14238  -37.606  -74.849  -14.062 0.1000000015
13346  -37.200  -75.336  -14.796 0.1000000015
18125  -34.867  -69.672  -13.920 0.1000000015
17336  -34.791  -70.432  -13.772 0.1000000015
134068  -34.660  -70.257  -13.124 0.1000000015
14248  -37.932  -74.817  -15.160 0.1000000015
13359  -36.832  -75.657  -15.685 0.1000000015
19583  -34.878  -66.820  -15.418 0.1000000015
19574  -34.498  -67.399  -14.830 0.1000000015
17345  -35.068  -70.174  -14.493 0.1000000015
15907  -33.513  -72.216  -14.010 0.1000000015
15895  -33.764  -72.562  -13.368 0.1000000015
14233  -33.069  -73.998  -13.841 0.1000000015
13329  -33.965  -75.013  -13.754 0.1000000015
129526  -34.318  -75.539  -14.226 0.1000000015
12447  -34.799  -75.926  -14.922 0.1000000015
126211  -35.395  -76.334  -16.394 0.1000000015
141841  -34.631  -66.296  -15.459 0.1000000015
14247  -32.577  -74.055  -14.370 0.1000000015
13342  -33.199  -74.728  -14.170 0.1000000015
13357  -33.832  -75.832  -14.938 0.1000000015
12474  -34.493  -76.446  -16.551 0.1000000015
141815  -34.811  -65.587  -15.902 0.1000000015
21023  -35.287  -65.384  -16.328 0.1000000015
21767  -35.045  -64.429  -16.422 0.1000000015
16598  -38.797  -71.958  -11.164 0.1000000015
15869  -38.412  -72.632  -11.424 0.1000000015
17330  -40.744  -70.084  -13.434 0.1000000015
15898  -40.807  -71.821  -14.454 0.1000000015
15868  -37.457  -72.721  -11.198 0.1000000015
15079  -38.532  -73.626  -12.540 0.1000000015
15899  -41.262  -72.056  -14.435 0.2000000030
15078  -37.494  -74.032  -12.199 0.1000000015
20293  -33.039  -65.862  -14.430 0.1000000015
141364  -33.526  -66.355  -14.592 0.1000000015
19573  -33.660  -67.139  -14.427 0.1000000015
19563  -33.105  -67.618  -13.614 0.1000000015
18853  -34.067  -68.086  -14.197 0.1000000015
18845  -34.394  -68.883  -13.757 0.1000000015
18115  -34.126  -69.376  -13.089 0.1000000015
15867  -36.575  -72.508  -11.120 0.1000000015
15077  -36.384  -73.924  -11.958 0.1000000015
14222  -37.642  -74.625  -13.026 0.1000000015
16621  -34.607  -71.084  -13.104 0.1000000015
15896  -34.317  -72.089  -12.840 0.1000000015
14236  -35.262  -74.823  -12.990 0.1000000015
14237  -36.183  -75.001  -12.990 0.1000000015
13345  -36.232  -75.642  -14.470 0.1000000015
21753  -32.738  -64.360  -14.453 0.1000000015
16620  -34.179  -71.694  -13.588 0.1000000015
15074  -34.148  -73.035  -12.829 0.1000000015
15096  -34.195  -73.908  -12.903 0.1000000015
14235  -34.445  -74.575  -13.194 0.1000000015
13344  -35.225  -75.688  -14.246 0.1000000015
13331  -35.694  -75.361  -13.585 0.1000000015
20294  -33.685  -65.761  -14.972 0.1000000015
20307  -34.396  -65.756  -15.489 0.1000000015
21012  -33.789  -65.044  -15.380 0.1000000015
21022  -34.543  -64.971  -15.903 0.1000000015
21759  -34.454  -64.186  -16.150 0.1000000015
22576  -35.553  -63.712  -16.763 0.1000000015
16600  -40.396  -71.090  -13.032 0.1000000015
15852  -37.924  -72.197  -10.873 0.1000000015
17312  -38.371  -70.375  -10.346 0.1000000015
17321  -39.799  -70.069  -11.198 0.1000000015
16623  -40.974  -70.625  -14.122 0.1000000015
15851  -37.202  -72.191  -10.795 0.1000000015
17311  -37.099  -70.997  -10.366 0.1000000015
17338  -41.533  -69.959  -14.048 0.1000000015
16597  -36.024  -71.877  -11.032 0.1000000015
16584  -36.646  -71.637  -10.681 0.1000000015
16624  -41.343  -70.920  -14.054 0.2000000030
20283  -32.974  -66.682  -14.069 0.1000000015
18844  -33.581  -68.519  -13.390 0.1000000015
15866  -35.713  -72.382  -11.437 0.1000000015
15059  -36.046  -73.182  -11.585 0.1000000015
17339  -42.047  -69.481  -13.812 0.1000000015
16625  -41.992  -70.172  -13.809 0.2000000030
130359  -32.414  -66.886  -13.339 0.1000000015
17329  -34.711  -70.690  -12.359 0.1000000015
16610  -34.743  -71.585  -12.166 0.1000000015
15881  -34.669  -72.561  -12.278 0.1000000015
14219  -34.919  -74.202  -12.561 0.1000000015
22560  -32.994  -63.556  -14.721 0.1000000015
21758  -33.923  -64.276  -15.682 0.1000000015
22568  -33.504  -63.506  -15.360 0.1000000015
23368  -33.820  -62.737  -15.518 0.1000000015
22575  -34.778  -63.614  -16.375 0.1000000015
23369  -34.468  -62.781  -16.074 0.1000000015
23375  -35.216  -62.807  -16.528 0.1000000015
17302  -36.830  -70.183  -9.951 0.1000000015
18076  -37.791  -69.828  -9.907 0.1000000015
18075  -35.846  -69.950  -10.097 0.1000000015
119272  -37.975  -71.096  -10.395 0.1000000015
17313  -39.133  -70.145  -10.584 0.1000000015
17322  -40.503  -69.739  -12.238 0.1000000015
123890  -36.284  -70.741  -10.436 0.1000000015
18078  -39.482  -69.553  -10.732 0.1000000015
17337  -41.328  -69.753  -13.931 0.1000000015
17320  -35.150  -70.790  -11.194 0.1000000015
17310  -35.483  -70.499  -10.584 0.1000000015
18089  -40.884  -68.830  -12.639 0.1000000015
20997  -32.007  -65.370  -13.407 0.1000000015
20281  -31.906  -66.212  -13.051 0.1000000015
18832  -33.305  -68.777  -12.630 0.1000000015
18102  -34.370  -69.918  -12.357 0.1000000015
18087  -34.548  -70.280  -11.582 0.1000000015
16596  -35.349  -71.537  -11.446 0.1000000015
18103  -41.665  -68.927  -13.645 0.1000000015
18116  -41.766  -69.443  -13.918 0.1000000015
21748  -32.264  -64.472  -13.680 0.1000000015
18105  -42.326  -68.890  -13.313 0.1000000015
22559  -32.470  -63.595  -14.055 0.1000000015
23359  -32.796  -62.808  -14.331 0.1000000015
23360  -33.333  -62.798  -14.908 0.1000000015
24155  -33.333  -62.074  -14.453 0.1000000015
24976  -34.303  -60.620  -14.424 0.1000000015
24164  -34.296  -61.909  -15.556 0.1000000015
24977  -35.260  -60.176  -14.782 0.1000000015
18797  -36.487  -68.795  -9.646 0.1000000015
18065  -37.122  -69.312  -9.686 0.1000000015
18066  -37.992  -68.980  -9.792 0.1000000015
119968  -35.796  -69.170  -9.807 0.1000000015
18808  -38.686  -68.632  -10.180 0.1000000015
18063  -35.132  -69.386  -10.092 0.1000000015
131390  -39.504  -68.681  -10.721 0.1000000015
18088  -40.135  -69.158  -11.446 0.1000000015
17309  -34.736  -70.215  -10.833 0.1000000015
136612  -35.119  -69.950  -10.404 0.1000000015
143320  -39.724  -67.778  -10.967 0.1000000015
21747  -31.680  -64.690  -13.010 0.1000000015
18843  -32.866  -68.256  -12.990 0.1000000015
18086  -33.811  -69.570  -11.593 0.1000000015
119884  -34.011  -69.715  -11.013 0.1000000015
18074  -34.491  -69.589  -10.500 0.1000000015
18819  -40.508  -68.043  -11.732 0.1000000015
22552  -31.974  -63.654  -13.218 0.1000000015
20996  -31.580  -65.546  -12.718 0.1000000015
20272  -31.536  -66.311  -12.305 0.1000000015
19562  -32.422  -67.653  -12.830 0.1000000015
18831  -32.540  -68.316  -12.178 0.1000000015
18818  -33.137  -68.973  -11.798 0.1000000015
19551  -41.980  -66.902  -13.223 0.1000000015
23352  -32.341  -62.838  -13.663 0.1000000015
24145  -32.594  -61.392  -13.387 0.1000000015
23345  -32.141  -62.126  -13.316 0.1000000015
24966  -32.999  -60.591  -13.315 0.1000000015
24146  -33.426  -61.197  -13.965 0.1000000015
24968  -34.690  -59.760  -14.256 0.1000000015
24967  -33.830  -60.102  -13.704 0.1000000015
122654  -33.671  -68.486  -9.810 0.1000000015
19517  -34.475  -68.067  -9.522 0.1000000015
19518  -35.502  -67.867  -9.528 0.1000000015
19519  -37.571  -67.482  -9.735 0.1000000015
18794  -32.840  -68.187  -9.875 0.1000000015
19528  -38.451  -67.147  -10.257 0.1000000015
19539  -31.930  -68.012  -11.462 0.1000000015
18805  -31.971  -68.238  -10.867 0.1000000015
18807  -33.235  -68.757  -10.358 0.1000000015
18795  -34.339  -68.934  -9.990 0.1000000015
123046  -38.984  -67.928  -10.440 0.1000000015
127404  -31.466  -64.028  -12.447 0.1000000015
20273  -31.896  -67.005  -12.588 0.1000000015
18817  -32.497  -68.558  -11.316 0.1000000015
18073  -33.143  -69.176  -11.003 0.1000000015
19540  -40.201  -67.008  -11.644 0.1000000015
22543  -31.529  -63.097  -12.604 0.1000000015
18833  -41.573  -67.896  -13.032 0.1000000015
19552  -42.038  -67.044  -13.179 0.1000000015
23344  -31.642  -62.253  -12.724 0.1000000015
24137  -32.019  -61.506  -12.804 0.1000000015
122906  -32.454  -60.897  -12.866 0.1000000015
25808  -32.602  -59.351  -12.164 0.1000000015
24957  -33.300  -59.928  -13.071 0.1000000015
26662  -33.064  -58.555  -12.282 0.1000000015
26652  -32.875  -57.905  -11.712 0.1000000015
26672  -34.075  -58.670  -13.192 0.1000000015
18796  -35.885  -68.474  -9.651 0.1000000015
132512  -36.536  -67.809  -9.575 0.1000000015
20238  -36.959  -66.662  -9.768 0.1000000015
19527  -37.805  -66.712  -10.004 0.1000000015
21733  -30.988  -64.333  -11.646 0.1000000015
20260  -31.326  -66.186  -11.524 0.1000000015
19526  -31.610  -67.663  -10.761 0.1000000015
18793  -32.011  -67.966  -10.276 0.1000000015
24136  -31.495  -61.616  -12.156 0.1000000015
23339  -31.209  -62.536  -11.950 0.1000000015
138352  -31.142  -63.445  -11.957 0.1000000015
21740  -31.327  -64.941  -12.274 0.1000000015
19538  -31.560  -67.145  -11.647 0.1000000015
19529  -39.366  -67.080  -10.810 0.1000000015
127929  -31.383  -60.979  -11.546 0.1000000015
24948  -31.747  -60.180  -11.580 0.1000000015
25801  -31.652  -59.552  -10.999 0.1000000015
25802  -32.158  -59.437  -11.566 0.1000000015
26642  -31.953  -58.141  -10.526 0.1000000015
26643  -32.468  -58.037  -11.079 0.1000000015
27458  -32.310  -57.381  -10.584 0.1000000015
27467  -32.801  -57.236  -11.153 0.1000000015
19516  -33.534  -67.815  -9.497 0.1000000015
126971  -35.009  -67.104  -9.426 0.1000000015
20237  -35.976  -66.955  -9.457 0.1000000015
133221  -36.284  -66.151  -9.697 0.1000000015
135679  -32.966  -67.686  -9.499 0.1000000015
24943  -31.272  -60.354  -10.936 0.1000000015
24131  -31.062  -61.794  -11.411 0.1000000015
27457  -31.777  -57.491  -10.092 0.1000000015
124264  -32.567  -56.488  -10.633 0.1000000015
29758  -32.189  -54.721  -10.126 0.1000000015
123935  -34.118  -67.196  -9.300 0.1000000015
20236  -35.478  -66.165  -9.480 0.1000000015
19515  -32.359  -67.546  -9.635 0.1000000015
23338  -30.787  -62.534  -11.218 0.1000000015
22536  -30.644  -63.220  -11.034 0.1000000015
20976  -31.150  -65.319  -11.524 0.1000000015
20966  -31.183  -65.856  -10.777 0.1000000015
19514  -31.576  -67.191  -9.963 0.1000000015
25793  -31.203  -59.698  -10.347 0.1000000015
26633  -31.479  -58.238  -9.953 0.1000000015
28214  -31.771  -56.867  -9.611 0.1000000015
28206  -32.174  -56.248  -9.888 0.1000000015
29745  -31.708  -54.624  -9.414 0.1000000015
128428  -31.846  -53.004  -9.579 0.1000000015
20234  -33.135  -67.182  -9.086 0.1000000015
20231  -30.990  -65.794  -9.501 0.1000000015
20232  -31.471  -66.337  -9.405 0.1000000015
20233  -32.149  -66.805  -9.247 0.1000000015
130340  -30.506  -61.339  -10.147 0.1000000015
23331  -30.585  -62.700  -10.529 0.1000000015
21732  -30.612  -64.016  -10.915 0.1000000015
20975  -30.842  -64.951  -10.719 0.1000000015
143231  -30.905  -65.657  -10.143 0.1000000015
24942  -30.774  -60.507  -10.283 0.1000000015
28935  -31.579  -55.405  -8.908 0.1000000015
135720  -31.222  -53.657  -8.563 0.1000000015
30617  -30.981  -53.086  -8.225 0.1000000015
122565  -31.495  -52.999  -8.830 0.1000000015
20940  -30.752  -65.307  -8.997 0.1000000015
22525  -30.566  -63.476  -10.325 0.1000000015
22514  -30.498  -63.761  -9.505 0.1000000015
21711  -30.572  -64.608  -9.212 0.1000000015
26632  -30.708  -59.131  -9.089 0.1000000015
28196  -31.309  -56.902  -8.858 0.1000000015
128043  -31.441  -56.092  -8.588 0.1000000015
29732  -31.310  -54.518  -8.557 0.1000000015
31425  -30.912  -52.421  -7.653 0.1000000015
25785  -30.704  -59.848  -9.674 0.1000000015
26625  -31.082  -58.346  -9.302 0.1000000015
126889  -30.993  -56.435  -8.097 0.1000000015
130468  -31.196  -55.476  -8.096 0.1000000015
29731  -30.972  -54.741  -7.880 0.1000000015
30604  -30.646  -53.217  -7.680 0.1000000015
32169  -30.518  -51.630  -6.477 0.1000000015
31400  -30.360  -52.498  -6.416 0.1000000015
26624  -30.619  -58.354  -8.637 0.1000000015
28921  -30.719  -55.901  -7.461 0.1000000015
29717  -30.622  -54.547  -7.346 0.1000000015
30590  -30.175  -53.409  -6.372 0.1000000015
10120  -36.285  -79.061  -18.162 0.1000000015
10119  -35.735  -79.380  -18.678 0.1000000015
10925  -36.958  -76.925  -19.804 0.1000000015
10934  -36.069  -78.058  -20.550 0.1000000015
143765  -35.113  -78.556  -21.344 0.1000000015
12545  -36.113  -77.055  -20.402 0.1000000015
12492  -38.024  -76.149  -18.241 0.1000000015
13390  -38.505  -75.223  -17.597 0.1000000015
13402  -37.687  -75.852  -18.176 0.1000000015
12528  -37.079  -76.692  -19.359 0.1000000015
119813  -36.099  -76.658  -18.978 0.1000000015
133306  -35.742  -76.841  -19.700 0.1000000015
15134  -30.893  -73.911  -16.681 0.1000000015
12486  -30.768  -76.048  -17.758 0.1000000015
12487  -31.684  -76.295  -17.847 0.1000000015
14278  -39.134  -74.357  -17.071 0.1000000015
18854  -34.836  -68.808  -14.378 0.1000000015
15915  -31.743  -72.883  -15.600 0.1000000015
13341  -32.471  -74.786  -14.785 0.1000000015
135958  -33.177  -75.772  -15.413 0.1000000015
13387  -32.098  -75.994  -17.247 0.1000000015
12458  -32.938  -76.077  -16.092 0.1000000015
131697  -34.053  -76.921  -18.486 0.1000000015
15098  -39.731  -72.842  -14.541 0.1000000015
15908  -40.637  -72.870  -15.173 0.2000000030
15125  -40.704  -73.262  -15.246 0.2000000030
12475  -35.412  -76.455  -17.333 0.1000000015
16631  -34.088  -71.486  -14.394 0.1000000015
15894  -33.127  -72.866  -13.774 0.1000000015
13343  -33.643  -75.336  -14.325 0.1000000015
12490  -34.479  -76.642  -17.641 0.1000000015
14223  -38.278  -74.196  -12.945 0.1000000015
16632  -34.665  -70.897  -14.003 0.1000000015
13358  -35.753  -75.953  -15.122 0.1000000015
20295  -34.216  -66.477  -15.009 0.1000000015
15095  -33.498  -73.456  -13.450 0.1000000015
14234  -33.690  -74.313  -13.509 0.1000000015
13330  -34.760  -75.225  -13.574 0.1000000015
12460  -34.561  -76.213  -15.660 0.1000000015
20319  -35.804  -66.234  -16.387 0.1000000015
16587  -39.106  -71.020  -10.857 0.1000000015
16599  -39.669  -71.548  -11.817 0.1000000015
15870  -39.299  -72.317  -11.895 0.1000000015
15060  -36.980  -73.362  -11.504 0.1000000015
16612  -41.958  -70.889  -13.566 0.2000000030
14221  -36.740  -74.567  -12.548 0.1000000015
14220  -35.789  -74.394  -12.455 0.1000000015
13332  -36.649  -75.291  -13.759 0.1000000015
15075  -34.754  -73.426  -12.388 0.1000000015
15882  -35.254  -72.937  -11.875 0.1000000015
18104  -41.999  -68.792  -13.756 0.1000000015
24156  -33.912  -61.470  -14.785 0.1000000015
24171  -34.854  -62.080  -16.194 0.1000000015
24154  -32.772  -62.066  -13.863 0.1000000015
24987  -34.689  -60.980  -15.189 0.1000000015
139088  -33.731  -68.856  -10.158 0.1000000015
131370  -33.571  -58.830  -12.761 0.1000000015
28226  -33.150  -56.459  -11.331 0.1000000015
20248  -31.304  -66.821  -10.715 0.1000000015
14897  -34.456  -73.393  1.909 0.5000000000
136878  -39.979  -76.948  -1.537 0.5000000000
12307  -38.595  -76.848  -1.463 0.5000000000
15742  -34.111  -72.634  2.298 0.5000000000
140112  -34.874  -72.913  1.267 0.5000000000
140470  -35.296  -72.856  0.789 0.5000000000
131346  -39.283  -76.479  -1.474 0.5000000000
17208  -33.181  -70.847  2.896 0.5000000000
15741  -33.648  -72.064  2.647 0.5000000000
15748  -34.584  -72.400  1.557 0.5000000000
13154  -39.037  -75.386  -1.489 0.5000000000
16484  -34.228  -71.717  1.869 0.5000000000
16483  -33.754  -71.178  2.251 0.5000000000
16491  -34.742  -71.540  0.992 0.5000000000
16490  -34.260  -71.013  1.527 0.4000000060
17225  -35.159  -70.966  0.211 0.4000000060
14940  -41.707  -74.221  -2.646 0.5000000000
14957  -42.057  -74.128  -3.339 0.5000000000
14956  -41.098  -73.684  -3.323 0.5000000000
14973  -40.718  -73.536  -4.048 0.5000000000
15009  -39.413  -73.341  -6.542 0.5000000000
121360  -39.519  -73.379  -4.743 0.5000000000
15818  -38.410  -73.001  -7.022 0.4000000060
16557  -37.736  -71.853  -7.669 0.4000000060
9881  -37.095  -81.116  0.648 0.1000000015
11489  -38.348  -78.646  -1.559 0.5000000000
15735  -33.901  -72.840  3.260 0.5000000000
14891  -34.279  -73.334  2.709 0.5000000000
140656  -34.991  -73.669  1.109 0.5000000000
14050  -35.723  -74.301  -0.133 0.4000000060
16474  -33.192  -71.425  3.664 0.5000000000
15734  -33.488  -72.087  3.459 0.5000000000
17187  -32.548  -70.505  4.209 0.5000000000
17941  -32.205  -69.782  5.398 0.5000000000
17948  -32.212  -69.930  4.616 0.5000000000
17197  -32.597  -70.363  3.278 0.5000000000
131433  -31.763  -69.487  4.876 0.4000000060
17956  -32.185  -69.856  3.725 0.3000000119
17207  -32.889  -70.181  2.434 0.5000000000
17216  -33.807  -70.432  1.244 0.4000000060
17224  -34.455  -70.763  0.685 0.4000000060
17964  -32.243  -69.684  2.761 0.3000000119
16503  -36.319  -71.654  -0.525 0.6999999881
15760  -36.816  -72.305  -0.570 0.5000000000
17947  -31.720  -69.417  4.193 0.3000000119
17955  -31.703  -69.317  3.383 0.3000000119
127748  -32.646  -69.676  2.040 0.3000000119
17229  -35.373  -70.756  -0.480 0.5000000000
129582  -36.510  -71.372  -1.021 0.6000000238
15763  -38.045  -72.507  -1.525 0.6000000238
14060  -38.148  -73.777  -1.222 0.6000000238
14062  -39.868  -74.829  -1.582 0.5000000000
14069  -41.342  -74.594  -2.022 0.3000000119
18701  -32.079  -69.162  1.963 0.3000000119
17985  -33.324  -69.739  0.888 0.3000000119
17228  -34.319  -70.288  -0.400 0.4000000060
16506  -36.074  -71.155  -1.504 0.5000000000
16508  -37.543  -71.948  -1.495 0.6000000238
15775  -38.557  -72.564  -2.733 0.6000000238
14938  -39.894  -73.465  -2.280 0.5000000000
14939  -40.819  -73.797  -2.506 0.5000000000
17984  -32.699  -69.204  0.668 0.4000000060
17992  -33.667  -69.857  -0.500 0.4000000060
17249  -35.320  -70.800  -1.765 0.5000000000
16519  -36.512  -71.537  -2.444 0.5000000000
15789  -38.394  -72.509  -3.532 0.5000000000
15790  -39.147  -72.755  -3.236 0.5000000000
119489  -40.232  -73.328  -3.619 0.5000000000
18719  -32.524  -68.958  -0.092 0.4000000060
18000  -33.411  -69.777  -1.243 0.4000000060
17235  -33.877  -70.289  -1.726 0.5000000000
16531  -35.575  -71.516  -3.169 0.5000000000
16533  -37.142  -72.164  -3.763 0.4000000060
15796  -38.277  -72.555  -4.118 0.5000000000
14971  -38.827  -73.061  -4.480 0.5000000000
18006  -33.075  -69.791  -2.124 0.4000000060
17254  -34.145  -70.721  -3.132 0.5000000000
123318  -35.756  -71.685  -3.950 0.5000000000
16537  -36.197  -72.134  -4.600 0.4000000060
15807  -37.380  -72.778  -5.623 0.4000000060
136847  -38.437  -73.225  -5.041 0.5000000000
17263  -33.882  -70.780  -4.263 0.5000000000
16547  -35.383  -71.639  -5.477 0.4000000060
15816  -36.900  -72.447  -6.353 0.4000000060
15823  -37.804  -72.459  -7.287 0.4000000060
16546  -34.724  -71.236  -5.287 0.3000000119
16553  -35.600  -71.381  -6.389 0.4000000060
17280  -36.335  -71.366  -7.015 0.3000000119
17282  -36.574  -70.544  -7.370 0.3000000119
17283  -37.257  -70.453  -7.625 0.3000000119
9192  -37.541  -81.513  2.225 0.1000000015
9205  -37.063  -81.687  1.408 0.1000000015
9206  -37.455  -81.577  2.091 0.1000000015
9868  -37.263  -81.419  1.542 0.1000000015
10698  -36.544  -79.358  0.170 0.4000000060
10727  -36.999  -79.383  -0.757 0.4000000060
134388  -37.177  -78.456  -1.140 0.5000000000
127783  -36.480  -78.210  -0.522 0.4000000060
11488  -36.687  -77.560  -1.006 0.5000000000
135893  -37.334  -77.586  -1.345 0.5000000000
13989  -34.657  -74.116  2.739 0.5000000000
14018  -34.677  -74.206  1.845 0.5000000000
128613  -35.283  -74.342  0.593 0.4000000060
12305  -36.734  -76.809  -1.155 0.5000000000
12306  -37.571  -76.724  -1.412 0.5000000000
17188  -33.047  -71.191  4.603 0.5000000000
16464  -33.537  -71.853  4.347 0.5000000000
15717  -33.897  -72.528  4.183 0.5000000000
17162  -33.496  -70.556  6.092 0.5000000000
17177  -32.744  -70.508  5.252 0.5000000000
140610  -36.911  -74.719  -0.899 0.6000000238
17931  -32.173  -69.422  6.096 0.4000000060
18669  -31.590  -68.771  6.115 0.2000000030
19397  -31.048  -68.064  6.116 0.2000000030
126412  -31.325  -68.861  4.680 0.3000000119
18694  -31.280  -68.759  3.055 0.3000000119
18705  -31.729  -68.632  1.568 0.4000000060
18679  -30.811  -68.270  4.824 0.3000000119
18693  -30.888  -68.432  3.509 0.3000000119
19403  -30.426  -67.607  4.474 0.3000000119
124048  -30.422  -67.356  2.825 0.4000000060
19422  -31.158  -68.142  1.387 0.4000000060
19415  -30.637  -67.805  2.085 0.3000000119
18711  -31.378  -68.203  0.584 0.4000000060
17999  -32.654  -69.330  -1.543 0.4000000060
18005  -32.419  -69.190  -2.434 0.4000000060
125067  -30.917  -67.722  0.809 0.3000000119
19433  -31.257  -67.756  -0.738 0.3000000119
18011  -32.221  -68.763  -3.274 0.3000000119
17253  -33.312  -70.233  -3.714 0.4000000060
18749  -32.245  -68.229  -4.031 0.3000000119
18027  -33.253  -69.503  -5.050 0.3000000119
17274  -34.410  -70.514  -5.755 0.4000000060
17279  -35.841  -70.597  -6.941 0.3000000119
19461  -32.053  -67.389  -4.026 0.2000000030
19468  -33.221  -67.833  -5.137 0.2000000030
18765  -34.531  -68.820  -6.181 0.3000000119
18036  -35.552  -69.716  -6.742 0.3000000119
126621  -33.166  -66.012  -4.649 0.1000000015
19480  -34.756  -67.399  -5.720 0.2000000030
18766  -35.298  -68.867  -6.525 0.4000000060
22453  -33.434  -63.326  -3.713 0.1000000015
9869  -37.636  -80.824  2.003 0.1000000015
10682  -36.864  -80.168  1.119 0.1000000015
10672  -36.878  -79.236  1.724 0.2000000030
124838  -36.168  -78.662  0.966 0.5000000000
11476  -36.208  -77.089  -0.494 0.4000000060
14881  -34.517  -73.584  3.488 0.5000000000
14005  -35.159  -74.941  2.391 0.4000000060
13113  -35.182  -75.781  0.922 0.4000000060
12294  -35.875  -76.284  -0.291 0.5000000000
16447  -33.758  -71.594  5.233 0.5000000000
16465  -34.159  -72.200  5.002 0.5000000000
14865  -34.372  -73.148  4.200 0.4000000060
12295  -36.352  -76.220  -0.693 0.4000000060
17919  -33.463  -69.227  7.554 0.4000000060
17933  -33.851  -70.037  6.879 0.4000000060
17178  -33.409  -71.022  5.443 0.5000000000
125453  -32.882  -68.520  7.805 0.4000000060
17932  -32.880  -69.570  6.761 0.5000000000
17918  -32.664  -68.998  7.327 0.4000000060
19372  -33.170  -67.964  8.284 0.3000000119
18657  -32.179  -68.379  7.388 0.3000000119
19370  -31.548  -67.558  7.482 0.3000000119
20060  -31.285  -66.657  7.732 0.2000000030
19380  -30.584  -67.125  6.154 0.2000000030
20049  -31.767  -66.326  8.207 0.1000000015
20065  -30.451  -66.104  6.544 0.3000000119
20758  -30.737  -65.425  7.070 0.1000000015
122712  -30.332  -66.984  5.219 0.3000000119
20097  -30.075  -66.938  3.657 0.3000000119
20781  -30.048  -65.571  5.719 0.2000000030
20081  -29.900  -66.215  5.087 0.2000000030
20108  -29.759  -66.116  3.166 0.2000000030
19426  -30.444  -67.191  0.593 0.2000000030
19443  -31.061  -67.416  -1.387 0.2000000030
20844  -29.526  -65.551  1.742 0.2000000030
20152  -30.615  -66.484  -1.462 0.2000000030
19455  -31.375  -67.261  -2.706 0.2000000030
20858  -29.993  -65.631  -0.113 0.2000000030
20866  -30.217  -65.613  -1.019 0.1000000015
20180  -31.942  -66.596  -3.880 0.2000000030
20183  -32.532  -66.721  -4.497 0.2000000030
21610  -30.014  -63.997  -0.994 0.1000000015
20883  -30.936  -65.393  -2.631 0.1000000015
20901  -32.384  -65.917  -4.169 0.1000000015
124788  -30.938  -63.933  -2.462 0.1000000015
22451  -31.787  -63.970  -3.076 0.1000000015
21651  -32.963  -65.100  -4.272 0.1000000015
22436  -32.141  -63.174  -3.064 0.1000000015
23236  -33.074  -62.007  -2.914 0.1000000015
24830  -33.984  -60.708  -2.315 0.1000000015
137156  -37.677  -79.736  2.298 0.3000000119
11440  -36.315  -78.009  1.741 0.3000000119
141391  -38.075  -76.405  3.862 0.3000000119
12239  -38.021  -77.229  3.548 0.3000000119
127473  -36.485  -77.453  2.362 0.3000000119
11439  -35.674  -77.552  0.958 0.3000000119
11461  -35.994  -77.904  0.189 0.4000000060
13075  -37.612  -75.565  3.996 0.3000000119
12238  -37.057  -76.385  3.439 0.3000000119
12268  -35.799  -77.096  1.777 0.5000000000
11460  -35.682  -76.882  0.201 0.5000000000
14867  -36.229  -73.633  4.660 0.4000000060
124799  -36.060  -75.107  3.770 0.5000000000
13073  -35.755  -75.428  3.216 0.4000000060
13095  -35.594  -75.826  2.528 0.4000000060
12267  -35.362  -76.625  0.948 0.5000000000
123260  -35.303  -69.923  7.566 0.4000000060
16430  -35.203  -71.272  6.224 0.4000000060
16448  -34.680  -71.747  5.610 0.5000000000
15702  -35.086  -72.450  5.228 0.5000000000
124901  -34.817  -68.457  8.615 0.4000000060
18647  -34.246  -68.899  8.087 0.4000000060
17920  -34.498  -69.614  7.557 0.4000000060
17163  -34.503  -70.704  6.507 0.5000000000
19368  -34.399  -67.642  8.929 0.4000000060
18658  -33.524  -68.574  8.081 0.4000000060
18641  -35.279  -67.918  9.147 0.4000000060
19360  -34.888  -67.041  9.340 0.3000000119
19367  -33.594  -67.381  8.654 0.3000000119
20052  -34.035  -66.768  9.079 0.3000000119
19366  -32.795  -67.190  8.403 0.3000000119
20037  -33.745  -65.760  9.102 0.3000000119
20051  -33.253  -66.529  8.730 0.2000000030
20750  -33.226  -64.941  8.712 0.1000000015
20760  -32.070  -64.931  8.002 0.1000000015
21486  -31.377  -64.672  7.318 0.1000000015
20769  -30.399  -65.267  6.424 0.1000000015
20788  -29.675  -65.083  4.328 0.2000000030
22285  -30.821  -64.143  6.255 0.1000000015
21511  -30.357  -64.634  5.869 0.1000000015
20808  -29.576  -65.306  3.473 0.2000000030
21527  -30.152  -64.224  5.160 0.2000000030
21574  -29.445  -64.732  2.936 0.2000000030
21587  -29.574  -64.798  1.185 0.1000000015
143587  -29.405  -64.070  1.456 0.1000000015
21601  -29.633  -64.016  -0.185 0.1000000015
131593  -29.581  -63.257  0.292 0.1000000015
22423  -30.256  -63.204  -1.281 0.1000000015
22435  -31.467  -63.182  -2.597 0.1000000015
23998  -30.762  -61.705  -1.062 0.1000000015
23222  -31.159  -61.972  -1.555 0.1000000015
24000  -32.150  -61.001  -1.710 0.1000000015
25650  -32.342  -60.067  -0.361 0.1000000015
24829  -32.959  -60.776  -2.032 0.1000000015
25651  -33.167  -59.577  -0.086 0.1000000015
25641  -34.225  -58.998  0.269 0.1000000015
26498  -34.772  -58.482  0.791 0.1000000015
143586  -35.512  -57.708  1.334 0.1000000015
12240  -39.284  -76.909  3.736 0.3000000119
11413  -39.123  -78.075  3.666 0.2000000030
13059  -38.396  -75.183  4.301 0.3000000119
13980  -37.685  -74.718  4.360 0.4000000060
14868  -37.793  -73.878  4.566 0.3000000119
17147  -35.752  -70.400  7.228 0.3000000119
121789  -35.405  -70.785  6.733 0.3000000119
142456  -35.764  -71.104  6.519 0.4000000060
15703  -36.213  -72.341  5.359 0.4000000060
15721  -37.854  -72.989  4.986 0.3000000119
18648  -35.766  -68.730  8.786 0.3000000119
17921  -36.037  -69.936  7.753 0.3000000119
16450  -36.650  -71.749  5.807 0.4000000060
15704  -37.223  -72.280  5.443 0.4000000060
15705  -38.303  -72.167  5.567 0.3000000119
19356  -36.914  -67.123  10.372 0.3000000119
18642  -36.133  -68.183  9.374 0.3000000119
19361  -35.752  -67.325  9.586 0.3000000119
20027  -36.825  -66.375  10.495 0.3000000119
20040  -36.219  -66.653  10.091 0.3000000119
20744  -36.496  -65.736  10.336 0.3000000119
20038  -34.594  -66.194  9.422 0.3000000119
141857  -35.136  -65.799  9.609 0.3000000119
21476  -34.801  -64.517  9.292 0.2000000030
20751  -33.992  -64.757  9.030 0.1000000015
21483  -34.279  -63.900  8.810 0.1000000015
22264  -35.463  -62.970  8.716 0.1000000015
21481  -32.730  -64.353  8.270 0.1000000015
22277  -34.235  -62.744  7.751 0.1000000015
22275  -32.631  -63.583  7.433 0.1000000015
22288  -33.145  -63.085  6.801 0.1000000015
22286  -31.406  -63.652  6.245 0.1000000015
22340  -30.291  -63.577  4.593 0.2000000030
22341  -31.067  -63.081  4.869 0.2000000030
22363  -30.070  -63.240  3.758 0.2000000030
135068  -29.539  -63.029  2.069 0.1000000015
23162  -31.075  -62.348  3.491 0.1000000015
23180  -30.375  -62.094  1.953 0.1000000015
143548  -30.186  -62.178  -0.160 0.1000000015
23967  -30.767  -61.621  1.384 0.1000000015
23977  -30.604  -61.565  0.603 0.1000000015
23987  -31.061  -61.066  0.149 0.1000000015
23978  -31.159  -61.190  0.859 0.1000000015
24798  -31.605  -60.556  -0.167 0.1000000015
25668  -33.007  -59.825  -0.802 0.1000000015
26490  -34.051  -58.989  0.889 0.1000000015
25632  -33.744  -59.386  1.316 0.1000000015
26480  -35.018  -58.892  2.004 0.1000000015
26492  -35.123  -58.319  1.388 0.1000000015
26481  -35.655  -58.201  1.913 0.1000000015
27324  -36.232  -57.752  2.035 0.1000000015
129044  -36.582  -57.052  1.785 0.1000000015
12229  -41.071  -76.620  3.990 0.2000000030
10661  -40.144  -77.906  4.081 0.2000000030
13079  -41.776  -75.606  3.774 0.2000000030
13060  -39.459  -75.260  4.125 0.3000000119
14872  -42.405  -73.880  4.414 0.2000000030
13983  -41.259  -74.310  3.887 0.3000000119
13982  -39.892  -74.243  4.283 0.3000000119
17164  -36.268  -70.899  6.757 0.3000000119
16432  -36.935  -71.279  6.328 0.3000000119
15722  -39.087  -72.890  5.052 0.3000000119
18649  -36.742  -68.977  9.007 0.3000000119
17909  -36.323  -69.470  8.358 0.3000000119
17922  -36.874  -70.042  7.900 0.3000000119
17165  -37.149  -70.849  6.869 0.3000000119
16433  -37.705  -71.147  6.361 0.3000000119
138493  -38.149  -71.450  5.978 0.3000000119
19357  -37.541  -67.476  10.626 0.3000000119
19363  -37.178  -67.961  10.059 0.3000000119
17166  -38.011  -70.728  7.066 0.3000000119
134237  -38.460  -71.249  6.421 0.3000000119
16452  -38.868  -71.683  5.940 0.2000000030
15706  -39.551  -72.252  5.443 0.2000000030
20016  -37.784  -66.073  11.315 0.2000000030
20028  -37.338  -66.641  10.814 0.2000000030
20736  -37.217  -65.670  10.752 0.3000000119
21469  -36.898  -64.820  10.424 0.3000000119
121004  -36.114  -65.017  9.968 0.3000000119
21478  -36.420  -64.197  9.893 0.2000000030
22246  -36.821  -63.451  9.659 0.2000000030
22245  -35.938  -63.546  9.346 0.1000000015
22265  -36.425  -62.773  8.938 0.1000000015
23076  -36.833  -61.814  7.323 0.1000000015
23914  -38.965  -61.603  6.981 0.1000000015
23128  -40.156  -62.349  5.719 0.1000000015
23075  -35.981  -62.151  7.583 0.1000000015
23097  -36.900  -61.920  6.312 0.1000000015
23098  -37.710  -61.925  6.158 0.1000000015
22318  -39.562  -62.996  5.033 0.1000000015
22319  -40.569  -63.045  5.088 0.1000000015
21533  -42.474  -65.196  4.210 0.1000000015
23074  -33.917  -62.646  6.993 0.1000000015
23096  -35.438  -62.377  6.336 0.1000000015
23125  -37.161  -62.414  5.576 0.1000000015
22317  -38.563  -63.075  5.011 0.1000000015
21530  -39.447  -64.623  4.148 0.1000000015
21531  -40.473  -64.615  4.142 0.1000000015
23093  -32.913  -62.979  6.026 0.1000000015
23094  -33.724  -62.771  6.092 0.1000000015
22312  -32.128  -63.180  5.764 0.1000000015
23119  -31.870  -62.746  5.068 0.2000000030
23146  -31.530  -62.601  4.268 0.1000000015
23163  -32.096  -62.344  3.424 0.1000000015
23956  -31.024  -61.727  2.109 0.1000000015
23957  -31.802  -61.714  1.913 0.1000000015
23968  -31.389  -61.427  1.420 0.1000000015
24780  -31.665  -60.935  0.988 0.1000000015
24781  -32.221  -60.405  0.845 0.1000000015
25631  -32.955  -59.803  1.126 0.1000000015
24783  -33.482  -60.118  1.644 0.1000000015
133492  -35.685  -58.948  2.387 0.1000000015
26482  -36.321  -58.369  2.346 0.1000000015
132043  -43.306  -71.516  7.028 0.2000000030
134774  -41.546  -72.944  4.745 0.2000000030
14870  -40.674  -73.686  4.354 0.3000000119
14869  -38.778  -73.590  4.573 0.3000000119
17152  -43.201  -70.936  7.565 0.2000000030
16437  -43.064  -71.849  6.245 0.2000000030
15707  -40.850  -72.355  5.364 0.2000000030
15723  -40.449  -72.983  4.825 0.3000000119
134185  -39.727  -73.434  4.625 0.3000000119
140900  -37.495  -69.340  8.871 0.3000000119
141109  -37.830  -69.679  8.465 0.3000000119
17923  -37.772  -70.126  7.917 0.3000000119
17150  -38.680  -70.439  7.687 0.3000000119
18636  -37.877  -68.229  10.220 0.3000000119
18643  -38.412  -68.821  9.789 0.3000000119
17911  -38.444  -69.956  8.342 0.3000000119
17135  -39.250  -70.209  8.240 0.3000000119
17167  -39.087  -71.108  7.003 0.3000000119
20018  -38.961  -66.733  12.097 0.2000000030
19358  -38.202  -67.805  10.868 0.3000000119
16434  -39.170  -71.457  6.336 0.2000000030
16453  -39.801  -71.761  5.865 0.2000000030
20017  -38.437  -66.475  11.672 0.2000000030
20731  -38.445  -65.529  11.629 0.2000000030
20737  -37.880  -65.018  11.138 0.3000000119
21460  -38.699  -64.649  11.377 0.3000000119
141319  -37.415  -64.956  10.716 0.3000000119
21479  -37.080  -63.998  10.240 0.2000000030
21471  -38.442  -64.160  10.780 0.3000000119
22231  -38.295  -63.672  10.341 0.2000000030
23051  -38.262  -62.834  9.473 0.2000000030
23062  -38.660  -62.401  8.986 0.1000000015
22314  -35.714  -63.466  4.646 0.1000000015
22315  -36.506  -63.251  4.941 0.1000000015
124831  -37.161  -63.865  4.490 0.1000000015
21529  -38.512  -64.558  4.103 0.1000000015
23122  -34.327  -63.005  5.190 0.1000000015
22313  -35.054  -63.379  4.639 0.1000000015
126904  -36.130  -63.868  4.263 0.1000000015
21552  -37.202  -64.846  3.317 0.1000000015
23148  -33.486  -62.812  4.561 0.1000000015
22342  -34.361  -63.402  3.929 0.1000000015
22366  -35.400  -64.114  2.668 0.1000000015
21551  -36.249  -64.515  2.772 0.1000000015
23147  -32.441  -62.576  4.446 0.1000000015
138048  -33.730  -62.986  3.599 0.1000000015
22386  -34.403  -63.479  1.897 0.1000000015
22385  -33.889  -63.062  1.753 0.1000000015
23164  -32.877  -62.409  2.841 0.1000000015
23183  -33.228  -62.529  1.996 0.1000000015
23193  -33.645  -62.606  1.744 0.1000000015
136970  -32.816  -62.096  1.709 0.1000000015
23969  -32.125  -61.184  1.399 0.1000000015
133077  -32.959  -61.356  1.529 0.1000000015
25633  -34.343  -59.491  1.916 0.1000000015
125375  -43.835  -70.454  10.390 0.3000000119
120359  -43.097  -70.424  8.810 0.3000000119
17137  -42.536  -70.587  8.256 0.3000000119
119493  -41.975  -70.940  7.613 0.2000000030
141397  -40.735  -71.406  6.531 0.2000000030
16454  -40.755  -71.764  5.977 0.2000000030
17131  -42.034  -70.170  8.971 0.3000000119
122066  -40.649  -70.715  7.599 0.3000000119
17168  -40.164  -71.090  7.036 0.3000000119
17897  -39.707  -69.153  10.171 0.3000000119
17912  -39.914  -69.996  8.798 0.3000000119
16435  -39.887  -71.421  6.433 0.2000000030
19340  -39.353  -67.387  12.267 0.2000000030
18630  -38.851  -68.246  11.021 0.3000000119
125744  -39.651  -68.752  10.985 0.3000000119
20001  -39.529  -66.449  12.628 0.2000000030
20726  -40.074  -65.672  12.974 0.2000000030
20725  -39.551  -65.447  12.385 0.2000000030
20732  -39.102  -65.094  11.881 0.2000000030
21461  -39.370  -64.430  11.459 0.3000000119
21472  -39.199  -63.965  10.931 0.2000000030
22232  -38.941  -63.539  10.382 0.2000000030
22400  -34.578  -63.286  1.360 0.1000000015
23971  -34.304  -62.286  1.594 0.1000000015
129062  -33.732  -61.296  1.727 0.1000000015
16397  -43.276  -71.503  12.087 0.1000000015
16392  -43.910  -70.926  12.523 0.2000000030
16398  -43.965  -70.545  11.468 0.3000000119
17127  -43.659  -70.333  10.236 0.3000000119
17899  -42.691  -69.819  10.502 0.3000000119
17898  -40.507  -69.321  10.626 0.3000000119
119294  -41.582  -69.510  10.801 0.3000000119
18620  -39.919  -68.022  12.443 0.3000000119
18632  -40.102  -68.667  11.811 0.3000000119
141951  -40.267  -69.011  11.260 0.3000000119
17891  -40.968  -69.287  11.628 0.3000000119
19330  -40.688  -67.331  13.432 0.2000000030
20002  -40.268  -66.572  13.284 0.2000000030
21448  -39.813  -64.651  11.874 0.2000000030
21439  -41.389  -65.102  13.649 0.1000000015
128604  -40.780  -64.487  12.561 0.2000000030
21462  -40.560  -64.236  11.879 0.2000000030
21463  -41.407  -64.014  12.080 0.2000000030
22219  -40.997  -63.692  11.273 0.3000000119
17884  -44.075  -69.984  12.141 0.3000000119
17893  -43.702  -69.882  11.234 0.3000000119
121577  -43.314  -69.715  12.261 0.3000000119
17892  -42.351  -69.568  11.469 0.3000000119
18609  -41.189  -68.041  13.395 0.3000000119
17881  -40.850  -68.581  12.551 0.3000000119
19331  -41.687  -67.635  14.178 0.2000000030
19995  -41.191  -66.767  13.953 0.2000000030
20712  -42.773  -66.326  15.347 0.1000000015
21424  -42.433  -65.273  14.453 0.1000000015
21440  -42.762  -64.634  13.941 0.1000000015
123480  -42.021  -64.590  13.436 0.1000000015
127795  -41.952  -64.181  12.661 0.1000000015
123856  -44.111  -69.955  13.376 0.3000000119
17093  -44.074  -70.058  15.470 0.2000000030
17882  -42.006  -69.245  12.366 0.3000000119
17883  -43.000  -69.445  13.148 0.3000000119
18610  -42.265  -68.401  14.099 0.2000000030
19309  -44.075  -68.439  16.874 0.2000000030
19332  -43.041  -68.287  15.306 0.2000000030
19975  -44.251  -67.290  17.093 0.1000000015
19985  -44.209  -67.431  16.852 0.1000000015
19968  -44.018  -67.374  17.352 0.1000000015
20713  -43.725  -66.061  15.867 0.1000000015
20703  -44.671  -66.585  17.192 0.1000000015
21425  -43.562  -65.131  14.997 0.1000000015
21441  -43.596  -64.509  14.078 0.1000000015
17870  -44.046  -69.861  14.943 0.2000000030
17083  -44.214  -69.742  15.984 0.2000000030
17869  -43.828  -69.585  14.021 0.2000000030
18591  -44.114  -69.331  16.323 0.2000000030
18611  -43.444  -69.143  14.862 0.2000000030
19300  -44.020  -68.117  17.140 0.1000000015
19969  -44.707  -66.684  17.225 0.1000000015
20704  -45.145  -66.226  17.322 0.1000000015
20714  -44.957  -66.172  16.686 0.1000000015
20715  -45.891  -65.922  17.184 0.1000000015
21426  -45.030  -65.345  15.518 0.1000000015
21403  -43.227  -65.655  17.012 0.1000000015
20695  -44.980  -66.197  17.449 0.1000000015
21405  -45.001  -65.503  17.335 0.1000000015
20696  -45.697  -65.943  17.300 0.1000000015
128432  -41.992  -65.337  16.416 0.1000000015
21413  -43.538  -64.764  16.630 0.1000000015
14914  -36.328  -73.105  -0.366 0.4000000060
15757  -35.628  -72.339  0.372 0.5000000000
16498  -35.412  -71.666  0.373 0.5000000000
14908  -35.662  -73.323  0.212 0.4000000060
16499  -35.833  -71.852  -0.051 0.5000000000
15758  -36.092  -72.390  -0.168 0.6000000238
14051  -36.429  -74.005  -0.596 0.5000000000
141633  -35.025  -75.094  0.906 0.4000000060
13155  -40.382  -76.246  -1.524 0.5000000000
14915  -37.103  -73.074  -0.734 0.5000000000
127536  -38.143  -75.942  -1.449 0.5000000000
14061  -38.850  -74.238  -1.483 0.5000000000
128383  -40.913  -75.224  -1.607 0.3000000119
14085  -42.273  -74.694  -2.843 0.5000000000
13153  -37.921  -74.758  -1.215 0.5000000000
11491  -40.070  -78.053  -1.848 0.5000000000
133334  -34.779  -70.529  -0.085 0.4000000060
14972  -39.715  -73.251  -4.114 0.5000000000
141913  -38.707  -73.215  -6.235 0.4000000060
15022  -39.402  -73.012  -7.551 0.4000000060
15817  -37.545  -72.668  -6.654 0.4000000060
123345  -37.076  -71.237  -7.481 0.3000000119
16556  -37.022  -72.095  -7.085 0.4000000060
135671  -35.962  -73.707  -0.270 0.4000000060
17223  -33.918  -70.207  0.241 0.3000000119
17238  -35.932  -71.052  -0.824 0.4000000060
16504  -37.033  -71.760  -0.937 0.6000000238
18687  -31.310  -68.850  3.831 0.3000000119
17973  -32.712  -69.439  1.404 0.4000000060
124898  -33.194  -69.547  0.093 0.4000000060
17237  -35.487  -70.696  -1.054 0.5000000000
16507  -36.898  -71.550  -1.553 0.6000000238
14925  -38.633  -73.218  -1.562 0.6000000238
14924  -37.836  -73.085  -1.134 0.6000000238
14052  -37.394  -73.880  -0.971 0.6000000238
14927  -40.443  -74.233  -1.867 0.5000000000
17236  -34.767  -70.492  -1.364 0.4000000060
16518  -35.722  -71.222  -2.254 0.5000000000
15774  -37.833  -72.223  -2.999 0.6000000238
16520  -37.414  -71.802  -2.236 0.5000000000
15776  -39.289  -72.914  -2.499 0.5000000000
15765  -39.214  -73.151  -1.957 0.5000000000
14955  -40.088  -73.122  -2.996 0.5000000000
14926  -39.509  -73.793  -1.755 0.5000000000
18706  -32.265  -68.845  1.216 0.4000000060
17248  -34.474  -70.608  -2.177 0.5000000000
16532  -36.434  -71.836  -3.458 0.5000000000
15788  -37.783  -72.327  -3.746 0.4000000060
143325  -37.490  -72.192  -3.412 0.5000000000
15797  -38.991  -72.733  -3.879 0.5000000000
18730  -32.301  -68.774  -0.953 0.4000000060
18718  -31.668  -68.355  -0.284 0.3000000119
17247  -33.535  -70.274  -2.688 0.5000000000
17255  -34.967  -71.106  -2.602 0.5000000000
128270  -35.158  -71.499  -3.964 0.5000000000
15795  -37.353  -72.513  -4.555 0.4000000060
122718  -38.017  -72.995  -4.826 0.5000000000
16530  -34.676  -71.250  -3.594 0.5000000000
16536  -35.280  -71.589  -4.643 0.4000000060
15806  -36.598  -72.442  -5.577 0.4000000060
135349  -35.918  -72.037  -5.744 0.4000000060
17273  -33.680  -70.310  -5.150 0.4000000060
17262  -33.302  -70.113  -4.545 0.4000000060
16535  -34.599  -71.263  -4.480 0.4000000060
16554  -36.320  -72.008  -6.437 0.4000000060
13978  -35.078  -74.161  3.667 0.5000000000
138830  -35.178  -75.427  1.657 0.4000000060
13145  -37.008  -75.748  -1.126 0.5000000000
17179  -34.153  -71.198  5.922 0.5000000000
13144  -36.059  -75.296  -0.459 0.5000000000
18670  -32.134  -68.958  6.778 0.3000000119
20066  -30.797  -66.881  7.088 0.2000000030
18686  -30.808  -68.362  4.156 0.3000000119
18700  -31.333  -68.542  2.220 0.4000000060
19409  -30.528  -67.855  3.583 0.3000000119
140646  -30.025  -66.779  4.523 0.3000000119
129836  -30.151  -66.929  1.981 0.3000000119
20128  -30.123  -66.766  1.114 0.3000000119
19427  -30.857  -67.714  0.015 0.3000000119
18738  -32.064  -68.719  -1.853 0.3000000119
18012  -32.755  -69.591  -3.230 0.3000000119
18737  -31.607  -68.099  -2.325 0.3000000119
19432  -30.705  -67.143  -0.700 0.2000000030
18743  -31.764  -67.956  -3.275 0.3000000119
18018  -32.467  -68.990  -3.949 0.3000000119
18750  -32.820  -68.626  -4.693 0.3000000119
19460  -31.669  -67.162  -3.468 0.2000000030
18758  -33.589  -68.584  -5.466 0.3000000119
18028  -33.983  -69.486  -5.729 0.4000000060
18035  -34.741  -69.675  -6.317 0.4000000060
20184  -33.328  -66.902  -5.108 0.2000000030
18759  -34.306  -68.165  -5.855 0.3000000119
19488  -35.101  -68.002  -6.256 0.2000000030
20193  -34.341  -66.774  -5.416 0.2000000030
22458  -33.912  -63.741  -4.279 0.1000000015
23251  -32.832  -62.820  -3.245 0.1000000015
13979  -35.902  -74.441  4.183 0.4000000060
14866  -35.187  -73.636  4.333 0.4000000060
13990  -35.402  -74.751  3.381 0.5000000000
12251  -35.423  -76.266  1.782 0.4000000060
13128  -35.517  -75.998  0.211 0.5000000000
19371  -32.387  -67.806  7.984 0.3000000119
20050  -32.443  -66.386  8.469 0.2000000030
20059  -30.810  -66.171  7.291 0.2000000030
20759  -31.390  -65.703  7.761 0.1000000015
130860  -32.890  -65.699  8.663 0.1000000015
20096  -29.620  -66.025  4.202 0.2000000030
21510  -29.841  -64.886  5.141 0.2000000030
20127  -29.755  -66.274  1.478 0.2000000030
20827  -29.511  -65.442  2.607 0.2000000030
20143  -30.316  -66.368  -0.498 0.2000000030
142833  -29.873  -66.304  0.936 0.2000000030
121123  -29.396  -64.618  2.121 0.2000000030
20179  -31.470  -66.527  -3.231 0.2000000030
20857  -29.739  -64.838  0.290 0.1000000015
21602  -29.910  -64.822  -0.608 0.1000000015
21611  -30.278  -64.773  -1.426 0.1000000015
20882  -30.543  -65.538  -1.909 0.2000000030
132832  -31.288  -65.877  -3.041 0.2000000030
124508  -30.399  -63.944  -1.796 0.1000000015
22414  -29.847  -63.222  -0.511 0.1000000015
21628  -31.214  -64.666  -2.831 0.1000000015
20894  -31.476  -65.286  -3.228 0.1000000015
21645  -32.461  -64.490  -3.642 0.1000000015
20902  -33.847  -65.340  -4.679 0.1000000015
23221  -30.649  -62.471  -1.451 0.1000000015
22452  -32.644  -63.646  -3.469 0.1000000015
21646  -33.205  -64.157  -4.009 0.1000000015
23235  -32.129  -62.387  -2.669 0.1000000015
24015  -32.541  -61.511  -2.369 0.1000000015
121122  -33.312  -61.330  -2.547 0.1000000015
24812  -33.482  -60.212  -1.464 0.1000000015
10666  -38.063  -78.297  3.254 0.3000000119
11425  -37.215  -78.444  2.480 0.3000000119
13076  -38.718  -75.920  4.157 0.3000000119
12253  -37.144  -77.342  2.963 0.3000000119
12252  -36.198  -76.635  2.627 0.3000000119
13096  -36.167  -76.004  3.147 0.3000000119
13074  -36.599  -75.556  3.585 0.3000000119
13991  -36.817  -74.962  4.042 0.3000000119
15719  -35.731  -72.979  4.858 0.4000000060
15720  -36.756  -72.905  5.014 0.4000000060
132468  -37.112  -73.481  4.790 0.4000000060
120602  -36.883  -74.246  4.548 0.4000000060
16449  -35.697  -71.803  5.750 0.4000000060
17908  -35.302  -69.309  8.107 0.4000000060
20743  -35.814  -65.820  9.894 0.3000000119
21482  -33.489  -64.117  8.572 0.1000000015
137103  -32.199  -64.195  7.686 0.1000000015
22274  -31.723  -63.784  7.119 0.1000000015
21549  -29.603  -64.391  3.639 0.2000000030
22287  -32.259  -63.382  6.632 0.1000000015
22310  -30.732  -63.768  5.533 0.2000000030
22362  -29.649  -63.587  3.357 0.1000000015
22384  -29.568  -63.285  2.696 0.1000000015
21593  -29.445  -64.022  0.684 0.1000000015
22407  -29.474  -63.282  1.270 0.1000000015
23192  -30.174  -62.009  1.103 0.1000000015
23213  -30.246  -62.407  -0.702 0.1000000015
23986  -30.537  -61.675  -0.229 0.1000000015
23999  -31.438  -61.294  -1.331 0.1000000015
24014  -31.756  -61.729  -2.008 0.1000000015
24810  -31.794  -60.614  -0.925 0.1000000015
25640  -32.615  -59.803  0.446 0.1000000015
133922  -33.395  -59.400  0.693 0.1000000015
12241  -40.579  -76.554  3.839 0.2000000030
13077  -40.380  -75.748  3.716 0.2000000030
10668  -39.662  -78.580  3.946 0.2000000030
13981  -38.646  -74.453  4.365 0.3000000119
17148  -36.574  -70.449  7.333 0.3000000119
123276  -36.818  -68.318  9.568 0.3000000119
19362  -36.512  -67.602  9.857 0.3000000119
21477  -35.643  -64.352  9.551 0.1000000015
22263  -34.620  -63.117  8.466 0.1000000015
22244  -35.086  -63.696  9.080 0.1000000015
130003  -35.865  -62.465  8.301 0.1000000015
23059  -35.133  -62.465  7.917 0.1000000015
22261  -33.095  -63.703  8.072 0.1000000015
22276  -33.478  -63.196  7.556 0.1000000015
136293  -35.478  -62.216  7.103 0.1000000015
22311  -31.440  -63.300  5.489 0.1000000015
23160  -29.797  -63.009  3.168 0.1000000015
122098  -30.643  -62.148  2.760 0.1000000015
23181  -31.447  -61.972  2.733 0.1000000015
24790  -31.593  -60.684  0.451 0.1000000015
12242  -41.348  -76.263  3.839 0.2000000030
13984  -42.266  -74.557  4.164 0.2000000030
128591  -42.115  -74.462  4.020 0.2000000030
13078  -41.236  -75.774  3.697 0.3000000119
14871  -41.676  -73.647  4.315 0.2000000030
121154  -37.544  -68.743  9.497 0.3000000119
17910  -37.199  -69.587  8.401 0.3000000119
17149  -37.281  -70.458  7.433 0.3000000119
19352  -37.909  -67.011  11.259 0.3000000119
22247  -37.766  -63.450  9.958 0.2000000030
23050  -37.364  -62.811  9.339 0.1000000015
142367  -37.070  -62.290  8.788 0.1000000015
23060  -36.545  -62.119  8.233 0.1000000015
23906  -37.737  -61.664  7.540 0.1000000015
23905  -37.446  -61.702  6.791 0.1000000015
23100  -39.468  -61.932  6.324 0.1000000015
23099  -38.575  -61.903  6.196 0.1000000015
23127  -39.075  -62.388  5.591 0.1000000015
124044  -36.143  -62.080  6.689 0.1000000015
23126  -38.102  -62.445  5.554 0.1000000015
22347  -40.016  -63.748  4.542 0.1000000015
22346  -39.020  -63.775  4.536 0.1000000015
22348  -41.009  -63.806  4.507 0.1000000015
21532  -41.469  -64.778  4.168 0.1000000015
23095  -34.594  -62.618  6.157 0.1000000015
23124  -36.255  -62.374  5.818 0.1000000015
23123  -35.427  -62.902  5.351 0.1000000015
22316  -37.587  -63.109  4.971 0.1000000015
22345  -38.065  -63.822  4.519 0.1000000015
21556  -40.991  -65.493  3.691 0.1000000015
23121  -33.459  -62.806  5.455 0.1000000015
23120  -32.717  -62.735  5.268 0.1000000015
23182  -32.383  -62.136  2.295 0.1000000015
24782  -32.711  -60.457  1.286 0.1000000015
17139  -43.550  -71.071  7.847 0.2000000030
16421  -42.711  -71.300  6.883 0.2000000030
16455  -42.675  -72.248  5.691 0.2000000030
17138  -43.488  -70.792  8.350 0.3000000119
16436  -41.879  -71.663  6.237 0.2000000030
17903  -38.250  -69.469  9.051 0.3000000119
17151  -39.608  -70.602  7.595 0.3000000119
18637  -38.470  -68.377  10.427 0.3000000119
17904  -39.191  -69.435  9.501 0.3000000119
120564  -40.035  -70.349  8.129 0.3000000119
19353  -38.683  -67.433  11.600 0.3000000119
20000  -38.923  -65.946  12.160 0.2000000030
21470  -37.672  -64.279  10.551 0.2000000030
23052  -39.042  -62.818  9.495 0.2000000030
23898  -38.203  -61.925  8.362 0.1000000015
140301  -36.612  -63.860  4.407 0.1000000015
21554  -38.960  -65.294  3.617 0.1000000015
22343  -35.323  -63.807  3.829 0.1000000015
22344  -36.666  -64.408  3.954 0.1000000015
22367  -35.958  -64.231  3.595 0.1000000015
22365  -34.082  -63.322  2.739 0.1000000015
22364  -33.492  -62.731  2.811 0.1000000015
23970  -33.540  -62.241  1.615 0.1000000015
17132  -43.599  -70.601  9.124 0.3000000119
16411  -43.757  -70.882  8.693 0.3000000119
17900  -42.875  -70.202  9.556 0.3000000119
17136  -41.088  -70.428  8.365 0.3000000119
17905  -40.914  -70.011  9.129 0.3000000119
123809  -39.050  -68.770  10.262 0.3000000119
127088  -40.270  -69.562  9.655 0.3000000119
119934  -41.545  -69.758  9.879 0.3000000119
19341  -39.941  -67.289  12.914 0.3000000119
18631  -39.349  -68.123  11.759 0.3000000119
21449  -40.180  -64.893  12.473 0.2000000030
22218  -40.033  -63.869  11.220 0.2000000030
22233  -39.727  -63.448  10.446 0.2000000030
22250  -40.251  -63.000  9.785 0.2000000030
15630  -42.557  -72.219  11.561 0.1000000015
17121  -44.141  -70.250  12.256 0.2000000030
17124  -44.092  -70.046  11.212 0.3000000119
128314  -40.425  -67.861  12.994 0.3000000119
20721  -40.780  -65.790  13.586 0.2000000030
21438  -40.634  -64.964  13.153 0.1000000015
21450  -41.269  -64.492  12.989 0.2000000030
126956  -44.172  -70.178  13.062 0.3000000119
18621  -41.946  -68.773  13.195 0.3000000119
19319  -42.631  -67.311  15.276 0.2000000030
20722  -41.685  -66.026  14.386 0.1000000015
18622  -42.807  -69.093  13.849 0.3000000119
139008  -44.348  -66.246  17.494 0.1000000015
17842  -43.933  -69.493  16.462 0.2000000030
18612  -44.204  -69.611  15.917 0.2000000030
19299  -43.325  -67.744  17.203 0.1000000015
21404  -44.335  -65.782  17.468 0.1000000015
13162  -42.191  -75.619  -2.667 0.3000000119
13175  -41.728  -75.917  -3.418 0.3000000119
13253  -38.916  -76.069  -7.345 0.2000000030
13272  -36.962  -76.110  -8.480 0.2000000030
13174  -40.685  -75.994  -3.571 0.4000000060
13218  -40.343  -75.672  -5.519 0.3000000119
122088  -42.735  -74.949  -3.802 0.4000000060
13219  -41.067  -75.919  -5.136 0.3000000119
13217  -39.234  -75.338  -5.472 0.3000000119
139986  -42.487  -74.672  -3.401 0.4000000060
127561  -41.621  -75.804  -5.223 0.4000000060
13237  -40.198  -75.825  -6.226 0.3000000119
12377  -38.669  -76.850  -7.838 0.2000000030
14100  -42.530  -74.610  -4.698 0.4000000060
13197  -42.550  -75.201  -4.392 0.4000000060
13238  -41.206  -76.153  -6.101 0.4000000060
14958  -42.387  -74.355  -3.992 0.4000000060
14974  -41.747  -73.809  -4.108 0.4000000060
13254  -39.990  -76.815  -6.912 0.3000000119
12378  -39.531  -77.688  -7.568 0.3000000119
14118  -42.530  -74.578  -5.434 0.4000000060
13239  -41.773  -75.784  -6.047 0.4000000060
12369  -41.194  -76.709  -6.753 0.3000000119
12379  -40.188  -77.622  -7.436 0.4000000060
14992  -41.165  -73.674  -5.380 0.4000000060
12380  -40.618  -77.223  -7.258 0.3000000119
120618  -40.340  -73.540  -4.689 0.4000000060
14137  -42.563  -74.273  -6.157 0.4000000060
13240  -42.487  -75.065  -5.708 0.4000000060
13256  -41.673  -75.900  -6.786 0.4000000060
13257  -42.400  -75.019  -6.461 0.4000000060
13255  -41.218  -76.717  -7.250 0.3000000119
15010  -40.670  -73.502  -6.338 0.4000000060
15012  -42.451  -73.870  -6.282 0.4000000060
13274  -41.568  -75.589  -7.461 0.4000000060
15011  -41.914  -73.594  -6.238 0.4000000060
15025  -42.468  -73.538  -7.116 0.4000000060
14155  -42.609  -74.078  -6.806 0.4000000060
14154  -42.244  -74.823  -7.153 0.4000000060
13273  -40.891  -75.740  -8.190 0.3000000119
15024  -41.419  -73.331  -7.095 0.4000000060
14174  -42.497  -73.738  -7.481 0.4000000060
14173  -41.822  -74.498  -7.997 0.4000000060
13286  -39.985  -76.340  -8.852 0.2000000030
15023  -40.226  -73.286  -7.162 0.3000000119
15825  -40.597  -72.949  -7.762 0.4000000060
15826  -42.304  -72.865  -7.650 0.4000000060
15032  -42.798  -72.787  -8.091 0.4000000060
15031  -42.477  -73.428  -8.122 0.4000000060
125941  -40.251  -75.163  -9.221 0.2000000030
14182  -40.885  -74.429  -8.959 0.2000000030
13294  -39.703  -75.276  -9.990 0.3000000119
15824  -38.625  -72.415  -7.773 0.3000000119
15831  -41.051  -72.410  -8.218 0.3000000119
15039  -42.342  -72.991  -9.089 0.3000000119
14195  -40.290  -74.341  -10.092 0.2000000030
14183  -41.688  -73.722  -8.718 0.2000000030
12414  -39.147  -76.120  -11.621 0.2000000030
15830  -39.775  -72.514  -8.163 0.3000000119
15827  -42.782  -72.804  -7.857 0.4000000060
15038  -41.190  -73.596  -9.615 0.1000000015
16558  -38.436  -71.556  -8.123 0.3000000119
130805  -40.273  -72.010  -8.445 0.3000000119
16566  -42.884  -71.507  -8.640 0.2000000030
130564  -43.450  -72.051  -8.679 0.2000000030
14194  -39.764  -74.716  -10.844 0.1000000015
17292  -42.380  -70.626  -9.054 0.2000000030
15854  -42.993  -71.616  -9.400 0.1000000015
15049  -41.545  -72.852  -10.221 0.1000000015
14211  -40.298  -74.137  -11.367 0.1000000015
14210  -39.896  -74.753  -11.801 0.1000000015
139805  -37.873  -70.837  -8.036 0.2000000030
17290  -39.036  -70.703  -8.343 0.3000000119
16564  -40.314  -71.126  -8.680 0.3000000119
139270  -36.862  -69.142  -7.250 0.2000000030
131505  -38.474  -69.949  -8.062 0.1000000015
18055  -40.951  -70.137  -8.940 0.2000000030
16576  -43.252  -71.374  -8.915 0.1000000015
130263  -41.734  -72.328  -10.850 0.1000000015
133011  -40.532  -74.126  -12.586 0.1000000015
14224  -40.254  -74.800  -12.927 0.1000000015
18042  -37.572  -69.072  -7.452 0.2000000030
18053  -39.207  -69.590  -8.245 0.2000000030
18054  -40.163  -69.288  -8.549 0.2000000030
18056  -41.672  -69.661  -9.301 0.1000000015
17303  -42.502  -70.281  -9.460 0.1000000015
16589  -42.777  -71.050  -9.884 0.1000000015
16588  -42.217  -71.597  -10.802 0.1000000015
15063  -40.906  -73.464  -12.137 0.1000000015
12437  -39.497  -75.886  -13.598 0.1000000015
18044  -39.281  -68.769  -8.224 0.1000000015
140803  -40.881  -69.447  -8.965 0.2000000030
18801  -41.961  -68.875  -9.541 0.1000000015
130773  -42.806  -69.763  -10.340 0.1000000015
16601  -42.028  -71.234  -12.477 0.1000000015
15082  -41.453  -72.733  -12.798 0.1000000015
15081  -41.209  -73.396  -13.528 0.1000000015
13320  -40.420  -74.702  -13.827 0.1000000015
128732  -39.087  -76.268  -15.205 0.1000000015
18068  -42.765  -69.081  -10.235 0.1000000015
16613  -42.328  -70.473  -12.718 0.1000000015
15884  -41.685  -71.758  -13.591 0.1000000015
13348  -40.597  -74.129  -15.286 0.1000000015
13347  -40.229  -74.779  -15.142 0.1000000015
22220  -41.885  -63.632  11.289 0.2000000030
18037  -36.250  -68.823  -6.822 0.2000000030
18770  -37.145  -68.421  -7.076 0.1000000015
18043  -38.454  -69.093  -7.828 0.1000000015
138514  -38.735  -68.374  -7.834 0.1000000015
18784  -40.936  -68.820  -9.042 0.1000000015
18782  -40.025  -68.401  -8.517 0.1000000015
19522  -42.527  -68.278  -10.162 0.1000000015
140559  -42.905  -69.358  -10.982 0.1000000015
143285  -40.481  -74.557  -14.586 0.1000000015
126300  -40.763  -74.150  -13.677 0.1000000015
18090  -42.633  -69.070  -11.970 0.1000000015
13195  -41.238  -75.746  -4.306 0.3000000119
13196  -42.086  -75.611  -4.331 0.4000000060
13221  -42.546  -75.021  -5.069 0.4000000060
12368  -40.763  -76.996  -6.828 0.3000000119
14993  -41.916  -73.787  -4.955 0.4000000060
132469  -42.123  -73.763  -5.628 0.4000000060
15832  -42.684  -72.257  -8.227 0.3000000119
13293  -39.397  -75.469  -11.011 0.2000000030
16563  -39.329  -71.819  -8.350 0.3000000119
16565  -41.519  -71.707  -8.480 0.3000000119
15048  -40.754  -73.473  -10.792 0.1000000015
15833  -43.030  -72.286  -8.535 0.4000000060
122711  -41.744  -70.958  -8.769 0.2000000030
16567  -43.325  -71.693  -8.836 0.2000000030
15853  -42.393  -72.214  -9.794 0.1000000015
13308  -39.618  -75.410  -12.192 0.1000000015
17291  -39.922  -70.121  -8.493 0.3000000119
126654  -42.795  -70.682  -9.481 0.1000000015
15871  -41.690  -72.097  -12.011 0.1000000015
13319  -39.889  -75.322  -13.215 0.1000000015
125249  -38.018  -68.248  -7.422 0.1000000015
17304  -42.671  -70.162  -9.735 0.1000000015
17314  -42.754  -70.405  -10.340 0.1000000015
12449  -39.627  -75.637  -14.611 0.1000000015
126203  -42.648  -69.947  -11.462 0.1000000015
18809  -42.914  -68.156  -10.869 0.1000000015
18783  -40.651  -67.926  -8.902 0.1000000015
9932  -38.058  -79.671  -2.534 0.3000000119
129505  -38.617  -78.608  -2.821 0.2000000030
11513  -37.460  -78.184  -3.329 0.3000000119
11514  -39.285  -78.022  -2.622 0.2000000030
10728  -37.869  -79.518  -1.518 0.4000000060
10743  -39.097  -79.091  -2.028 0.2000000030
10729  -38.884  -79.237  -1.925 0.4000000060
11503  -39.471  -78.663  -2.106 0.3000000119
12329  -38.186  -77.235  -3.372 0.2000000030
11490  -39.427  -78.436  -1.786 0.4000000060
12330  -39.366  -76.920  -3.085 0.2000000030
12328  -36.864  -77.164  -3.658 0.1000000015
12343  -37.346  -76.232  -3.891 0.1000000015
11515  -40.206  -77.928  -2.126 0.3000000119
12342  -36.321  -76.371  -4.111 0.1000000015
13172  -38.422  -76.048  -3.696 0.2000000030
124319  -36.797  -75.536  -4.478 0.1000000015
13192  -37.763  -75.477  -4.390 0.1000000015
13216  -37.314  -74.925  -5.218 0.1000000015
14117  -35.880  -74.643  -5.955 0.1000000015
13215  -36.337  -74.997  -5.133 0.1000000015
137174  -36.669  -74.776  -5.804 0.1000000015
14152  -35.767  -74.677  -6.976 0.1000000015
14136  -36.531  -74.757  -6.611 0.1000000015
11492  -40.570  -77.548  -1.898 0.3000000119
13193  -38.803  -75.451  -4.394 0.2000000030
119849  -38.231  -75.043  -5.016 0.2000000030
14153  -36.374  -74.961  -7.372 0.1000000015
14151  -34.908  -74.654  -7.401 0.1000000015
12318  -41.461  -76.769  -2.025 0.2000000030
138796  -40.984  -77.317  -2.134 0.3000000119
13173  -39.555  -75.973  -3.645 0.2000000030
120666  -38.191  -75.057  -5.948 0.2000000030
13234  -37.134  -75.104  -7.258 0.1000000015
13249  -35.025  -75.009  -8.099 0.1000000015
13250  -35.753  -75.061  -7.828 0.1000000015
12332  -41.367  -76.530  -2.562 0.3000000119
13194  -40.049  -75.594  -4.526 0.3000000119
135827  -41.285  -76.141  -1.669 0.2000000030
13236  -39.122  -75.566  -6.561 0.2000000030
130782  -38.101  -75.289  -7.005 0.1000000015
13270  -35.406  -75.380  -8.393 0.1000000015
13251  -36.680  -75.393  -7.927 0.1000000015
13252  -37.754  -75.867  -7.816 0.1000000015
12401  -34.736  -76.412  -9.288 0.1000000015
12333  -41.899  -76.107  -2.626 0.2000000030
133394  -36.986  -77.120  -8.830 0.1000000015
12388  -37.943  -77.031  -8.355 0.1000000015
12402  -35.576  -76.858  -9.299 0.1000000015
136323  -36.280  -77.201  -9.205 0.1000000015
13157  -42.023  -75.703  -2.224 0.2000000030
12389  -38.898  -77.845  -7.873 0.1000000015
11557  -37.685  -78.221  -8.611 0.1000000015
11558  -38.600  -78.319  -8.281 0.1000000015
11576  -33.920  -78.006  -9.652 0.1000000015
11577  -35.895  -78.024  -9.364 0.1000000015
11556  -36.832  -78.170  -9.102 0.1000000015
11542  -39.767  -78.146  -7.843 0.3000000119
10791  -36.568  -79.131  -9.375 0.1000000015
12309  -41.217  -76.929  -1.745 0.3000000119
10730  -39.587  -78.568  -1.984 0.3000000119
11504  -39.985  -78.209  -1.953 0.2000000030
12387  -36.205  -76.424  -8.873 0.1000000015
12331  -40.492  -76.832  -2.760 0.3000000119
126829  -33.928  -77.023  -9.449 0.1000000015
118866  -34.822  -77.757  -9.533 0.1000000015
11575  -33.199  -77.620  -9.637 0.1000000015
10790  -35.438  -78.897  -9.579 0.1000000015
11541  -39.329  -78.329  -7.985 0.2000000030
9977  -37.338  -79.785  -9.896 0.1000000015
9993  -37.177  -79.738  -10.613 0.1000000015
136226  -37.845  -79.390  -10.237 0.2000000030
10007  -36.181  -79.606  -11.903 0.1000000015
10793  -38.841  -79.103  -8.892 0.2000000030
10809  -38.461  -78.986  -9.714 0.2000000030
10008  -36.938  -79.449  -11.604 0.2000000030
10816  -38.215  -78.641  -10.820 0.1000000015
132627  -35.973  -79.387  -12.896 0.1000000015
138291  -37.602  -79.027  -11.262 0.2000000030
10768  -39.455  -78.371  -8.152 0.2000000030
11578  -39.150  -78.710  -9.201 0.1000000015
10824  -36.664  -79.081  -12.588 0.1000000015
10826  -37.943  -78.147  -11.879 0.1000000015
11543  -40.142  -77.842  -7.691 0.2000000030
11579  -39.553  -78.171  -8.681 0.2000000030
11588  -38.568  -78.027  -10.293 0.1000000015
11593  -38.380  -77.601  -11.458 0.1000000015
12405  -38.678  -76.900  -10.982 0.1000000015
12391  -40.579  -77.178  -7.720 0.2000000030
12390  -40.096  -77.785  -8.199 0.2000000030
12403  -39.650  -77.212  -9.098 0.2000000030
11589  -39.085  -77.343  -9.820 0.1000000015
131762  -39.091  -76.361  -10.682 0.1000000015
11604  -38.370  -77.352  -12.474 0.1000000015
10774  -39.007  -78.808  -8.446 0.1000000015
9961  -38.056  -79.355  -9.448 0.1000000015
9907  -37.936  -80.086  -1.789 0.2000000030
10754  -37.943  -79.206  -2.976 0.1000000015
9851  -38.700  -80.115  3.679 0.1000000015
15676  -43.365  -71.493  7.530 0.1000000015
12220  -41.661  -75.778  4.381 0.1000000015
12219  -40.914  -76.668  4.391 0.1000000015
15725  -42.493  -73.259  4.913 0.1000000015
12230  -41.587  -76.056  3.818 0.1000000015
124948  -43.123  -71.794  8.583 0.2000000030
15687  -43.308  -72.083  6.864 0.1000000015
135079  -41.220  -74.373  5.862 0.1000000015
16414  -43.514  -71.305  8.165 0.2000000030
16438  -43.192  -72.024  6.305 0.1000000015
14857  -42.593  -73.526  5.254 0.1000000015
13967  -42.477  -74.359  4.784 0.1000000015
13966  -41.618  -75.104  5.166 0.1000000015
9906  -37.340  -80.363  -1.119 0.2000000030
10673  -38.331  -79.551  2.911 0.1000000015
127589  -42.145  -75.028  4.345 0.1000000015
13968  -42.572  -73.797  4.713 0.1000000015
139799  -42.983  -72.242  5.852 0.1000000015
16406  -43.816  -70.909  9.549 0.2000000030
10667  -38.942  -79.289  3.583 0.1000000015
13047  -40.871  -76.180  5.132 0.1000000015
13965  -40.415  -75.592  5.538 0.1000000015
14849  -42.868  -72.619  5.848 0.1000000015
15686  -42.483  -72.478  7.560 0.1000000015
9245  -37.219  -80.877  -1.285 0.1000000015
9246  -37.549  -80.501  -1.865 0.1000000015
17092  -43.734  -70.237  15.472 0.1000000015
17111  -43.706  -70.670  14.892 0.1000000015
129793  -43.639  -71.146  14.247 0.1000000015
134013  -43.107  -71.413  14.525 0.1000000015
15617  -42.965  -72.627  13.958 0.1000000015
17112  -44.165  -70.346  14.249 0.1000000015
16385  -44.041  -70.711  13.354 0.1000000015
17868  -41.632  -70.448  14.357 0.1000000015
124294  -42.112  -71.378  14.284 0.1000000015
137469  -41.803  -73.081  14.204 0.1000000015
17110  -42.964  -70.909  14.999 0.1000000015
16383  -42.528  -72.303  14.192 0.1000000015
14775  -42.446  -73.261  13.682 0.1000000015
17851  -42.639  -70.110  15.247 0.1000000015
127273  -39.116  -71.790  13.409 0.1000000015
17867  -40.320  -69.961  13.828 0.1000000015
17109  -40.685  -70.882  13.660 0.1000000015
16382  -41.132  -71.918  13.744 0.1000000015
17850  -41.252  -69.520  14.645 0.1000000015
139591  -43.524  -69.776  15.897 0.1000000015
17107  -38.555  -70.213  13.415 0.1000000015
17108  -39.504  -70.509  13.509 0.1000000015
16381  -39.819  -71.420  13.468 0.1000000015
17866  -39.258  -69.607  13.629 0.1000000015
18590  -42.476  -69.225  15.776 0.1000000015
22234  -40.625  -63.390  10.511 0.1000000015
23054  -40.914  -62.803  9.213 0.1000000015
18589  -40.911  -68.592  15.040 0.1000000015
18581  -43.271  -68.740  16.649 0.1000000015
18582  -44.070  -69.010  16.643 0.1000000015
21464  -42.367  -63.846  12.008 0.1000000015
22249  -39.381  -63.117  9.887 0.1000000015
134363  -39.663  -62.795  9.479 0.1000000015
133252  -42.224  -63.488  10.649 0.1000000015
127189  -41.900  -62.677  8.300 0.1000000015
23053  -40.142  -62.592  9.085 0.1000000015
134698  -41.334  -62.710  8.639 0.1000000015
16380  -38.815  -71.063  13.355 0.1000000015
127274  -38.293  -71.656  13.395 0.1000000015
130384  -39.420  -62.464  8.982 0.1000000015
16391  -43.388  -71.670  13.423 0.1000000015
15619  -42.826  -72.464  12.903 0.1000000015
17852  -44.160  -69.800  16.088 0.1000000015
16384  -43.047  -72.135  14.136 0.1000000015
15616  -42.600  -72.929  14.116 0.1000000015
22251  -41.217  -63.050  9.900 0.1000000015
23063  -40.664  -62.530  8.506 0.1000000015
136630  -35.831  -68.200  -6.507 0.1000000015
19489  -35.904  -67.515  -6.320 0.1000000015
136895  -35.392  -67.273  -5.952 0.1000000015
9889  -34.826  -80.232  -0.810 0.1000000015
121146  -34.856  -79.687  -2.035 0.1000000015
9905  -35.531  -80.135  -2.170 0.1000000015
10711  -34.401  -79.343  -0.484 0.1000000015
10726  -34.442  -79.387  -1.440 0.1000000015
10742  -34.341  -78.852  -2.323 0.1000000015
9904  -35.201  -80.412  -1.458 0.1000000015
10696  -34.025  -78.466  0.922 0.1000000015
9880  -34.896  -80.101  0.053 0.1000000015
9230  -35.415  -80.944  -0.862 0.1000000015
11459  -33.576  -77.820  0.565 0.1000000015
11438  -33.634  -77.826  1.474 0.1000000015
10697  -34.438  -79.223  0.472 0.1000000015
11423  -33.296  -77.284  1.901 0.1000000015
10681  -34.441  -79.051  1.229 0.1000000015
11355  -31.727  -77.408  10.607 0.1000000015
12191  -31.375  -76.678  10.352 0.1000000015
12193  -29.174  -76.055  8.155 0.1000000015
12198  -28.702  -76.314  7.571 0.1000000015
141762  -28.567  -75.308  7.252 0.1000000015
13961  -28.656  -75.079  6.014 0.1000000015
9257  -36.403  -80.533  -2.223 0.1000000015
13039  -28.280  -75.547  5.439 0.1000000015
121171  -29.388  -74.548  5.791 0.1000000015
11437  -33.250  -77.173  1.135 0.1000000015
12266  -32.844  -76.661  1.780 0.1000000015
10753  -36.923  -78.963  -3.226 0.1000000015
13055  -29.191  -75.255  4.373 0.1000000015
13069  -29.576  -75.317  3.638 0.1000000015
137078  -31.097  -75.463  3.120 0.1000000015
13094  -32.247  -76.286  2.645 0.1000000015
12249  -32.985  -77.042  2.605 0.1000000015
11424  -33.684  -77.766  2.427 0.1000000015
13067  -28.062  -75.924  4.114 0.1000000015
13092  -30.614  -75.202  2.633 0.1000000015
12236  -32.688  -76.680  3.352 0.1000000015
12190  -30.675  -76.055  9.865 0.1000000015
12195  -30.348  -76.584  9.233 0.1000000015
13011  -29.699  -75.229  8.909 0.1000000015
9219  -35.515  -81.159  0.445 0.1000000015
8576  -35.988  -81.782  -0.362 0.1000000015
124142  -36.482  -81.069  -1.581 0.1000000015
13927  -29.019  -74.861  8.009 0.1000000015
13945  -28.969  -74.615  6.634 0.1000000015
13936  -29.336  -74.357  7.924 0.1000000015
9930  -36.644  -79.565  -2.925 0.1000000015
120181  -30.753  -75.321  4.362 0.1000000015
13071  -31.211  -75.640  3.855 0.1000000015
132790  -31.639  -75.875  3.268 0.1000000015
12250  -33.332  -77.273  3.264 0.1000000015
13041  -31.569  -75.341  4.624 0.1000000015
120861  -31.859  -75.972  4.045 0.1000000015
13072  -32.155  -76.292  3.520 0.1000000015
12237  -33.121  -76.778  3.832 0.1000000015
12181  -31.542  -76.018  11.169 0.1000000015
12180  -31.140  -75.839  10.527 0.1000000015
12168  -31.934  -75.765  12.007 0.1000000015
125262  -32.254  -76.288  12.526 0.1000000015
8562  -36.096  -81.804  0.109 0.1000000015
13920  -30.429  -74.297  9.792 0.1000000015
9867  -34.905  -80.049  1.072 0.1000000015
8563  -36.472  -81.734  0.131 0.1000000015
13919  -29.977  -74.447  9.079 0.1000000015
120539  -34.649  -79.273  1.868 0.1000000015
8578  -36.824  -81.393  -0.736 0.1000000015
13928  -29.462  -74.657  8.471 0.1000000015
124594  -29.379  -74.239  7.224 0.1000000015
13947  -30.060  -73.933  6.084 0.1000000015
13977  -30.918  -74.751  5.051 0.1000000015
13962  -30.214  -74.481  5.390 0.1000000015
14856  -30.895  -74.045  5.873 0.1000000015
13057  -32.294  -75.701  4.530 0.1000000015
12226  -32.591  -76.317  4.132 0.1000000015
13963  -31.665  -74.626  5.412 0.1000000015
13042  -32.337  -75.206  5.122 0.1000000015
135467  -32.480  -75.558  12.471 0.1000000015
9203  -35.600  -81.002  1.283 0.1000000015
12994  -31.684  -75.105  11.503 0.1000000015
13904  -31.886  -74.300  11.677 0.1000000015
12980  -33.815  -75.183  12.733 0.1000000015
12971  -34.061  -75.897  13.245 0.1000000015
9856  -34.989  -79.362  2.549 0.1000000015
121268  -35.295  -80.173  1.885 0.1000000015
119687  -37.044  -81.741  1.777 0.1000000015
13916  -30.761  -74.090  10.432 0.1000000015
13917  -31.271  -74.361  11.024 0.1000000015
10671  -34.393  -78.525  2.529 0.1000000015
9258  -37.108  -80.765  -2.118 0.1000000015
14811  -30.390  -73.630  9.241 0.1000000015
14797  -30.670  -73.643  10.030 0.1000000015
12227  -33.397  -76.534  4.423 0.1000000015
11412  -34.143  -77.876  3.350 0.1000000015
14827  -29.780  -73.754  7.785 0.1000000015
14841  -30.563  -73.642  6.541 0.1000000015
13948  -31.829  -73.979  6.105 0.1000000015
13905  -32.612  -74.313  12.129 0.1000000015
128727  -32.285  -73.582  11.646 0.1000000015
124744  -34.800  -78.659  3.181 0.1000000015
9232  -37.070  -81.067  -0.385 0.1000000015
13058  -33.062  -75.755  4.888 0.1000000015
138673  -34.067  -76.869  4.528 0.1000000015
14820  -30.344  -73.380  8.386 0.1000000015
14828  -30.589  -73.312  7.394 0.1000000015
14842  -31.250  -73.485  6.648 0.1000000015
120852  -34.828  -78.214  3.912 0.1000000015
10656  -36.044  -79.058  4.151 0.1000000015
12228  -34.893  -76.969  4.964 0.1000000015
14785  -31.617  -73.604  11.308 0.1000000015
13043  -33.684  -75.457  5.611 0.1000000015
12212  -34.051  -76.282  5.161 0.1000000015
12213  -34.903  -76.346  5.575 0.1000000015
14812  -30.918  -73.098  9.838 0.1000000015
13949  -32.587  -74.081  6.313 0.1000000015
120315  -32.992  -75.109  5.492 0.1000000015
15651  -30.818  -72.953  9.011 0.1000000015
14829  -31.523  -73.095  7.476 0.1000000015
141516  -32.808  -73.476  7.176 0.1000000015
15678  -30.966  -72.847  8.206 0.1000000015
142858  -35.485  -78.433  4.232 0.1000000015
125942  -36.811  -79.097  4.488 0.1000000015
119767  -34.506  -75.757  5.827 0.1000000015
12214  -35.684  -76.686  5.609 0.1000000015
14786  -32.827  -72.948  11.474 0.1000000015
13937  -33.927  -74.106  6.938 0.1000000015
13031  -34.862  -75.340  6.426 0.1000000015
14844  -33.069  -73.829  6.772 0.1000000015
13950  -33.404  -74.618  6.182 0.1000000015
15666  -31.353  -72.684  8.798 0.1000000015
11396  -37.518  -77.899  5.560 0.1000000015
13044  -35.415  -76.000  6.197 0.1000000015
14779  -33.188  -73.681  11.986 0.1000000015
14830  -32.483  -73.077  7.649 0.1000000015
15652  -31.405  -72.679  9.490 0.1000000015
12216  -37.674  -77.093  5.960 0.1000000015
15636  -32.353  -72.377  10.440 0.1000000015
12155  -33.023  -75.861  13.009 0.1000000015
11325  -36.024  -77.646  13.583 0.1000000015
12143  -35.310  -76.994  13.489 0.1000000015
12156  -34.975  -76.151  13.223 0.1000000015
12142  -34.305  -76.697  13.535 0.1000000015
131160  -29.531  -75.821  8.663 0.1000000015
135495  -29.570  -74.194  6.497 0.1000000015
13040  -28.890  -75.107  5.182 0.1000000015
13975  -29.667  -74.923  4.933 0.1000000015
13056  -30.024  -75.218  4.245 0.1000000015
13070  -30.472  -75.384  3.549 0.1000000015
13093  -31.425  -75.517  2.341 0.1000000015
13112  -32.162  -75.873  1.490 0.1000000015
13127  -32.159  -75.904  0.544 0.1000000015
13012  -30.287  -75.175  9.536 0.1000000015
11411  -33.679  -77.213  3.946 0.1000000015
13007  -30.816  -75.024  10.315 0.1000000015
13964  -32.477  -74.566  5.736 0.1000000015
10665  -35.378  -78.843  3.664 0.1000000015
11403  -34.425  -77.511  4.219 0.1000000015
11404  -35.909  -77.429  5.164 0.1000000015
14831  -33.435  -73.493  7.487 0.1000000015
11395  -36.741  -77.909  5.349 0.1000000015
132156  -35.350  -77.745  13.786 0.1000000015
8072  -24.508  -82.271  -16.092 0.1000000015
8068  -24.275  -82.285  -15.302 0.1000000015
8128  -25.481  -82.243  -20.430 0.1000000015
126858  -25.236  -82.406  -19.835 0.1000000015
9375  -25.884  -80.928  -19.489 0.1000000015
136518  -25.347  -81.307  -18.845 0.1000000015
7529  -24.718  -83.104  -17.111 0.1000000015
8138  -26.487  -81.991  -21.711 0.1000000015
8146  -26.578  -82.388  -22.555 0.1000000015
8684  -24.359  -81.587  -15.648 0.1000000015
8677  -24.132  -81.335  -14.807 0.1000000015
8067  -23.959  -82.321  -14.454 0.1000000015
9342  -24.826  -80.692  -16.699 0.1000000015
137958  -24.911  -81.432  -17.948 0.1000000015
123279  -24.683  -81.453  -17.181 0.1000000015
8083  -24.596  -82.255  -16.838 0.1000000015
7501  -24.218  -83.159  -14.866 0.1000000015
8727  -25.583  -81.629  -19.815 0.1000000015
8095  -24.674  -82.236  -17.564 0.1000000015
119016  -24.628  -82.957  -17.947 0.1000000015
8737  -25.883  -81.650  -20.499 0.1000000015
135497  -27.104  -81.558  -21.518 0.1000000015
8768  -27.197  -81.874  -22.220 0.1000000015
8769  -27.909  -81.922  -22.560 0.1000000015
10802  -27.392  -78.761  -10.559 0.1000000015
9300  -26.152  -80.315  -11.366 0.1000000015
9968  -28.114  -79.383  -10.976 0.1000000015
123597  -24.475  -80.469  -14.589 0.1000000015
136253  -24.135  -80.926  -14.100 0.1000000015
8674  -24.055  -81.101  -13.376 0.1000000015
9318  -24.722  -80.779  -12.882 0.1000000015
9313  -24.872  -81.138  -12.048 0.1000000015
9306  -26.508  -80.521  -11.935 0.1000000015
9331  -24.509  -80.721  -15.604 0.1000000015
8673  -23.664  -81.883  -13.075 0.1000000015
9343  -25.119  -80.116  -16.014 0.1000000015
8063  -23.658  -82.501  -13.605 0.1000000015
120276  -25.355  -80.655  -18.086 0.1000000015
136868  -24.934  -80.860  -17.479 0.1000000015
8756  -26.536  -81.490  -20.877 0.1000000015
10803  -28.816  -78.870  -10.657 0.1000000015
9982  -26.905  -80.203  -11.509 0.1000000015
11585  -28.582  -77.995  -10.385 0.1000000015
9319  -25.341  -80.201  -13.268 0.1000000015
138838  -26.190  -80.101  -12.899 0.1000000015
140747  -26.414  -80.376  -12.423 0.1000000015
9323  -25.007  -79.866  -14.184 0.1000000015
10036  -25.688  -79.392  -14.746 0.1000000015
130491  -26.003  -80.416  -18.808 0.1000000015
9376  -26.479  -80.555  -19.597 0.1000000015
126544  -26.918  -80.774  -20.320 0.1000000015
10088  -25.716  -79.650  -17.167 0.1000000015
9966  -26.186  -79.752  -10.830 0.1000000015
10089  -26.413  -79.405  -17.529 0.1000000015
9299  -25.645  -80.287  -10.867 0.1000000015
10057  -25.479  -79.598  -15.596 0.1000000015
10058  -26.131  -79.082  -15.687 0.1000000015
10800  -25.750  -79.068  -10.115 0.1000000015
137196  -27.526  -78.665  -16.576 0.1000000015
10889  -28.252  -78.564  -16.521 0.1000000015
139195  -30.075  -78.366  -16.235 0.1000000015
9307  -27.487  -80.450  -11.941 0.1000000015
10017  -26.632  -79.577  -13.386 0.1000000015
128184  -26.322  -79.249  -14.104 0.1000000015
10853  -26.828  -78.700  -15.416 0.1000000015
10039  -27.977  -78.998  -14.010 0.1000000015
10871  -26.860  -78.764  -16.205 0.1000000015
10873  -28.502  -78.418  -15.658 0.1000000015
10038  -27.037  -79.068  -13.968 0.1000000015
9999  -27.004  -80.174  -12.537 0.1000000015
10018  -27.521  -79.609  -13.199 0.1000000015
10836  -28.933  -78.885  -13.776 0.1000000015
10037  -26.517  -78.929  -14.762 0.1000000015
10890  -29.157  -78.464  -16.445 0.1000000015
131228  -27.967  -78.448  -14.941 0.1000000015
8105  -24.807  -82.161  -18.381 0.1000000015
8116  -25.029  -82.192  -19.214 0.1000000015
8548  -36.670  -81.705  0.636 0.1000000015
8564  -36.699  -81.522  -0.093 0.1000000015
8577  -36.457  -81.642  -0.368 0.1000000015
8588  -36.423  -81.552  -0.915 0.1000000015
8670  -24.072  -81.385  -12.573 0.1000000015
8676  -23.870  -81.613  -13.888 0.1000000015
8694  -24.546  -81.468  -16.360 0.1000000015
8738  -26.174  -81.117  -20.126 0.1000000015
9204  -36.481  -81.668  1.023 0.1000000015
9220  -36.796  -81.612  0.489 0.1000000015
9231  -35.767  -81.540  -0.408 0.1000000015
9243  -35.835  -81.397  -1.080 0.1000000015
9244  -37.010  -81.139  -1.431 0.1000000015
9305  -25.485  -80.696  -11.516 0.1000000015
9314  -25.720  -80.581  -12.395 0.1000000015
9322  -24.578  -80.495  -13.724 0.1000000015
9332  -24.901  -79.920  -15.119 0.1000000015
9352  -25.316  -80.293  -17.360 0.1000000015
9842  -35.964  -79.666  3.479 0.1000000015
9850  -35.319  -79.344  3.103 0.1000000015
9859  -38.549  -80.239  3.230 0.1000000015
9916  -36.074  -79.813  -2.651 0.1000000015
9917  -36.927  -80.222  -2.626 0.1000000015
9919  -38.354  -79.724  -2.058 0.1000000015
9931  -37.391  -79.697  -2.821 0.1000000015
9959  -35.999  -79.478  -9.819 0.1000000015
9967  -27.143  -79.531  -11.002 0.1000000015
9992  -36.434  -79.788  -10.900 0.1000000015
10016  -25.790  -79.606  -13.734 0.1000000015
10074  -25.643  -79.582  -16.337 0.1000000015
10145  -34.663  -79.348  -20.759 0.1000000015
10655  -35.260  -77.780  4.539 0.1000000015
10680  -34.158  -78.448  1.751 0.1000000015
10755  -38.668  -79.240  -2.374 0.3000000119
10773  -37.555  -78.990  -8.943 0.1000000015
10775  -39.295  -78.621  -8.460 0.2000000030
10788  -33.413  -78.518  -9.931 0.1000000015
10825  -37.390  -78.699  -12.272 0.1000000015
10854  -27.283  -78.633  -14.767 0.1000000015
10872  -27.593  -78.550  -15.730 0.1000000015
10905  -37.346  -77.621  -18.241 0.1000000015
10944  -35.549  -77.977  -21.268 0.1000000015
11405  -36.212  -78.312  4.729 0.1000000015
11414  -40.087  -77.579  3.911 0.2000000030
11415  -40.651  -76.978  4.088 0.2000000030
11559  -39.752  -78.262  -8.063 0.2000000030
11681  -37.218  -76.751  -19.212 0.1000000015
11699  -36.457  -77.019  -20.205 0.1000000015
11713  -35.311  -77.800  -21.475 0.1000000015
12189  -29.976  -75.927  9.213 0.1000000015
12308  -39.621  -77.519  -1.585 0.5000000000
12310  -41.689  -76.342  -1.967 0.2000000030
12319  -41.865  -76.153  -2.225 0.2000000030
12386  -35.456  -75.958  -8.884 0.1000000015
12461  -35.315  -76.168  -15.598 0.1000000015
12464  -39.787  -75.237  -15.718 0.1000000015
12493  -38.355  -75.741  -17.949 0.1000000015
12553  -33.554  -77.341  -21.425 0.1000000015
12555  -34.918  -77.587  -21.593 0.1000000015
12979  -32.881  -75.033  12.537 0.1000000015
12995  -32.219  -74.983  12.111 0.1000000015
13008  -31.354  -75.286  10.863 0.1000000015
13014  -28.762  -75.453  7.695 0.1000000015
13015  -29.223  -75.317  8.335 0.1000000015
13030  -34.173  -75.208  6.166 0.1000000015
13061  -41.979  -75.342  3.860 0.2000000030
13156  -41.644  -75.509  -1.862 0.2000000030
13176  -42.359  -75.469  -3.449 0.4000000060
13220  -42.218  -75.399  -5.122 0.4000000060
13235  -37.314  -74.892  -6.312 0.1000000015
13271  -36.091  -75.639  -8.438 0.1000000015
13333  -40.031  -75.141  -14.130 0.1000000015
13360  -37.850  -75.075  -16.092 0.1000000015
13373  -39.170  -75.196  -17.173 0.1000000015
13935  -28.840  -74.808  7.411 0.1000000015
13946  -29.979  -73.772  6.895 0.1000000015
13951  -34.361  -74.703  6.581 0.1000000015
13952  -35.643  -75.290  6.663 0.1000000015
13976  -30.338  -74.945  4.762 0.1000000015
13992  -40.692  -75.017  3.652 0.3000000119
13993  -41.610  -75.034  3.708 0.2000000030
14019  -34.913  -74.637  1.369 0.5000000000
14035  -35.401  -75.140  0.288 0.4000000060
14070  -41.985  -74.968  -2.287 0.5000000000
14071  -42.269  -75.238  -2.600 0.3000000119
14086  -42.550  -75.120  -3.110 0.3000000119
14291  -38.504  -74.761  -17.334 0.1000000015
14798  -31.192  -73.406  10.619 0.1000000015
14810  -29.797  -73.965  8.486 0.1000000015
14843  -32.210  -73.493  6.825 0.1000000015
14848  -42.565  -73.341  5.996 0.1000000015
14858  -42.613  -73.173  5.239 0.1000000015
14975  -42.241  -74.094  -4.657 0.4000000060
14990  -38.978  -73.303  -5.427 0.5000000000
14991  -39.970  -73.491  -5.481 0.4000000060
14994  -42.418  -74.089  -5.440 0.4000000060
15026  -42.423  -73.393  -7.325 0.4000000060
15061  -38.015  -73.365  -11.659 0.1000000015
15062  -38.909  -72.986  -12.161 0.1000000015
15064  -41.302  -72.856  -11.458 0.1000000015
15076  -35.495  -73.699  -12.094 0.1000000015
15094  -32.787  -73.364  -14.041 0.1000000015
15097  -39.005  -73.653  -13.659 0.1000000015
15099  -41.119  -73.562  -14.457 0.2000000030
15111  -40.998  -73.075  -15.009 0.2000000030
15124  -40.393  -73.225  -15.468 0.2000000030
15623  -31.928  -72.845  11.123 0.1000000015
15635  -31.558  -72.722  10.298 0.1000000015
15653  -32.120  -72.397  9.788 0.1000000015
15708  -42.177  -72.669  5.114 0.2000000030
15709  -42.655  -72.686  5.471 0.1000000015
15718  -34.455  -72.693  4.719 0.5000000000
15724  -42.139  -73.261  4.628 0.2000000030
15749  -35.179  -72.233  0.924 0.5000000000
15761  -37.480  -72.351  -0.989 0.6000000238
15764  -38.689  -72.672  -1.955 0.5000000000
15808  -38.158  -73.099  -5.836 0.4000000060
15865  -35.077  -72.221  -11.772 0.1000000015
16420  -41.356  -71.174  6.972 0.2000000030
16431  -36.106  -71.385  6.273 0.4000000060
16451  -37.507  -71.610  5.871 0.3000000119
16502  -35.677  -71.300  -0.243 0.5000000000
16509  -38.066  -72.163  -2.101 0.6000000238
16552  -34.932  -71.151  -5.972 0.3000000119
16583  -35.828  -71.204  -10.821 0.1000000015
16585  -37.498  -71.668  -10.582 0.1000000015
16586  -38.258  -71.648  -10.677 0.1000000015
16602  -42.447  -70.795  -11.257 0.1000000015
16611  -39.928  -71.801  -12.800 0.1000000015
17128  -43.741  -70.666  9.517 0.3000000119
17146  -34.861  -70.318  7.147 0.4000000060
17161  -32.738  -70.070  6.056 0.5000000000
17198  -32.835  -70.917  3.757 0.5000000000
17278  -35.114  -70.548  -6.412 0.4000000060
17293  -43.136  -70.970  -8.994 0.1000000015
17331  -42.416  -69.678  -13.043 0.2000000030
17843  -44.066  -69.610  16.315 0.2000000030
17940  -31.645  -69.194  5.433 0.4000000060
17963  -31.720  -69.114  2.658 0.3000000119
17974  -33.180  -69.979  1.673 0.3000000119
17991  -32.919  -69.408  -0.704 0.4000000060
18001  -34.206  -70.191  -0.960 0.4000000060
18019  -32.862  -69.552  -4.255 0.3000000119
18040  -36.282  -69.763  -7.240 0.3000000119
18041  -37.032  -69.798  -7.493 0.2000000030
18064  -36.384  -69.516  -9.793 0.1000000015
18067  -42.445  -69.501  -9.684 0.1000000015
18077  -38.732  -69.460  -10.257 0.1000000015
18101  -33.717  -69.339  -12.316 0.1000000015
18646  -33.930  -68.178  8.503 0.4000000060
18656  -31.596  -68.240  6.771 0.3000000119
18680  -31.153  -68.517  5.433 0.3000000119
18699  -30.766  -68.177  2.877 0.3000000119
18712  -32.118  -68.637  0.549 0.4000000060
18729  -31.604  -68.152  -1.356 0.3000000119
18798  -37.309  -68.433  -9.652 0.1000000015
18799  -38.165  -68.112  -9.953 0.1000000015
18806  -32.545  -68.523  -10.649 0.1000000015
18834  -42.001  -67.927  -13.477 0.1000000015
18835  -42.227  -68.030  -13.178 0.1000000015
19365  -31.908  -67.019  8.213 0.2000000030
19381  -31.092  -67.593  6.731 0.2000000030
19396  -30.661  -67.806  5.381 0.2000000030
19421  -30.553  -67.422  1.333 0.3000000119
19467  -32.662  -67.596  -4.635 0.2000000030
19479  -33.891  -67.587  -5.482 0.3000000119
19550  -32.031  -67.650  -12.143 0.1000000015
20039  -35.422  -66.476  9.652 0.3000000119
20109  -30.115  -66.672  2.798 0.3000000119
20118  -29.676  -66.203  2.259 0.2000000030
20135  -30.086  -66.423  0.384 0.2000000030
20153  -30.941  -67.081  -2.066 0.2000000030
20170  -30.949  -66.309  -2.477 0.2000000030
20282  -32.458  -66.046  -13.745 0.1000000015
20308  -35.054  -66.146  -15.845 0.1000000015
20694  -43.670  -66.606  17.403 0.1000000015
20742  -34.577  -65.363  9.390 0.3000000119
20749  -32.159  -65.660  8.331 0.1000000015
20780  -29.742  -65.555  4.921 0.2000000030
20850  -29.768  -65.706  0.833 0.2000000030
20895  -32.166  -65.242  -3.710 0.1000000015
20954  -30.732  -65.138  -9.748 0.1000000015
20989  -31.317  -65.674  -12.113 0.1000000015
21003  -32.603  -65.197  -14.069 0.1000000015
21004  -33.162  -65.104  -14.785 0.1000000015
21492  -30.726  -64.686  6.665 0.1000000015
21493  -31.144  -64.134  6.756 0.1000000015
21526  -29.843  -64.310  4.512 0.2000000030
21627  -30.633  -64.691  -2.225 0.1000000015
21644  -31.783  -64.725  -3.329 0.1000000015
21652  -33.803  -64.565  -4.452 0.1000000015
21724  -30.608  -64.324  -10.083 0.1000000015
21754  -33.299  -64.324  -15.142 0.1000000015
22248  -38.641  -63.216  9.904 0.2000000030
22262  -33.820  -63.381  8.256 0.1000000015
22339  -29.846  -63.804  3.993 0.2000000030
22399  -29.452  -63.698  2.073 0.1000000015
22434  -30.732  -63.192  -2.012 0.1000000015
22537  -30.861  -63.059  -11.539 0.1000000015
22569  -34.131  -63.534  -15.917 0.1000000015
23061  -37.815  -62.306  8.932 0.1000000015
23077  -37.335  -61.871  8.259 0.1000000015
23145  -30.687  -62.882  4.076 0.2000000030
23161  -30.286  -62.667  3.328 0.1000000015
23179  -29.894  -62.614  2.561 0.1000000015
23191  -29.780  -62.545  1.627 0.1000000015
23194  -34.116  -62.874  1.515 0.1000000015
23203  -29.755  -62.573  0.738 0.1000000015
23204  -30.154  -62.072  0.326 0.1000000015
23212  -29.881  -62.587  -0.031 0.1000000015
23234  -31.262  -62.499  -2.046 0.1000000015
23252  -33.667  -62.473  -3.429 0.1000000015
23321  -30.499  -62.946  -9.786 0.1000000015
23351  -31.853  -62.771  -13.165 0.1000000015
23913  -38.171  -61.595  6.852 0.1000000015
24123  -30.651  -61.942  -10.715 0.1000000015
24124  -30.898  -61.155  -10.858 0.1000000015
24163  -33.669  -62.160  -15.085 0.1000000015
24791  -32.015  -60.236  0.219 0.1000000015
24811  -32.573  -60.361  -1.250 0.1000000015
24949  -32.215  -59.985  -12.045 0.1000000015
24955  -31.913  -60.737  -12.293 0.1000000015
24956  -32.661  -60.131  -12.631 0.1000000015
25621  -35.044  -59.591  2.372 0.1000000015
25786  -31.204  -59.045  -9.757 0.1000000015
25809  -33.169  -59.377  -12.658 0.1000000015
25818  -33.723  -59.366  -13.171 0.1000000015
26491  -34.464  -58.892  1.410 0.1000000015
26651  -32.078  -58.796  -11.035 0.1000000015
27440  -30.639  -57.440  -8.200 0.1000000015
27441  -30.984  -57.712  -8.917 0.1000000015
27449  -31.400  -57.586  -9.461 0.1000000015
27468  -33.293  -57.181  -11.735 0.1000000015
28205  -31.779  -56.177  -9.202 0.1000000015
28215  -32.132  -56.880  -10.160 0.1000000015
28936  -31.964  -55.471  -9.647 0.1000000015
28942  -32.433  -55.584  -10.336 0.1000000015
29705  -30.299  -54.333  -6.631 0.1000000015
30629  -31.580  -53.771  -9.148 0.1000000015
30630  -31.975  -53.847  -9.891 0.1000000015
31412  -30.612  -52.206  -6.990 0.1000000015
32179  -30.886  -51.637  -7.267 0.1000000015
118776  -38.962  -69.857  8.818 0.3000000119
119701  -34.911  -73.016  4.707 0.5000000000
120328  -35.040  -79.820  -18.936 0.1000000015
120815  -30.396  -62.154  -10.000 0.1000000015
122013  -33.500  -70.543  2.055 0.5000000000
122528  -37.154  -71.948  -3.055 0.5000000000
122679  -33.745  -69.231  -10.534 0.1000000015
122843  -39.605  -73.012  -3.590 0.5000000000
123419  -40.908  -69.489  -13.262 0.1000000015
123583  -29.384  -64.003  2.833 0.1000000015
123888  -25.297  -80.053  -16.720 0.1000000015
123902  -31.161  -61.119  -0.577 0.1000000015
124335  -41.179  -73.662  -4.596 0.4000000060
124397  -34.769  -62.406  7.062 0.1000000015
124592  -42.960  -68.872  -10.887 0.1000000015
125943  -42.203  -73.468  14.195 0.1000000015
126219  -31.582  -58.899  -10.448 0.1000000015
127651  -40.137  -70.630  -11.983 0.1000000015
127667  -33.363  -71.565  2.934 0.5000000000
127879  -30.495  -53.731  -7.178 0.1000000015
128131  -40.497  -77.389  -1.712 0.3000000119
128770  -34.890  -70.483  -0.697 0.4000000060
128793  -35.181  -68.686  -9.722 0.1000000015
129428  -39.689  -76.096  3.843 0.3000000119
129587  -30.502  -52.899  -7.060 0.1000000015
129972  -30.804  -55.201  -7.514 0.1000000015
129973  -36.997  -75.035  -13.146 0.1000000015
130058  -37.771  -69.847  -7.761 0.3000000119
130193  -30.203  -66.392  5.773 0.3000000119
130540  -42.535  -73.837  -6.750 0.4000000060
130917  -33.039  -62.567  3.676 0.1000000015
131140  -34.179  -70.899  -5.025 0.5000000000
131606  -30.708  -53.900  -8.016 0.1000000015
131851  -32.533  -58.677  -11.659 0.1000000015
132326  -36.805  -77.744  -19.526 0.1000000015
132978  -38.477  -77.660  -1.508 0.5000000000
133022  -31.749  -65.890  -3.579 0.2000000030
133157  -32.592  -65.078  8.451 0.1000000015
133486  -30.386  -67.019  -0.059 0.2000000030
133527  -31.957  -68.576  -2.629 0.3000000119
133806  -31.150  -66.366  -10.008 0.1000000015
135172  -35.294  -80.772  -0.318 0.1000000015
136044  -37.578  -70.519  -10.198 0.1000000015
136487  -28.116  -78.615  -10.564 0.1000000015
138330  -38.303  -78.860  -8.627 0.1000000015
138466  -41.767  -72.116  5.585 0.2000000030
138522  -39.002  -74.762  -17.286 0.1000000015
138675  -35.381  -65.146  9.618 0.3000000119
139161  -33.238  -70.078  6.442 0.5000000000
139716  -31.269  -67.656  -1.984 0.3000000119
140098  -42.124  -75.084  3.919 0.2000000030
140990  -35.867  -80.735  -1.713 0.1000000015
141301  -33.880  -70.792  1.781 0.5000000000
141613  -34.987  -70.933  -11.800 0.1000000015
141893  -34.075  -68.782  -5.832 0.3000000119
142188  -42.553  -68.916  -9.873 0.1000000015
142285  -31.742  -68.477  1.064 0.4000000060
142651  -32.655  -63.919  7.921 0.1000000015
142936  -35.024  -70.323  -15.153 0.1000000015
142953  -35.699  -79.491  -18.098 0.1000000015
143075  -30.794  -63.607  -11.440 0.1000000015
143625  -32.963  -77.022  -19.142 0.1000000015
