#!ascii label  , from subject sub-032304 vox2ras=TkReg
564
139986  -42.487  -74.672  -3.401 0.0000000000
20264  -42.341  -66.569  -12.751 0.0000000000
123318  -35.756  -71.685  -3.950 0.0000000000
16566  -42.884  -71.507  -8.640 0.0000000000
18768  -37.344  -67.613  -6.962 0.0000000000
12295  -36.352  -76.220  -0.693 0.0000000000
16483  -33.754  -71.178  2.251 0.0000000000
17921  -36.037  -69.936  7.753 0.0000000000
18012  -32.755  -69.591  -3.230 0.0000000000
17279  -35.841  -70.597  -6.941 0.0000000000
20184  -33.328  -66.902  -5.108 0.0000000000
140470  -35.296  -72.856  0.789 0.0000000000
14881  -34.517  -73.584  3.488 0.0000000000
19360  -34.888  -67.041  9.340 0.0000000000
18657  -32.179  -68.379  7.388 0.0000000000
13256  -41.673  -75.900  -6.786 0.0000000000
18068  -42.765  -69.081  -10.235 0.0000000000
15871  -41.690  -72.097  -12.011 0.0000000000
16624  -41.343  -70.920  -14.054 0.0000000000
15797  -38.991  -72.733  -3.879 0.0000000000
15011  -41.914  -73.594  -6.238 0.0000000000
18053  -39.207  -69.590  -8.245 0.0000000000
19506  -40.431  -67.080  -8.832 0.0000000000
15763  -38.045  -72.507  -1.525 0.0000000000
17237  -35.487  -70.696  -1.054 0.0000000000
18719  -32.524  -68.958  -0.092 0.0000000000
16450  -36.650  -71.749  5.807 0.0000000000
17178  -33.409  -71.022  5.443 0.0000000000
18687  -31.310  -68.850  3.831 0.0000000000
20127  -29.755  -66.274  1.478 0.0000000000
14183  -41.688  -73.722  -8.718 0.0000000000
21714  -37.477  -63.846  -10.257 0.0000000000
19529  -39.366  -67.080  -10.810 0.0000000000
15852  -37.924  -72.197  -10.873 0.0000000000
18743  -31.764  -67.956  -3.275 0.0000000000
18750  -32.820  -68.626  -4.693 0.0000000000
13221  -42.546  -75.021  -5.069 0.0000000000
19542  -42.617  -67.320  -11.785 0.0000000000
18090  -42.633  -69.070  -11.970 0.0000000000
18104  -41.999  -68.792  -13.756 0.0000000000
16623  -40.974  -70.625  -14.122 0.0000000000
18103  -41.665  -68.927  -13.645 0.0000000000
15788  -37.783  -72.327  -3.746 0.0000000000
15806  -36.598  -72.442  -5.577 0.0000000000
18037  -36.250  -68.823  -6.822 0.0000000000
17283  -37.257  -70.453  -7.625 0.0000000000
125249  -38.018  -68.248  -7.422 0.0000000000
18782  -40.025  -68.401  -8.517 0.0000000000
19499  -39.159  -67.269  -7.965 0.0000000000
14061  -38.850  -74.238  -1.483 0.0000000000
14052  -37.394  -73.880  -0.971 0.0000000000
15748  -34.584  -72.400  1.557 0.0000000000
16499  -35.833  -71.852  -0.051 0.0000000000
17224  -34.455  -70.763  0.685 0.0000000000
17992  -33.667  -69.857  -0.500 0.0000000000
17985  -33.324  -69.739  0.888 0.0000000000
17164  -36.268  -70.899  6.757 0.0000000000
16430  -35.203  -71.272  6.224 0.0000000000
17163  -34.503  -70.704  6.507 0.0000000000
20066  -30.797  -66.881  7.088 0.0000000000
18669  -31.590  -68.771  6.115 0.0000000000
19403  -30.426  -67.607  4.474 0.0000000000
124048  -30.422  -67.356  2.825 0.0000000000
15826  -42.304  -72.865  -7.650 0.0000000000
14174  -42.497  -73.738  -7.481 0.0000000000
15039  -42.342  -72.991  -9.089 0.0000000000
133011  -40.532  -74.126  -12.586 0.0000000000
21713  -36.695  -64.217  -9.720 0.0000000000
20968  -38.584  -65.424  -10.894 0.0000000000
18076  -37.791  -69.828  -9.907 0.0000000000
16530  -34.676  -71.250  -3.594 0.0000000000
16547  -35.383  -71.639  -5.477 0.0000000000
17273  -33.680  -70.310  -5.150 0.0000000000
18765  -34.531  -68.820  -6.181 0.0000000000
136895  -35.392  -67.273  -5.952 0.0000000000
14050  -35.723  -74.301  -0.133 0.0000000000
14018  -34.677  -74.206  1.845 0.0000000000
15735  -33.901  -72.840  3.260 0.0000000000
124901  -34.817  -68.457  8.615 0.0000000000
18647  -34.246  -68.899  8.087 0.0000000000
19367  -33.594  -67.381  8.654 0.0000000000
20050  -32.443  -66.386  8.469 0.0000000000
20759  -31.390  -65.703  7.761 0.0000000000
17303  -42.502  -70.281  -9.460 0.0000000000
15854  -42.993  -71.616  -9.400 0.0000000000
17314  -42.754  -70.405  -10.340 0.0000000000
15884  -41.685  -71.758  -13.591 0.0000000000
15100  -41.255  -72.835  -14.527 0.0000000000
15897  -40.443  -72.457  -14.764 0.0000000000
120610  -40.043  -72.246  -14.217 0.0000000000
15079  -38.532  -73.626  -12.540 0.0000000000
14956  -41.098  -73.684  -3.323 0.0000000000
14993  -41.916  -73.787  -4.955 0.0000000000
15023  -40.226  -73.286  -7.162 0.0000000000
15830  -39.775  -72.514  -8.163 0.0000000000
16556  -37.022  -72.095  -7.085 0.0000000000
16558  -38.436  -71.556  -8.123 0.0000000000
16564  -40.314  -71.126  -8.680 0.0000000000
140803  -40.881  -69.447  -8.965 0.0000000000
18800  -41.523  -68.120  -9.474 0.0000000000
19530  -42.165  -66.422  -10.974 0.0000000000
14938  -39.894  -73.465  -2.280 0.0000000000
15775  -38.557  -72.564  -2.733 0.0000000000
16520  -37.414  -71.802  -2.236 0.0000000000
14914  -36.328  -73.105  -0.366 0.0000000000
129582  -36.510  -71.372  -1.021 0.0000000000
16518  -35.722  -71.222  -2.254 0.0000000000
17235  -33.877  -70.289  -1.726 0.0000000000
17999  -32.654  -69.330  -1.543 0.0000000000
19433  -31.257  -67.756  -0.738 0.0000000000
15719  -35.731  -72.979  4.858 0.0000000000
16465  -34.159  -72.200  5.002 0.0000000000
16474  -33.192  -71.425  3.664 0.0000000000
17932  -32.880  -69.570  6.761 0.0000000000
17948  -32.212  -69.930  4.616 0.0000000000
17964  -32.243  -69.684  2.761 0.0000000000
18705  -31.729  -68.632  1.568 0.0000000000
125067  -30.917  -67.722  0.809 0.0000000000
14137  -42.563  -74.273  -6.157 0.0000000000
14173  -41.822  -74.498  -7.997 0.0000000000
15049  -41.545  -72.852  -10.221 0.0000000000
14194  -39.764  -74.716  -10.844 0.0000000000
125946  -39.673  -65.915  -8.439 0.0000000000
20947  -40.672  -65.071  -9.490 0.0000000000
20971  -41.489  -64.818  -11.711 0.0000000000
21734  -40.361  -64.291  -12.146 0.0000000000
19541  -41.239  -66.894  -12.695 0.0000000000
18088  -40.135  -69.158  -11.446 0.0000000000
16598  -38.797  -71.958  -11.164 0.0000000000
19455  -31.375  -67.261  -2.706 0.0000000000
19460  -31.669  -67.162  -3.468 0.0000000000
13197  -42.550  -75.201  -4.392 0.0000000000
14100  -42.530  -74.610  -4.698 0.0000000000
142484  -42.519  -68.515  -12.647 0.0000000000
19552  -42.038  -67.044  -13.179 0.0000000000
19551  -41.980  -66.902  -13.223 0.0000000000
16533  -37.142  -72.164  -3.763 0.0000000000
15795  -37.353  -72.513  -4.555 0.0000000000
16537  -36.197  -72.134  -4.600 0.0000000000
18767  -36.554  -67.916  -6.648 0.0000000000
18770  -37.145  -68.421  -7.076 0.0000000000
18772  -38.638  -67.743  -7.660 0.0000000000
18771  -38.018  -67.451  -7.342 0.0000000000
12305  -36.734  -76.809  -1.155 0.0000000000
13145  -37.008  -75.748  -1.126 0.0000000000
13153  -37.921  -74.758  -1.215 0.0000000000
140610  -36.911  -74.719  -0.899 0.0000000000
16484  -34.228  -71.717  1.869 0.0000000000
16491  -34.742  -71.540  0.992 0.0000000000
16490  -34.260  -71.013  1.527 0.0000000000
17216  -33.807  -70.432  1.244 0.0000000000
17909  -36.323  -69.470  8.358 0.0000000000
17910  -37.199  -69.587  8.401 0.0000000000
17922  -36.874  -70.042  7.900 0.0000000000
17148  -36.574  -70.449  7.333 0.0000000000
17147  -35.752  -70.400  7.228 0.0000000000
121789  -35.405  -70.785  6.733 0.0000000000
123260  -35.303  -69.923  7.566 0.0000000000
20065  -30.451  -66.104  6.544 0.0000000000
19380  -30.584  -67.125  6.154 0.0000000000
140646  -30.025  -66.779  4.523 0.0000000000
20081  -29.900  -66.215  5.087 0.0000000000
15832  -42.684  -72.257  -8.227 0.0000000000
15827  -42.782  -72.804  -7.857 0.0000000000
15833  -43.030  -72.286  -8.535 0.0000000000
19527  -37.805  -66.712  -10.004 0.0000000000
18066  -37.992  -68.980  -9.792 0.0000000000
18065  -37.122  -69.312  -9.686 0.0000000000
17253  -33.312  -70.233  -3.714 0.0000000000
17263  -33.882  -70.780  -4.263 0.0000000000
17262  -33.302  -70.113  -4.545 0.0000000000
19468  -33.221  -67.833  -5.137 0.0000000000
18758  -33.589  -68.584  -5.466 0.0000000000
18759  -34.306  -68.165  -5.855 0.0000000000
19488  -35.101  -68.002  -6.256 0.0000000000
19480  -34.756  -67.399  -5.720 0.0000000000
14891  -34.279  -73.334  2.709 0.0000000000
18642  -36.133  -68.183  9.374 0.0000000000
18641  -35.279  -67.918  9.147 0.0000000000
19368  -34.399  -67.642  8.929 0.0000000000
20049  -31.767  -66.326  8.207 0.0000000000
13255  -41.218  -76.717  -7.250 0.0000000000
17304  -42.671  -70.162  -9.735 0.0000000000
126654  -42.795  -70.682  -9.481 0.0000000000
130773  -42.806  -69.763  -10.340 0.0000000000
16625  -41.992  -70.172  -13.809 0.0000000000
16613  -42.328  -70.473  -12.718 0.0000000000
16612  -41.958  -70.889  -13.566 0.0000000000
15899  -41.262  -72.056  -14.435 0.0000000000
15909  -40.908  -72.521  -14.854 0.0000000000
17330  -40.744  -70.084  -13.434 0.0000000000
16622  -40.418  -71.719  -14.045 0.0000000000
15883  -39.670  -72.318  -13.116 0.0000000000
15080  -39.342  -73.025  -13.267 0.0000000000
119489  -40.232  -73.328  -3.619 0.0000000000
14973  -40.718  -73.536  -4.048 0.0000000000
15825  -40.597  -72.949  -7.762 0.0000000000
15824  -38.625  -72.415  -7.773 0.0000000000
16553  -35.600  -71.381  -6.389 0.0000000000
16554  -36.320  -72.008  -6.437 0.0000000000
17280  -36.335  -71.366  -7.015 0.0000000000
139805  -37.873  -70.837  -8.036 0.0000000000
17290  -39.036  -70.703  -8.343 0.0000000000
17291  -39.922  -70.121  -8.493 0.0000000000
18055  -40.951  -70.137  -8.940 0.0000000000
19505  -39.862  -67.600  -8.447 0.0000000000
18783  -40.651  -67.926  -8.902 0.0000000000
19520  -41.092  -67.334  -9.432 0.0000000000
19521  -41.926  -67.373  -10.199 0.0000000000
126340  -41.400  -66.554  -10.037 0.0000000000
14925  -38.633  -73.218  -1.562 0.0000000000
15765  -39.214  -73.151  -1.957 0.0000000000
15774  -37.833  -72.223  -2.999 0.0000000000
16508  -37.543  -71.948  -1.495 0.0000000000
135671  -35.962  -73.707  -0.270 0.0000000000
14908  -35.662  -73.323  0.212 0.0000000000
17229  -35.373  -70.756  -0.480 0.0000000000
16503  -36.319  -71.654  -0.525 0.0000000000
17238  -35.932  -71.052  -0.824 0.0000000000
16506  -36.074  -71.155  -1.504 0.0000000000
17249  -35.320  -70.800  -1.765 0.0000000000
17248  -34.474  -70.608  -2.177 0.0000000000
17236  -34.767  -70.492  -1.364 0.0000000000
124898  -33.194  -69.547  0.093 0.0000000000
18000  -33.411  -69.777  -1.243 0.0000000000
18730  -32.301  -68.774  -0.953 0.0000000000
18738  -32.064  -68.719  -1.853 0.0000000000
18718  -31.668  -68.355  -0.284 0.0000000000
15703  -36.213  -72.341  5.359 0.0000000000
17179  -34.153  -71.198  5.922 0.0000000000
16448  -34.680  -71.747  5.610 0.0000000000
16447  -33.758  -71.594  5.233 0.0000000000
16464  -33.537  -71.853  4.347 0.0000000000
17188  -33.047  -71.191  4.603 0.0000000000
125453  -32.882  -68.520  7.805 0.0000000000
17919  -33.463  -69.227  7.554 0.0000000000
17918  -32.664  -68.998  7.327 0.0000000000
126412  -31.325  -68.861  4.680 0.0000000000
131433  -31.763  -69.487  4.876 0.0000000000
17947  -31.720  -69.417  4.193 0.0000000000
17956  -32.185  -69.856  3.725 0.0000000000
17955  -31.703  -69.317  3.383 0.0000000000
18701  -32.079  -69.162  1.963 0.0000000000
18694  -31.280  -68.759  3.055 0.0000000000
129836  -30.151  -66.929  1.981 0.0000000000
19415  -30.637  -67.805  2.085 0.0000000000
20128  -30.123  -66.766  1.114 0.0000000000
19426  -30.444  -67.191  0.593 0.0000000000
132469  -42.123  -73.763  -5.628 0.0000000000
15012  -42.451  -73.870  -6.282 0.0000000000
15031  -42.477  -73.428  -8.122 0.0000000000
14182  -40.885  -74.429  -8.959 0.0000000000
125941  -40.251  -75.163  -9.221 0.0000000000
130263  -41.734  -72.328  -10.850 0.0000000000
15853  -42.393  -72.214  -9.794 0.0000000000
14224  -40.254  -74.800  -12.927 0.0000000000
14211  -40.298  -74.137  -11.367 0.0000000000
20209  -38.307  -66.201  -7.460 0.0000000000
20933  -38.656  -65.453  -7.703 0.0000000000
21715  -40.948  -64.192  -10.264 0.0000000000
20970  -41.314  -64.634  -10.865 0.0000000000
21727  -41.027  -64.082  -11.461 0.0000000000
20251  -39.003  -66.298  -10.738 0.0000000000
20977  -39.437  -64.628  -11.645 0.0000000000
20261  -39.783  -66.167  -11.481 0.0000000000
20262  -40.851  -65.941  -12.475 0.0000000000
19540  -40.201  -67.008  -11.644 0.0000000000
18819  -40.508  -68.043  -11.732 0.0000000000
143320  -39.724  -67.778  -10.967 0.0000000000
17312  -38.371  -70.375  -10.346 0.0000000000
16587  -39.106  -71.020  -10.857 0.0000000000
18011  -32.221  -68.763  -3.274 0.0000000000
18018  -32.467  -68.990  -3.949 0.0000000000
18749  -32.245  -68.229  -4.031 0.0000000000
19461  -32.053  -67.389  -4.026 0.0000000000
20183  -32.532  -66.721  -4.497 0.0000000000
20038  -34.594  -66.194  9.422 0.0000000000
141857  -35.136  -65.799  9.609 0.0000000000
13239  -41.773  -75.784  -6.047 0.0000000000
18809  -42.914  -68.156  -10.869 0.0000000000
140559  -42.905  -69.358  -10.982 0.0000000000
18105  -42.326  -68.890  -13.313 0.0000000000
17339  -42.047  -69.481  -13.812 0.0000000000
17338  -41.533  -69.959  -14.048 0.0000000000
18116  -41.766  -69.443  -13.918 0.0000000000
17337  -41.328  -69.753  -13.931 0.0000000000
15796  -38.277  -72.555  -4.118 0.0000000000
122718  -38.017  -72.995  -4.826 0.0000000000
15807  -37.380  -72.778  -5.623 0.0000000000
15817  -37.545  -72.668  -6.654 0.0000000000
18036  -35.552  -69.716  -6.742 0.0000000000
17282  -36.574  -70.544  -7.370 0.0000000000
139270  -36.862  -69.142  -7.250 0.0000000000
18042  -37.572  -69.072  -7.452 0.0000000000
18043  -38.454  -69.093  -7.828 0.0000000000
18044  -39.281  -68.769  -8.224 0.0000000000
138514  -38.735  -68.374  -7.834 0.0000000000
18773  -39.274  -68.035  -8.117 0.0000000000
20220  -39.728  -66.713  -8.387 0.0000000000
14060  -38.148  -73.777  -1.222 0.0000000000
14924  -37.836  -73.085  -1.134 0.0000000000
140112  -34.874  -72.913  1.267 0.0000000000
15757  -35.628  -72.339  0.372 0.0000000000
16498  -35.412  -71.666  0.373 0.0000000000
17225  -35.159  -70.966  0.211 0.0000000000
133334  -34.779  -70.529  -0.085 0.0000000000
17228  -34.319  -70.288  -0.400 0.0000000000
17223  -33.918  -70.207  0.241 0.0000000000
17984  -32.699  -69.204  0.668 0.0000000000
17165  -37.149  -70.849  6.869 0.0000000000
16432  -36.935  -71.279  6.328 0.0000000000
16449  -35.697  -71.803  5.750 0.0000000000
142456  -35.764  -71.104  6.519 0.0000000000
19370  -31.548  -67.558  7.482 0.0000000000
18670  -32.134  -68.958  6.778 0.0000000000
19397  -31.048  -68.064  6.116 0.0000000000
18679  -30.811  -68.270  4.824 0.0000000000
18686  -30.808  -68.362  4.156 0.0000000000
18693  -30.888  -68.432  3.509 0.0000000000
19409  -30.528  -67.855  3.583 0.0000000000
20097  -30.075  -66.938  3.657 0.0000000000
20108  -29.759  -66.116  3.166 0.0000000000
15025  -42.468  -73.538  -7.116 0.0000000000
15032  -42.798  -72.787  -8.091 0.0000000000
15063  -40.906  -73.464  -12.137 0.0000000000
123195  -36.956  -64.744  -10.153 0.0000000000
20967  -37.759  -64.850  -10.679 0.0000000000
21725  -38.311  -63.906  -10.928 0.0000000000
20249  -37.664  -65.899  -10.366 0.0000000000
20250  -38.292  -66.315  -10.426 0.0000000000
123046  -38.984  -67.928  -10.440 0.0000000000
131390  -39.504  -68.681  -10.721 0.0000000000
119272  -37.975  -71.096  -10.395 0.0000000000
128270  -35.158  -71.499  -3.964 0.0000000000
16536  -35.280  -71.589  -4.643 0.0000000000
16535  -34.599  -71.263  -4.480 0.0000000000
16546  -34.724  -71.236  -5.287 0.0000000000
17274  -34.410  -70.514  -5.755 0.0000000000
18027  -33.253  -69.503  -5.050 0.0000000000
18028  -33.983  -69.486  -5.729 0.0000000000
18035  -34.741  -69.675  -6.317 0.0000000000
18766  -35.298  -68.867  -6.525 0.0000000000
136630  -35.831  -68.200  -6.507 0.0000000000
19489  -35.904  -67.515  -6.320 0.0000000000
13144  -36.059  -75.296  -0.459 0.0000000000
128613  -35.283  -74.342  0.593 0.0000000000
140656  -34.991  -73.669  1.109 0.0000000000
14897  -34.456  -73.393  1.909 0.0000000000
15742  -34.111  -72.634  2.298 0.0000000000
15741  -33.648  -72.064  2.647 0.0000000000
18648  -35.766  -68.730  8.786 0.0000000000
17908  -35.302  -69.309  8.107 0.0000000000
17920  -34.498  -69.614  7.557 0.0000000000
18658  -33.524  -68.574  8.081 0.0000000000
19372  -33.170  -67.964  8.284 0.0000000000
20052  -34.035  -66.768  9.079 0.0000000000
19366  -32.795  -67.190  8.403 0.0000000000
19371  -32.387  -67.806  7.984 0.0000000000
20060  -31.285  -66.657  7.732 0.0000000000
20059  -30.810  -66.171  7.291 0.0000000000
20758  -30.737  -65.425  7.070 0.0000000000
16567  -43.325  -71.693  -8.836 0.0000000000
16576  -43.252  -71.374  -8.915 0.0000000000
16589  -42.777  -71.050  -9.884 0.0000000000
16588  -42.217  -71.597  -10.802 0.0000000000
129299  -41.491  -72.547  -13.951 0.0000000000
15898  -40.807  -71.821  -14.454 0.0000000000
141539  -40.509  -72.048  -14.479 0.0000000000
15098  -39.731  -72.842  -14.541 0.0000000000
15109  -39.370  -73.500  -15.061 0.0000000000
14239  -38.411  -74.262  -13.861 0.0000000000
14957  -42.057  -74.128  -3.339 0.0000000000
14958  -42.387  -74.355  -3.992 0.0000000000
14974  -41.747  -73.809  -4.108 0.0000000000
14992  -41.165  -73.674  -5.380 0.0000000000
15010  -40.670  -73.502  -6.338 0.0000000000
15024  -41.419  -73.331  -7.095 0.0000000000
15831  -41.051  -72.410  -8.218 0.0000000000
16565  -41.519  -71.707  -8.480 0.0000000000
135349  -35.918  -72.037  -5.744 0.0000000000
15816  -36.900  -72.447  -6.353 0.0000000000
123345  -37.076  -71.237  -7.481 0.0000000000
16557  -37.736  -71.853  -7.669 0.0000000000
16563  -39.329  -71.819  -8.350 0.0000000000
130805  -40.273  -72.010  -8.445 0.0000000000
122711  -41.744  -70.958  -8.769 0.0000000000
17292  -42.380  -70.626  -9.054 0.0000000000
18056  -41.672  -69.661  -9.301 0.0000000000
18801  -41.961  -68.875  -9.541 0.0000000000
18784  -40.936  -68.820  -9.042 0.0000000000
19522  -42.527  -68.278  -10.162 0.0000000000
19531  -42.579  -67.356  -10.948 0.0000000000
20253  -42.410  -66.442  -11.899 0.0000000000
14940  -41.707  -74.221  -2.646 0.0000000000
14939  -40.819  -73.797  -2.506 0.0000000000
14955  -40.088  -73.122  -2.996 0.0000000000
14926  -39.509  -73.793  -1.755 0.0000000000
15776  -39.289  -72.914  -2.499 0.0000000000
15790  -39.147  -72.755  -3.236 0.0000000000
15789  -38.394  -72.509  -3.532 0.0000000000
143325  -37.490  -72.192  -3.412 0.0000000000
16532  -36.434  -71.836  -3.458 0.0000000000
14051  -36.429  -74.005  -0.596 0.0000000000
14915  -37.103  -73.074  -0.734 0.0000000000
15758  -36.092  -72.390  -0.168 0.0000000000
15760  -36.816  -72.305  -0.570 0.0000000000
16504  -37.033  -71.760  -0.937 0.0000000000
16507  -36.898  -71.550  -1.553 0.0000000000
16519  -36.512  -71.537  -2.444 0.0000000000
16531  -35.575  -71.516  -3.169 0.0000000000
17255  -34.967  -71.106  -2.602 0.0000000000
17254  -34.145  -70.721  -3.132 0.0000000000
17247  -33.535  -70.274  -2.688 0.0000000000
18006  -33.075  -69.791  -2.124 0.0000000000
18005  -32.419  -69.190  -2.434 0.0000000000
18737  -31.607  -68.099  -2.325 0.0000000000
15702  -35.086  -72.450  5.228 0.0000000000
14865  -34.372  -73.148  4.200 0.0000000000
15717  -33.897  -72.528  4.183 0.0000000000
15734  -33.488  -72.087  3.459 0.0000000000
17208  -33.181  -70.847  2.896 0.0000000000
17933  -33.851  -70.037  6.879 0.0000000000
17162  -33.496  -70.556  6.092 0.0000000000
17931  -32.173  -69.422  6.096 0.0000000000
17941  -32.205  -69.782  5.398 0.0000000000
17177  -32.744  -70.508  5.252 0.0000000000
17187  -32.548  -70.505  4.209 0.0000000000
17197  -32.597  -70.363  3.278 0.0000000000
17207  -32.889  -70.181  2.434 0.0000000000
127748  -32.646  -69.676  2.040 0.0000000000
17973  -32.712  -69.439  1.404 0.0000000000
18706  -32.265  -68.845  1.216 0.0000000000
18700  -31.333  -68.542  2.220 0.0000000000
19422  -31.158  -68.142  1.387 0.0000000000
18711  -31.378  -68.203  0.584 0.0000000000
19427  -30.857  -67.714  0.015 0.0000000000
19432  -30.705  -67.143  -0.700 0.0000000000
14118  -42.530  -74.578  -5.434 0.0000000000
13240  -42.487  -75.065  -5.708 0.0000000000
13257  -42.400  -75.019  -6.461 0.0000000000
14155  -42.609  -74.078  -6.806 0.0000000000
14154  -42.244  -74.823  -7.153 0.0000000000
13274  -41.568  -75.589  -7.461 0.0000000000
13273  -40.891  -75.740  -8.190 0.0000000000
130564  -43.450  -72.051  -8.679 0.0000000000
15038  -41.190  -73.596  -9.615 0.0000000000
15048  -40.754  -73.473  -10.792 0.0000000000
14195  -40.290  -74.341  -10.092 0.0000000000
20901  -32.384  -65.917  -4.169 0.0000000000
19481  -35.192  -66.749  -5.640 0.0000000000
20201  -35.840  -66.810  -6.062 0.0000000000
19490  -36.614  -66.992  -6.524 0.0000000000
19491  -37.589  -66.602  -6.999 0.0000000000
19498  -38.482  -66.976  -7.500 0.0000000000
20210  -38.975  -66.278  -8.004 0.0000000000
20934  -39.367  -65.244  -8.250 0.0000000000
20946  -40.099  -65.121  -8.796 0.0000000000
20221  -40.393  -66.075  -8.892 0.0000000000
20239  -40.976  -65.891  -9.754 0.0000000000
20252  -42.082  -65.592  -11.905 0.0000000000
20263  -42.156  -65.815  -12.826 0.0000000000
133812  -38.686  -64.398  -11.214 0.0000000000
21726  -39.489  -63.867  -11.592 0.0000000000
22529  -40.390  -63.868  -11.864 0.0000000000
21735  -41.001  -64.446  -12.162 0.0000000000
141753  -41.569  -65.695  -12.756 0.0000000000
20274  -41.827  -66.064  -13.154 0.0000000000
18833  -41.573  -67.896  -13.032 0.0000000000
18089  -40.884  -68.830  -12.639 0.0000000000
17322  -40.503  -69.739  -12.238 0.0000000000
17321  -39.799  -70.069  -11.198 0.0000000000
16599  -39.669  -71.548  -11.817 0.0000000000
15870  -39.299  -72.317  -11.895 0.0000000000
13220  -42.218  -75.399  -5.122 0.0000000000
14019  -34.913  -74.637  1.369 0.0000000000
14975  -42.241  -74.094  -4.657 0.0000000000
14991  -39.970  -73.491  -5.481 0.0000000000
14994  -42.418  -74.089  -5.440 0.0000000000
15026  -42.423  -73.393  -7.325 0.0000000000
15062  -38.909  -72.986  -12.161 0.0000000000
15064  -41.302  -72.856  -11.458 0.0000000000
15097  -39.005  -73.653  -13.659 0.0000000000
15718  -34.455  -72.693  4.719 0.0000000000
15749  -35.179  -72.233  0.924 0.0000000000
15761  -37.480  -72.351  -0.989 0.0000000000
15764  -38.689  -72.672  -1.955 0.0000000000
16431  -36.106  -71.385  6.273 0.0000000000
16502  -35.677  -71.300  -0.243 0.0000000000
16509  -38.066  -72.163  -2.101 0.0000000000
16552  -34.932  -71.151  -5.972 0.0000000000
16586  -38.258  -71.648  -10.677 0.0000000000
16602  -42.447  -70.795  -11.257 0.0000000000
16611  -39.928  -71.801  -12.800 0.0000000000
17146  -34.861  -70.318  7.147 0.0000000000
17161  -32.738  -70.070  6.056 0.0000000000
17198  -32.835  -70.917  3.757 0.0000000000
17278  -35.114  -70.548  -6.412 0.0000000000
17293  -43.136  -70.970  -8.994 0.0000000000
17331  -42.416  -69.678  -13.043 0.0000000000
17940  -31.645  -69.194  5.433 0.0000000000
17963  -31.720  -69.114  2.658 0.0000000000
17974  -33.180  -69.979  1.673 0.0000000000
17991  -32.919  -69.408  -0.704 0.0000000000
18001  -34.206  -70.191  -0.960 0.0000000000
18019  -32.862  -69.552  -4.255 0.0000000000
18040  -36.282  -69.763  -7.240 0.0000000000
18041  -37.032  -69.798  -7.493 0.0000000000
18067  -42.445  -69.501  -9.684 0.0000000000
18646  -33.930  -68.178  8.503 0.0000000000
18656  -31.596  -68.240  6.771 0.0000000000
18680  -31.153  -68.517  5.433 0.0000000000
18699  -30.766  -68.177  2.877 0.0000000000
18712  -32.118  -68.637  0.549 0.0000000000
18729  -31.604  -68.152  -1.356 0.0000000000
18798  -37.309  -68.433  -9.652 0.0000000000
18820  -42.694  -68.138  -11.924 0.0000000000
18834  -42.001  -67.927  -13.477 0.0000000000
18835  -42.227  -68.030  -13.178 0.0000000000
19365  -31.908  -67.019  8.213 0.0000000000
19381  -31.092  -67.593  6.731 0.0000000000
19396  -30.661  -67.806  5.381 0.0000000000
19421  -30.553  -67.422  1.333 0.0000000000
19467  -32.662  -67.596  -4.635 0.0000000000
19479  -33.891  -67.587  -5.482 0.0000000000
19553  -42.449  -67.358  -12.629 0.0000000000
20109  -30.115  -66.672  2.798 0.0000000000
20118  -29.676  -66.203  2.259 0.0000000000
20153  -30.941  -67.081  -2.066 0.0000000000
20240  -41.553  -65.534  -10.771 0.0000000000
20275  -42.057  -66.173  -13.181 0.0000000000
20742  -34.577  -65.363  9.390 0.0000000000
20749  -32.159  -65.660  8.331 0.0000000000
20780  -29.742  -65.555  4.921 0.0000000000
20958  -41.084  -65.048  -10.196 0.0000000000
20969  -39.351  -65.536  -11.341 0.0000000000
20978  -40.143  -65.114  -12.128 0.0000000000
20979  -41.141  -65.161  -12.417 0.0000000000
20980  -41.624  -65.291  -12.385 0.0000000000
20990  -41.922  -65.678  -12.983 0.0000000000
119701  -34.911  -73.016  4.707 0.0000000000
122013  -33.500  -70.543  2.055 0.0000000000
122528  -37.154  -71.948  -3.055 0.0000000000
122843  -39.605  -73.012  -3.590 0.0000000000
123419  -40.908  -69.489  -13.262 0.0000000000
124335  -41.179  -73.662  -4.596 0.0000000000
124592  -42.960  -68.872  -10.887 0.0000000000
127651  -40.137  -70.630  -11.983 0.0000000000
127667  -33.363  -71.565  2.934 0.0000000000
128770  -34.890  -70.483  -0.697 0.0000000000
130058  -37.771  -69.847  -7.761 0.0000000000
130540  -42.535  -73.837  -6.750 0.0000000000
131140  -34.179  -70.899  -5.025 0.0000000000
133486  -30.386  -67.019  -0.059 0.0000000000
133527  -31.957  -68.576  -2.629 0.0000000000
136044  -37.578  -70.519  -10.198 0.0000000000
138657  -40.810  -66.653  -9.373 0.0000000000
138675  -35.381  -65.146  9.618 0.0000000000
139161  -33.238  -70.078  6.442 0.0000000000
139716  -31.269  -67.656  -1.984 0.0000000000
140224  -37.614  -64.316  -10.532 0.0000000000
141301  -33.880  -70.792  1.781 0.0000000000
141893  -34.075  -68.782  -5.832 0.0000000000
142188  -42.553  -68.916  -9.873 0.0000000000
142285  -31.742  -68.477  1.064 0.0000000000
