#!ascii label  , from subject sub-032304 vox2ras=TkReg
272
69823  -24.121  -8.763  -13.831 0.0000000000
72373  -21.867  -5.624  -17.141 0.0000000000
141814  -20.395  6.602  -19.087 0.0000000000
80446  -20.742  3.690  -16.819 0.0000000000
76810  -22.948  -0.096  -15.762 0.0000000000
74119  -25.480  -3.601  -13.700 0.0000000000
132127  -19.166  9.133  -19.156 0.0000000000
78673  -21.740  1.768  -16.340 0.0000000000
75966  -20.874  -1.694  -17.901 0.0000000000
70689  -22.669  -7.109  -15.746 0.0000000000
73266  -23.520  -4.469  -15.528 0.0000000000
72342  -24.691  -5.700  -14.185 0.0000000000
65186  -21.448  -13.425  -13.141 0.0000000000
68937  -22.221  -9.330  -15.380 0.0000000000
87766  -19.569  12.828  -16.573 0.0000000000
86987  -19.049  11.687  -19.720 0.0000000000
125319  -20.418  10.780  -20.103 0.0000000000
85411  -21.322  9.647  -18.743 0.0000000000
84618  -21.769  8.176  -16.965 0.0000000000
82164  -20.766  5.291  -17.962 0.0000000000
82995  -21.350  6.149  -15.891 0.0000000000
81281  -22.239  4.783  -14.924 0.0000000000
79554  -23.750  2.408  -14.370 0.0000000000
77684  -24.588  0.459  -14.379 0.0000000000
74147  -21.974  -2.960  -16.644 0.0000000000
75939  -24.027  -1.897  -15.285 0.0000000000
125281  -20.300  0.090  -18.122 0.0000000000
75983  -20.253  -2.023  -18.653 0.0000000000
130345  -23.554  -7.962  -14.863 0.0000000000
71506  -23.864  -6.422  -15.003 0.0000000000
70676  -24.534  -7.239  -14.057 0.0000000000
122535  -22.147  -17.445  -11.388 0.0000000000
63425  -21.958  -16.222  -11.788 0.0000000000
64297  -22.824  -15.009  -11.795 0.0000000000
68949  -21.157  -9.078  -16.677 0.0000000000
68935  -20.705  -10.112  -15.752 0.0000000000
86994  -19.432  11.083  -20.026 0.0000000000
84639  -20.007  8.455  -18.742 0.0000000000
132637  -20.161  9.116  -18.882 0.0000000000
84640  -21.050  8.509  -18.375 0.0000000000
84629  -22.008  9.606  -17.601 0.0000000000
83857  -21.347  7.535  -18.231 0.0000000000
81301  -20.426  4.392  -17.625 0.0000000000
129507  -21.238  5.792  -16.790 0.0000000000
81295  -21.135  4.514  -16.476 0.0000000000
82150  -21.697  5.482  -15.297 0.0000000000
128319  -21.556  3.852  -16.067 0.0000000000
77716  -22.483  0.412  -16.102 0.0000000000
78659  -22.363  1.707  -15.846 0.0000000000
139810  -23.261  0.991  -15.239 0.0000000000
78640  -24.345  1.325  -14.402 0.0000000000
76792  -24.027  -0.092  -15.106 0.0000000000
73295  -20.802  -4.899  -18.404 0.0000000000
74162  -21.211  -3.240  -17.318 0.0000000000
124729  -21.730  -3.888  -16.853 0.0000000000
73267  -24.242  -4.007  -15.127 0.0000000000
74139  -24.040  -3.098  -15.305 0.0000000000
74127  -24.427  -3.117  -14.848 0.0000000000
75925  -24.498  -1.403  -14.674 0.0000000000
124678  -25.433  -2.134  -13.386 0.0000000000
65187  -22.147  -12.860  -13.007 0.0000000000
66085  -21.112  -12.167  -14.070 0.0000000000
126292  -22.492  -11.892  -13.582 0.0000000000
67983  -23.127  -10.803  -13.820 0.0000000000
78681  -20.485  1.688  -17.774 0.0000000000
79580  -21.223  2.609  -16.602 0.0000000000
77727  -20.913  0.892  -17.236 0.0000000000
124255  -21.282  0.266  -16.809 0.0000000000
142929  -21.884  -0.510  -16.495 0.0000000000
71528  -22.303  -6.095  -16.640 0.0000000000
72374  -22.387  -5.259  -16.625 0.0000000000
72361  -22.946  -5.738  -16.227 0.0000000000
72363  -24.049  -5.034  -15.242 0.0000000000
73244  -24.953  -4.900  -13.830 0.0000000000
124019  -22.773  -13.759  -12.418 0.0000000000
70716  -21.305  -7.083  -17.087 0.0000000000
121094  -21.542  -7.687  -16.576 0.0000000000
69854  -22.389  -8.579  -15.511 0.0000000000
68925  -22.945  -8.775  -14.867 0.0000000000
89139  -20.380  14.367  -16.622 0.0000000000
86974  -18.777  11.616  -16.106 0.0000000000
87773  -19.403  12.282  -18.017 0.0000000000
87781  -18.897  12.908  -20.290 0.0000000000
87783  -20.483  12.055  -20.748 0.0000000000
86996  -21.280  11.451  -19.953 0.0000000000
85409  -19.154  9.946  -19.048 0.0000000000
86208  -20.840  10.293  -19.403 0.0000000000
86997  -22.021  11.350  -18.261 0.0000000000
86198  -22.065  10.648  -17.838 0.0000000000
86186  -22.683  10.238  -17.019 0.0000000000
85388  -22.686  9.143  -15.667 0.0000000000
83010  -20.973  6.048  -18.586 0.0000000000
83011  -21.362  6.730  -18.107 0.0000000000
83841  -21.647  7.534  -16.597 0.0000000000
139045  -22.820  8.216  -15.044 0.0000000000
83821  -22.916  7.524  -14.304 0.0000000000
82134  -23.341  5.446  -13.909 0.0000000000
80448  -21.976  3.165  -15.582 0.0000000000
80434  -22.529  3.115  -14.834 0.0000000000
126555  -20.772  -2.595  -17.928 0.0000000000
75052  -21.400  -2.301  -17.333 0.0000000000
75954  -22.680  -1.682  -16.146 0.0000000000
74138  -22.887  -4.015  -15.893 0.0000000000
75036  -23.212  -2.316  -15.825 0.0000000000
75938  -23.630  -1.423  -15.481 0.0000000000
76812  -24.077  -1.001  -15.155 0.0000000000
77685  -25.098  -0.075  -13.906 0.0000000000
68008  -21.936  -10.228  -15.222 0.0000000000
67994  -23.030  -10.062  -14.016 0.0000000000
68911  -24.193  -9.600  -13.412 0.0000000000
70675  -24.040  -7.210  -14.695 0.0000000000
69838  -24.082  -7.941  -14.237 0.0000000000
69824  -24.627  -8.055  -13.632 0.0000000000
61617  -22.822  -17.231  -11.088 0.0000000000
62505  -22.417  -16.700  -11.460 0.0000000000
62506  -23.144  -16.466  -11.176 0.0000000000
83855  -19.905  7.499  -18.905 0.0000000000
83856  -20.805  7.743  -18.516 0.0000000000
83020  -20.882  6.809  -18.659 0.0000000000
80458  -20.311  3.606  -17.652 0.0000000000
81294  -20.666  4.629  -17.118 0.0000000000
81280  -21.617  4.634  -15.675 0.0000000000
77701  -22.775  0.891  -15.693 0.0000000000
141239  -22.882  0.387  -15.729 0.0000000000
77702  -23.332  0.321  -15.475 0.0000000000
72390  -21.345  -5.198  -17.669 0.0000000000
73296  -21.135  -4.202  -17.590 0.0000000000
73277  -21.803  -4.761  -17.057 0.0000000000
73256  -24.952  -3.932  -14.351 0.0000000000
75009  -25.077  -2.859  -14.101 0.0000000000
74999  -25.682  -2.864  -13.213 0.0000000000
66072  -22.865  -12.273  -12.962 0.0000000000
77737  -20.097  1.113  -18.180 0.0000000000
136326  -20.489  0.761  -17.751 0.0000000000
76833  -20.809  -0.754  -17.598 0.0000000000
77726  -20.828  0.115  -17.397 0.0000000000
76834  -21.370  -0.497  -16.819 0.0000000000
75967  -21.369  -1.417  -17.117 0.0000000000
71516  -22.662  -6.451  -16.167 0.0000000000
71517  -23.336  -6.276  -15.668 0.0000000000
71507  -24.396  -6.461  -14.444 0.0000000000
140043  -23.784  -5.761  -15.258 0.0000000000
72354  -24.203  -5.698  -14.786 0.0000000000
127250  -24.503  -4.857  -14.597 0.0000000000
72343  -25.144  -5.755  -13.478 0.0000000000
61616  -21.319  -17.621  -11.555 0.0000000000
60691  -20.928  -18.466  -11.267 0.0000000000
64317  -22.304  -14.444  -12.432 0.0000000000
69853  -21.762  -8.814  -15.935 0.0000000000
88466  -20.196  13.451  -16.213 0.0000000000
133419  -19.800  13.833  -17.320 0.0000000000
89143  -19.593  14.449  -17.900 0.0000000000
87772  -19.086  11.701  -18.338 0.0000000000
123500  -19.133  12.460  -19.084 0.0000000000
132970  -18.550  12.932  -20.050 0.0000000000
87782  -19.241  12.255  -20.430 0.0000000000
86995  -19.854  11.460  -20.431 0.0000000000
133643  -20.940  9.232  -18.676 0.0000000000
85410  -20.385  9.760  -19.298 0.0000000000
86209  -21.391  10.887  -18.939 0.0000000000
86197  -21.588  10.183  -18.584 0.0000000000
84628  -21.812  8.773  -17.387 0.0000000000
84619  -22.265  8.845  -16.756 0.0000000000
85398  -22.573  9.571  -16.596 0.0000000000
138339  -20.364  4.841  -18.142 0.0000000000
81308  -19.869  4.691  -18.508 0.0000000000
82165  -21.089  5.944  -17.656 0.0000000000
83002  -21.397  6.691  -16.911 0.0000000000
83833  -21.707  7.068  -15.901 0.0000000000
83842  -22.218  8.047  -16.023 0.0000000000
83834  -22.440  7.344  -15.178 0.0000000000
82996  -22.086  6.425  -15.202 0.0000000000
82133  -22.411  5.762  -14.439 0.0000000000
81262  -22.865  4.943  -14.375 0.0000000000
79581  -21.877  2.483  -15.965 0.0000000000
79569  -22.951  2.300  -14.690 0.0000000000
79568  -22.441  2.400  -15.402 0.0000000000
80435  -23.326  3.127  -14.377 0.0000000000
132341  -23.784  3.763  -13.800 0.0000000000
141335  -25.231  0.630  -13.775 0.0000000000
138817  -20.259  -2.905  -18.407 0.0000000000
75034  -21.962  -1.986  -16.603 0.0000000000
75035  -22.563  -2.417  -16.270 0.0000000000
73265  -22.890  -4.902  -16.027 0.0000000000
73278  -22.358  -4.440  -16.504 0.0000000000
75021  -24.026  -2.506  -15.329 0.0000000000
75020  -23.651  -2.747  -15.611 0.0000000000
120765  -23.765  -2.154  -15.549 0.0000000000
138846  -23.336  -1.790  -15.704 0.0000000000
76794  -25.136  -0.898  -14.099 0.0000000000
67993  -22.461  -10.494  -14.366 0.0000000000
130620  -23.662  -10.192  -13.553 0.0000000000
76849  -20.311  -0.997  -18.373 0.0000000000
70690  -23.439  -7.159  -15.237 0.0000000000
71495  -24.910  -6.527  -13.848 0.0000000000
70663  -25.116  -7.324  -13.503 0.0000000000
63446  -21.942  -15.471  -12.234 0.0000000000
143089  -21.061  -8.683  -16.924 0.0000000000
138084  -20.713  -9.609  -16.238 0.0000000000
68936  -21.393  -9.589  -15.786 0.0000000000
87760  -19.390  12.284  -15.786 0.0000000000
86986  -18.850  11.164  -19.217 0.0000000000
86206  -19.053  10.754  -19.349 0.0000000000
132860  -21.354  9.052  -17.946 0.0000000000
132234  -21.542  8.264  -17.760 0.0000000000
82157  -20.927  5.229  -17.052 0.0000000000
82149  -21.211  5.265  -16.124 0.0000000000
80433  -22.301  3.932  -15.409 0.0000000000
133147  -22.262  1.120  -16.139 0.0000000000
78660  -22.867  1.618  -15.227 0.0000000000
78639  -23.510  1.583  -14.672 0.0000000000
77683  -23.823  0.724  -14.874 0.0000000000
74161  -20.672  -3.442  -18.002 0.0000000000
122666  -23.519  -3.592  -15.551 0.0000000000
75008  -24.412  -2.269  -14.671 0.0000000000
75926  -24.946  -1.795  -14.015 0.0000000000
75918  -25.602  -1.236  -13.189 0.0000000000
66071  -21.590  -12.621  -13.511 0.0000000000
131020  -22.190  -12.331  -13.404 0.0000000000
67010  -21.886  -11.978  -13.807 0.0000000000
67011  -22.365  -11.331  -14.026 0.0000000000
67012  -23.106  -11.533  -13.480 0.0000000000
79602  -20.134  2.594  -18.290 0.0000000000
79591  -20.519  2.740  -17.443 0.0000000000
78672  -20.952  1.754  -16.874 0.0000000000
77715  -21.578  0.884  -16.549 0.0000000000
123697  -21.835  0.017  -16.501 0.0000000000
76824  -22.465  -0.437  -16.226 0.0000000000
71527  -21.789  -6.408  -17.014 0.0000000000
72362  -23.479  -5.370  -15.658 0.0000000000
73245  -25.470  -4.226  -13.633 0.0000000000
71496  -25.383  -6.584  -13.181 0.0000000000
64316  -21.387  -14.725  -12.541 0.0000000000
65170  -21.621  -14.034  -12.656 0.0000000000
65171  -22.174  -13.584  -12.667 0.0000000000
65172  -23.465  -13.474  -12.336 0.0000000000
71540  -21.208  -6.158  -17.495 0.0000000000
70704  -22.073  -6.991  -16.493 0.0000000000
69869  -21.435  -8.412  -16.519 0.0000000000
69870  -22.078  -7.931  -15.984 0.0000000000
69855  -22.903  -7.960  -15.409 0.0000000000
69837  -23.630  -8.571  -14.392 0.0000000000
89134  -20.595  14.262  -15.541 0.0000000000
87765  -18.862  12.191  -16.999 0.0000000000
88470  -19.549  13.115  -17.561 0.0000000000
125607  -19.239  13.529  -18.781 0.0000000000
87792  -19.717  12.640  -20.960 0.0000000000
88479  -20.660  12.694  -20.711 0.0000000000
128113  -21.505  12.211  -20.050 0.0000000000
142049  -19.596  10.248  -19.453 0.0000000000
86207  -19.915  10.533  -19.880 0.0000000000
87784  -22.114  12.032  -18.679 0.0000000000
86199  -22.796  11.024  -17.399 0.0000000000
128688  -20.588  6.116  -19.141 0.0000000000
83848  -21.542  7.502  -17.541 0.0000000000
82986  -22.609  6.772  -14.341 0.0000000000
82972  -23.714  6.835  -13.577 0.0000000000
82120  -23.959  6.104  -13.455 0.0000000000
80447  -21.520  3.184  -16.270 0.0000000000
81282  -22.928  4.044  -14.478 0.0000000000
137546  -24.193  1.933  -14.352 0.0000000000
75953  -21.993  -1.092  -16.491 0.0000000000
142616  -22.564  -1.051  -16.231 0.0000000000
140244  -22.385  -3.683  -16.407 0.0000000000
140777  -22.935  -3.066  -16.043 0.0000000000
75937  -23.030  -1.008  -15.846 0.0000000000
76811  -23.525  -0.560  -15.480 0.0000000000
76793  -24.581  -0.517  -14.585 0.0000000000
140665  -21.299  -10.179  -15.516 0.0000000000
123905  -22.668  -9.716  -14.656 0.0000000000
68910  -23.493  -9.393  -14.140 0.0000000000
66057  -22.791  -13.028  -12.518 0.0000000000
