#!ascii label  , from subject sub-032304 vox2ras=TkReg
750
60691  -20.928  -18.466  -11.267 0.4285714328
61616  -21.319  -17.621  -11.555 0.2857142985
122535  -22.147  -17.445  -11.388 0.4285714328
62506  -23.144  -16.466  -11.176 0.4285714328
62522  -21.297  -16.236  -12.185 0.2857142985
63425  -21.958  -16.222  -11.788 0.4285714328
64297  -22.824  -15.009  -11.795 0.4285714328
64316  -21.387  -14.725  -12.541 0.4285714328
64317  -22.304  -14.444  -12.432 0.4285714328
65171  -22.174  -13.584  -12.667 0.4285714328
65187  -22.147  -12.860  -13.007 0.4285714328
66085  -21.112  -12.167  -14.070 0.5714285970
131020  -22.190  -12.331  -13.404 0.5714285970
66072  -22.865  -12.273  -12.962 0.4285714328
66997  -23.743  -11.782  -12.783 0.2857142985
67010  -21.886  -11.978  -13.807 0.7142857313
67012  -23.106  -11.533  -13.480 0.7142857313
130620  -23.662  -10.192  -13.553 0.7142857313
67983  -23.127  -10.803  -13.820 0.7142857313
69823  -24.121  -8.763  -13.831 0.5714285970
67994  -23.030  -10.062  -14.016 0.5714285970
68910  -23.493  -9.393  -14.140 0.5714285970
69837  -23.630  -8.571  -14.392 0.5714285970
123905  -22.668  -9.716  -14.656 0.5714285970
69824  -24.627  -8.055  -13.632 0.4285714328
70675  -24.040  -7.210  -14.695 0.5714285970
71507  -24.396  -6.461  -14.444 0.5714285970
69855  -22.903  -7.960  -15.409 0.7142857313
72342  -24.691  -5.700  -14.185 0.5714285970
130345  -23.554  -7.962  -14.863 0.5714285970
69853  -21.762  -8.814  -15.935 0.5714285970
70690  -23.439  -7.159  -15.237 0.8571428657
72354  -24.203  -5.698  -14.786 0.7142857313
70689  -22.669  -7.109  -15.746 0.7142857313
70704  -22.073  -6.991  -16.493 0.5714285970
72363  -24.049  -5.034  -15.242 0.7142857313
73244  -24.953  -4.900  -13.830 0.5714285970
71517  -23.336  -6.276  -15.668 0.7142857313
73267  -24.242  -4.007  -15.127 0.5714285970
140043  -23.784  -5.761  -15.258 0.7142857313
73256  -24.952  -3.932  -14.351 0.5714285970
72361  -22.946  -5.738  -16.227 0.5714285970
72362  -23.479  -5.370  -15.658 0.7142857313
74139  -24.040  -3.098  -15.305 0.7142857313
74127  -24.427  -3.117  -14.848 0.7142857313
74138  -22.887  -4.015  -15.893 0.7142857313
122666  -23.519  -3.592  -15.551 0.7142857313
75939  -24.027  -1.897  -15.285 0.7142857313
75021  -24.026  -2.506  -15.329 0.5714285970
72374  -22.387  -5.259  -16.625 0.5714285970
76812  -24.077  -1.001  -15.155 0.5714285970
140777  -22.935  -3.066  -16.043 0.8571428657
75938  -23.630  -1.423  -15.481 0.7142857313
75036  -23.212  -2.316  -15.825 0.8571428657
138846  -23.336  -1.790  -15.704 0.7142857313
141239  -22.882  0.387  -15.729 0.8571428657
76792  -24.027  -0.092  -15.106 0.5714285970
75937  -23.030  -1.008  -15.846 0.8571428657
142616  -22.564  -1.051  -16.231 0.8571428657
75954  -22.680  -1.682  -16.146 0.8571428657
133147  -22.262  1.120  -16.139 0.8571428657
78659  -22.363  1.707  -15.846 0.8571428657
80448  -21.976  3.165  -15.582 0.8571428657
76810  -22.948  -0.096  -15.762 0.8571428657
78673  -21.740  1.768  -16.340 1.0000000000
79581  -21.877  2.483  -15.965 1.0000000000
77716  -22.483  0.412  -16.102 0.8571428657
80446  -20.742  3.690  -16.819 1.0000000000
81301  -20.426  4.392  -17.625 0.7142857313
80447  -21.520  3.184  -16.270 1.0000000000
79580  -21.223  2.609  -16.602 1.0000000000
81295  -21.135  4.514  -16.476 1.0000000000
83848  -21.542  7.502  -17.541 1.0000000000
83020  -20.882  6.809  -18.659 0.8571428657
84640  -21.050  8.509  -18.375 0.8571428657
83857  -21.347  7.535  -18.231 1.0000000000
125319  -20.418  10.780  -20.103 0.8571428657
85410  -20.385  9.760  -19.298 0.8571428657
133643  -20.940  9.232  -18.676 1.0000000000
86995  -19.854  11.460  -20.431 0.8571428657
87782  -19.241  12.255  -20.430 0.7142857313
86986  -18.850  11.164  -19.217 0.5714285970
123500  -19.133  12.460  -19.084 0.7142857313
132970  -18.550  12.932  -20.050 0.5714285970
87765  -18.862  12.191  -16.999 0.5714285970
87772  -19.086  11.701  -18.338 0.5714285970
87766  -19.569  12.828  -16.573 0.4285714328
133419  -19.800  13.833  -17.320 0.4285714328
89143  -19.593  14.449  -17.900 0.4285714328
87757  -20.246  13.053  -14.561 0.2857142985
141804  -20.197  13.285  -13.780 0.2857142985
87761  -20.213  12.856  -15.512 0.2857142985
135780  -21.633  -16.854  -11.689 0.2857142985
127250  -24.503  -4.857  -14.597 0.5714285970
120765  -23.765  -2.154  -15.549 0.7142857313
77702  -23.332  0.321  -15.475 0.8571428657
139810  -23.261  0.991  -15.239 0.8571428657
78660  -22.867  1.618  -15.227 0.8571428657
79568  -22.441  2.400  -15.402 0.8571428657
82157  -20.927  5.229  -17.052 0.8571428657
88454  -20.642  14.143  -11.926 0.1428571492
62504  -20.825  -16.979  -11.971 0.2857142985
63445  -20.968  -15.495  -12.467 0.2857142985
63446  -21.942  -15.471  -12.234 0.2857142985
124019  -22.773  -13.759  -12.418 0.4285714328
65172  -23.465  -13.474  -12.336 0.4285714328
65186  -21.448  -13.425  -13.141 0.5714285970
136956  -21.624  -11.575  -14.231 0.2857142985
67011  -22.365  -11.331  -14.026 0.7142857313
67993  -22.461  -10.494  -14.366 0.7142857313
70663  -25.116  -7.324  -13.503 0.4285714328
68937  -22.221  -9.330  -15.380 0.7142857313
69854  -22.389  -8.579  -15.511 0.7142857313
69838  -24.082  -7.941  -14.237 0.7142857313
70676  -24.534  -7.239  -14.057 0.5714285970
71506  -23.864  -6.422  -15.003 0.7142857313
69870  -22.078  -7.931  -15.984 0.5714285970
75009  -25.077  -2.859  -14.101 0.5714285970
71516  -22.662  -6.451  -16.167 0.5714285970
73266  -23.520  -4.469  -15.528 0.7142857313
75020  -23.651  -2.747  -15.611 0.7142857313
76824  -22.465  -0.437  -16.226 1.0000000000
77727  -20.913  0.892  -17.236 1.0000000000
80458  -20.311  3.606  -17.652 0.8571428657
82164  -20.766  5.291  -17.962 0.7142857313
129507  -21.238  5.792  -16.790 1.0000000000
83011  -21.362  6.730  -18.107 0.7142857313
82165  -21.089  5.944  -17.656 1.0000000000
83010  -20.973  6.048  -18.586 0.7142857313
132860  -21.354  9.052  -17.946 1.0000000000
86994  -19.432  11.083  -20.026 0.7142857313
87773  -19.403  12.282  -18.017 0.7142857313
86974  -18.777  11.616  -16.106 0.4285714328
88462  -20.547  13.509  -15.107 0.2857142985
88466  -20.196  13.451  -16.213 0.4285714328
125607  -19.239  13.529  -18.781 0.4285714328
89139  -20.380  14.367  -16.622 0.4285714328
88459  -20.582  13.674  -14.215 0.2857142985
89134  -20.595  14.262  -15.541 0.4285714328
68008  -21.936  -10.228  -15.222 0.4285714328
88470  -19.549  13.115  -17.561 0.7142857313
61615  -20.442  -17.746  -11.750 0.2857142985
61617  -22.822  -17.231  -11.088 0.4285714328
62505  -22.417  -16.700  -11.460 0.4285714328
64330  -20.938  -14.118  -12.802 0.2857142985
65170  -21.621  -14.034  -12.656 0.4285714328
66071  -21.590  -12.621  -13.511 0.4285714328
126292  -22.492  -11.892  -13.582 0.4285714328
68925  -22.945  -8.775  -14.867 0.5714285970
71495  -24.910  -6.527  -13.848 0.5714285970
73265  -22.890  -4.902  -16.027 0.8571428657
73278  -22.358  -4.440  -16.504 0.8571428657
76811  -23.525  -0.560  -15.480 0.8571428657
77701  -22.775  0.891  -15.693 0.8571428657
86987  -19.049  11.687  -19.720 0.7142857313
87760  -19.390  12.284  -15.786 0.4285714328
87753  -19.663  12.727  -13.699 0.2857142985
138256  -20.550  13.655  -13.356 0.2857142985
88456  -20.365  13.599  -12.364 0.1428571492
67992  -21.730  -10.968  -14.607 0.2857142985
136729  -20.347  17.735  -16.939 0.2857142985
91411  -20.972  17.778  -15.614 0.1428571492
126208  -20.360  15.950  -17.172 0.2857142985
90642  -20.284  16.833  -17.049 0.2857142985
90636  -20.721  16.674  -15.523 0.1428571492
133323  -20.984  17.240  -14.931 0.1428571492
89135  -21.324  14.906  -15.083 0.1428571492
89837  -20.645  15.069  -15.892 0.2857142985
89838  -21.183  15.577  -15.265 0.1428571492
91444  -19.355  17.088  -19.027 0.2857142985
138571  -20.850  15.908  -20.528 0.2857142985
90680  -18.994  15.977  -21.151 0.2857142985
125615  -21.627  17.357  -14.240 0.1428571492
89164  -18.881  14.229  -20.860 0.2857142985
90664  -19.358  15.956  -19.517 0.2857142985
89154  -22.072  14.210  -19.251 0.1428571492
89864  -19.030  15.126  -21.272 0.2857142985
125722  -18.728  15.732  -20.716 0.2857142985
90633  -21.172  16.484  -14.708 0.1428571492
89852  -18.598  14.790  -20.278 0.2857142985
89847  -19.591  15.313  -18.447 0.2857142985
89156  -24.150  14.974  -18.017 0.1428571492
89155  -23.131  14.638  -18.451 0.1428571492
89165  -19.843  14.268  -20.985 0.4285714328
89151  -18.340  13.708  -20.229 0.2857142985
86988  -23.020  11.733  -17.923 0.2857142985
128113  -21.505  12.211  -20.050 0.4285714328
88488  -19.854  13.362  -21.067 0.2857142985
86989  -23.608  11.481  -17.004 0.1428571492
87785  -22.431  12.722  -18.704 0.2857142985
88479  -20.660  12.694  -20.711 0.4285714328
86996  -21.280  11.451  -19.953 0.5714285970
87783  -20.483  12.055  -20.748 0.7142857313
85399  -23.109  9.952  -16.151 0.1428571492
86199  -22.796  11.024  -17.399 0.1428571492
87781  -18.897  12.908  -20.290 0.4285714328
86997  -22.021  11.350  -18.261 0.4285714328
85389  -23.618  9.628  -15.465 0.2857142985
85388  -22.686  9.143  -15.667 0.7142857313
132234  -21.542  8.264  -17.760 0.8571428657
84629  -22.008  9.606  -17.601 0.8571428657
86197  -21.588  10.183  -18.584 0.5714285970
126285  -23.596  8.167  -14.420 0.2857142985
84595  -23.497  8.882  -14.992 0.2857142985
86198  -22.065  10.648  -17.838 0.7142857313
85409  -19.154  9.946  -19.048 0.5714285970
85411  -21.322  9.647  -18.743 0.8571428657
83821  -22.916  7.524  -14.304 0.1428571492
83842  -22.218  8.047  -16.023 0.7142857313
137176  -23.084  7.047  -13.847 0.1428571492
125281  -20.300  0.090  -18.122 0.5714285970
78681  -20.485  1.688  -17.774 0.8571428657
79591  -20.519  2.740  -17.443 0.8571428657
82149  -21.211  5.265  -16.124 0.8571428657
82987  -23.121  6.352  -13.821 0.2857142985
83833  -21.707  7.068  -15.901 0.8571428657
83841  -21.647  7.534  -16.597 0.8571428657
82120  -23.959  6.104  -13.455 0.4285714328
82996  -22.086  6.425  -15.202 0.7142857313
76848  -19.660  -0.296  -18.803 0.2857142985
136326  -20.489  0.761  -17.751 0.5714285970
82995  -21.350  6.149  -15.891 0.8571428657
83002  -21.397  6.691  -16.911 0.8571428657
82133  -22.411  5.762  -14.439 0.4285714328
82150  -21.697  5.482  -15.297 0.8571428657
82134  -23.341  5.446  -13.909 0.4285714328
73296  -21.135  -4.202  -17.590 0.7142857313
74161  -20.672  -3.442  -18.002 0.4285714328
124729  -21.730  -3.888  -16.853 0.7142857313
74147  -21.974  -2.960  -16.644 0.8571428657
126555  -20.772  -2.595  -17.928 0.5714285970
75966  -20.874  -1.694  -17.901 0.5714285970
75983  -20.253  -2.023  -18.653 0.4285714328
75967  -21.369  -1.417  -17.117 0.8571428657
123697  -21.835  0.017  -16.501 0.8571428657
124255  -21.282  0.266  -16.809 0.7142857313
77726  -20.828  0.115  -17.397 0.5714285970
80434  -22.529  3.115  -14.834 0.7142857313
80433  -22.301  3.932  -15.409 0.7142857313
81280  -21.617  4.634  -15.675 0.8571428657
141747  -24.036  3.058  -14.024 0.2857142985
132341  -23.784  3.763  -13.800 0.4285714328
81282  -22.928  4.044  -14.478 0.5714285970
71528  -22.303  -6.095  -16.640 0.4285714328
72373  -21.867  -5.624  -17.141 0.4285714328
73295  -20.802  -4.899  -18.404 0.4285714328
75035  -22.563  -2.417  -16.270 0.7142857313
142929  -21.884  -0.510  -16.495 0.8571428657
78639  -23.510  1.583  -14.672 0.7142857313
79554  -23.750  2.408  -14.370 0.2857142985
79569  -22.951  2.300  -14.690 0.5714285970
70716  -21.305  -7.083  -17.087 0.5714285970
73277  -21.803  -4.761  -17.057 0.5714285970
140244  -22.385  -3.683  -16.407 0.7142857313
78640  -24.345  1.325  -14.402 0.4285714328
137546  -24.193  1.933  -14.352 0.4285714328
73245  -25.470  -4.226  -13.633 0.4285714328
74119  -25.480  -3.601  -13.700 0.4285714328
76794  -25.136  -0.898  -14.099 0.4285714328
77685  -25.098  -0.075  -13.906 0.4285714328
76793  -24.581  -0.517  -14.585 0.4285714328
66058  -23.687  -12.673  -12.565 0.1428571492
75926  -24.946  -1.795  -14.015 0.4285714328
66998  -24.548  -11.211  -12.535 0.1428571492
128300  -24.759  -8.952  -13.099 0.2857142985
72334  -26.160  -5.147  -12.588 0.2857142985
74111  -26.489  -3.760  -12.170 0.2857142985
131841  -25.886  -4.314  -12.866 0.2857142985
71496  -25.383  -6.584  -13.181 0.4285714328
74987  -26.323  -2.935  -12.509 0.2857142985
142483  -25.678  -3.920  -13.397 0.2857142985
119595  -25.465  -5.013  -13.131 0.2857142985
74999  -25.682  -2.864  -13.213 0.2857142985
66059  -24.425  -12.216  -12.341 0.1428571492
67968  -24.955  -10.436  -12.553 0.2857142985
125303  -24.658  -9.785  -12.855 0.2857142985
70650  -26.121  -7.328  -12.473 0.2857142985
131320  -26.385  -5.979  -12.295 0.2857142985
71484  -25.925  -6.661  -12.630 0.2857142985
70664  -25.603  -7.348  -12.871 0.2857142985
66983  -25.055  -11.779  -11.941 0.1428571492
68887  -26.362  -9.290  -11.447 0.2857142985
138052  -25.373  -10.382  -12.171 0.2857142985
68886  -25.615  -8.961  -11.897 0.2857142985
68897  -25.189  -9.624  -12.440 0.2857142985
67967  -24.305  -10.380  -12.965 0.2857142985
69815  -25.820  -8.068  -12.401 0.2857142985
63426  -22.636  -15.901  -11.597 0.2857142985
65157  -23.973  -13.867  -11.900 0.1428571492
64318  -23.166  -14.211  -12.135 0.2857142985
65173  -24.257  -13.121  -12.234 0.1428571492
60679  -21.624  -18.933  -10.712 0.2857142985
59802  -20.920  -19.216  -10.871 0.2857142985
64298  -23.644  -14.653  -11.522 0.2857142985
60680  -22.560  -18.538  -10.554 0.1428571492
137020  -21.348  -19.803  -10.464 0.2857142985
58964  -20.734  -20.336  -10.459 0.1428571492
66999  -25.291  -11.022  -12.164 0.1428571492
128444  -25.731  -9.831  -11.791 0.2857142985
69804  -26.303  -8.376  -11.737 0.2857142985
73236  -26.477  -4.582  -12.280 0.2857142985
75000  -26.106  -1.991  -12.562 0.2857142985
74162  -21.211  -3.240  -17.318 0.7142857313
75918  -25.602  -1.236  -13.189 0.4285714328
76833  -20.809  -0.754  -17.598 0.5714285970
75925  -24.498  -1.403  -14.674 0.4285714328
77683  -23.823  0.724  -14.874 0.4285714328
124461  -24.863  2.022  -14.078 0.2857142985
79555  -24.451  2.524  -13.987 0.2857142985
80435  -23.326  3.127  -14.377 0.5714285970
81281  -22.239  4.783  -14.924 0.7142857313
86206  -19.053  10.754  -19.349 0.5714285970
86208  -20.840  10.293  -19.403 0.7142857313
81263  -23.523  4.607  -13.900 0.2857142985
84618  -21.769  8.176  -16.965 0.8571428657
139045  -22.820  8.216  -15.044 0.5714285970
89152  -18.696  14.339  -19.437 0.2857142985
87784  -22.114  12.032  -18.679 0.4285714328
90631  -21.343  16.430  -13.870 0.1428571492
89166  -21.284  14.660  -20.320 0.2857142985
138721  -22.529  -17.841  -11.008 0.1428571492
66984  -25.685  -11.506  -11.677 0.1428571492
67952  -25.777  -10.717  -11.748 0.1428571492
68911  -24.193  -9.600  -13.412 0.2857142985
121505  -25.294  -8.718  -12.563 0.2857142985
72325  -27.093  -6.119  -11.534 0.2857142985
72326  -26.865  -5.185  -11.892 0.2857142985
71527  -21.789  -6.408  -17.014 0.5714285970
72389  -20.801  -5.646  -17.964 0.2857142985
74988  -26.858  -2.318  -12.033 0.2857142985
138711  -26.427  -1.178  -12.516 0.2857142985
138817  -20.259  -2.905  -18.407 0.4285714328
76849  -20.311  -0.997  -18.373 0.5714285970
75008  -24.412  -2.269  -14.671 0.4285714328
77736  -19.705  0.705  -18.738 0.2857142985
133768  -25.807  0.376  -13.406 0.1428571492
141335  -25.231  0.630  -13.775 0.4285714328
77684  -24.588  0.459  -14.379 0.4285714328
78641  -25.043  1.295  -13.902 0.1428571492
81262  -22.865  4.943  -14.375 0.5714285970
82986  -22.609  6.772  -14.341 0.7142857313
84628  -21.812  8.773  -17.387 0.8571428657
82973  -24.569  6.696  -13.605 0.2857142985
83808  -24.275  7.264  -13.693 0.1428571492
82972  -23.714  6.835  -13.577 0.4285714328
84596  -24.322  8.706  -14.590 0.1428571492
86186  -22.683  10.238  -17.019 0.5714285970
85381  -24.185  9.307  -15.006 0.1428571492
86187  -23.441  10.689  -16.636 0.1428571492
89834  -21.150  15.703  -14.425 0.1428571492
86178  -23.937  10.366  -15.862 0.1428571492
87774  -23.691  12.250  -17.370 0.1428571492
89153  -20.857  13.686  -20.514 0.2857142985
88480  -21.719  13.238  -19.501 0.2857142985
139114  -23.093  12.261  -18.200 0.2857142985
88471  -23.570  13.026  -17.839 0.1428571492
89144  -23.912  14.047  -17.964 0.1428571492
89865  -20.423  15.233  -20.483 0.2857142985
89866  -21.910  15.594  -20.227 0.2857142985
89867  -22.904  15.794  -19.446 0.1428571492
62489  -23.516  -17.066  -10.675 0.1428571492
66046  -24.884  -12.646  -11.801 0.1428571492
73237  -27.066  -4.363  -11.631 0.2857142985
80417  -24.597  3.426  -13.550 0.2857142985
90665  -23.756  16.252  -19.136 0.1428571492
90681  -21.614  16.461  -20.271 0.2857142985
59801  -20.247  -19.088  -11.117 0.2857142985
60692  -21.933  -18.178  -11.221 0.2857142985
63427  -23.462  -15.562  -11.248 0.1428571492
66057  -22.791  -13.028  -12.518 0.1428571492
67966  -23.778  -10.969  -13.157 0.2857142985
72343  -25.144  -5.755  -13.478 0.4285714328
75953  -21.993  -1.092  -16.491 0.7142857313
78672  -20.952  1.754  -16.874 0.8571428657
77715  -21.578  0.884  -16.549 0.8571428657
128319  -21.556  3.852  -16.067 0.8571428657
81294  -20.666  4.629  -17.118 0.8571428657
86207  -19.915  10.533  -19.880 0.5714285970
87792  -19.717  12.640  -20.960 0.5714285970
88487  -19.137  13.336  -20.638 0.2857142985
69825  -25.298  -8.097  -13.114 0.2857142985
89841  -20.577  15.145  -17.087 0.2857142985
75034  -21.962  -1.986  -16.603 0.8571428657
91420  -20.561  17.287  -16.298 0.1428571492
139514  -20.503  16.495  -16.373 0.2857142985
89842  -20.596  15.851  -16.148 0.2857142985
90652  -19.992  16.379  -18.115 0.2857142985
89873  -19.549  15.961  -21.103 0.2857142985
89863  -18.592  15.263  -20.866 0.2857142985
89853  -22.468  15.087  -19.283 0.1428571492
133850  -23.496  15.432  -18.718 0.1428571492
88481  -22.805  13.659  -18.526 0.1428571492
87775  -24.399  12.715  -17.182 0.1428571492
86209  -21.391  10.887  -18.939 0.7142857313
85398  -22.573  9.571  -16.596 0.4285714328
84619  -22.265  8.845  -16.756 0.7142857313
79602  -20.134  2.594  -18.290 0.4285714328
77737  -20.097  1.113  -18.180 0.4285714328
83834  -22.440  7.344  -15.178 0.8571428657
72390  -21.345  -5.198  -17.669 0.5714285970
75052  -21.400  -2.301  -17.333 0.7142857313
75068  -19.548  -2.870  -18.972 0.2857142985
76834  -21.370  -0.497  -16.819 0.8571428657
71540  -21.208  -6.158  -17.495 0.5714285970
124678  -25.433  -2.134  -13.386 0.4285714328
74110  -25.861  -3.575  -13.000 0.2857142985
131139  -25.609  -5.836  -12.768 0.2857142985
71485  -26.523  -6.846  -12.176 0.2857142985
59793  -22.235  -19.428  -10.230 0.1428571492
60681  -23.449  -18.459  -10.241 0.1428571492
61603  -23.140  -17.807  -10.663 0.1428571492
63411  -23.918  -16.223  -10.716 0.1428571492
89131  -21.032  14.954  -14.108 0.1428571492
132127  -19.166  9.133  -19.156 0.5714285970
83855  -19.905  7.499  -18.905 0.4285714328
84639  -20.007  8.455  -18.742 0.4285714328
141814  -20.395  6.602  -19.087 0.4285714328
132637  -20.161  9.116  -18.882 0.4285714328
81308  -19.869  4.691  -18.508 0.4285714328
128688  -20.588  6.116  -19.141 0.4285714328
83856  -20.805  7.743  -18.516 0.5714285970
74113  -28.027  -2.855  -11.400 0.1428571492
119184  -27.026  -2.935  -11.702 0.1428571492
66084  -20.425  -12.537  -14.079 0.2857142985
74978  -29.676  -2.866  -11.060 0.1428571492
74103  -28.396  -3.410  -10.880 0.1428571492
139563  -30.217  -2.561  -11.763 0.1428571492
74977  -28.872  -2.710  -10.934 0.1428571492
66070  -20.771  -12.950  -13.601 0.2857142985
127255  -27.634  -5.178  -11.197 0.1428571492
73228  -28.892  -3.978  -10.549 0.1428571492
140552  -27.413  -4.788  -11.464 0.1428571492
74114  -30.527  -3.178  -12.529 0.1428571492
74104  -29.751  -3.619  -10.819 0.1428571492
130768  -30.563  -3.397  -15.367 0.1428571492
74120  -30.577  -2.984  -13.522 0.1428571492
75010  -30.606  -2.592  -14.568 0.1428571492
121737  -20.729  -13.668  -13.319 0.2857142985
65185  -20.258  -13.522  -13.550 0.2857142985
70641  -27.175  -7.372  -11.017 0.1428571492
71475  -27.457  -6.715  -10.891 0.1428571492
70640  -26.870  -7.112  -11.552 0.1428571492
71476  -27.947  -5.898  -10.701 0.1428571492
73229  -29.743  -4.473  -10.650 0.1428571492
72327  -28.638  -4.985  -10.577 0.1428571492
73230  -30.413  -4.166  -11.252 0.1428571492
73238  -30.750  -4.024  -12.331 0.1428571492
73268  -30.630  -4.258  -15.059 0.1428571492
73279  -30.590  -4.114  -15.977 0.1428571492
74128  -30.614  -3.578  -14.351 0.1428571492
64329  -20.172  -14.254  -13.299 0.2857142985
64314  -19.858  -15.041  -13.040 0.2857142985
138395  -26.706  -8.652  -11.270 0.1428571492
69796  -27.954  -8.030  -10.410 0.1428571492
70632  -27.800  -7.325  -10.614 0.1428571492
71467  -28.343  -6.658  -10.483 0.1428571492
72329  -30.450  -5.144  -10.960 0.1428571492
72318  -28.907  -5.923  -10.318 0.1428571492
142477  -31.108  -4.666  -12.515 0.1428571492
73257  -30.680  -4.434  -14.148 0.1428571492
73246  -31.133  -4.682  -13.200 0.1428571492
119753  -30.206  -3.745  -17.190 0.1428571492
74148  -30.397  -3.329  -16.383 0.1428571492
69805  -27.220  -8.439  -10.805 0.1428571492
134201  -27.009  -9.224  -10.840 0.1428571492
122604  -29.745  -7.784  -9.879 0.1428571492
69797  -28.802  -8.283  -9.921 0.1428571492
71478  -31.029  -6.434  -11.718 0.1428571492
70633  -28.775  -7.436  -10.216 0.1428571492
72330  -30.941  -5.715  -11.732 0.1428571492
72319  -29.764  -6.188  -10.340 0.1428571492
73239  -31.284  -5.380  -12.619 0.1428571492
125013  -30.620  -4.975  -15.698 0.1428571492
72355  -30.898  -5.163  -14.054 0.1428571492
137869  -30.458  -4.069  -16.690 0.1428571492
68888  -26.950  -9.998  -10.693 0.1428571492
69798  -29.656  -8.729  -9.622 0.1428571492
68873  -27.879  -8.893  -10.190 0.1428571492
70634  -30.524  -7.696  -10.347 0.1428571492
120000  -31.403  -6.803  -12.915 0.1428571492
119797  -31.216  -6.974  -12.175 0.1428571492
71497  -31.401  -6.545  -13.562 0.1428571492
72356  -31.070  -5.811  -14.480 0.1428571492
71486  -31.244  -6.257  -12.384 0.1428571492
121124  -30.781  -5.106  -14.825 0.1428571492
67941  -31.194  -9.962  -10.462 0.1428571492
68875  -29.340  -9.597  -9.561 0.1428571492
68874  -28.312  -9.668  -9.842 0.1428571492
69806  -31.279  -8.559  -11.362 0.1428571492
68889  -31.374  -9.384  -11.095 0.1428571492
70652  -31.418  -7.569  -12.745 0.1428571492
70642  -31.322  -7.711  -11.827 0.1428571492
121264  -31.448  -6.955  -14.167 0.1428571492
136230  -30.898  -8.278  -10.622 0.1428571492
71470  -30.740  -6.975  -10.665 0.1428571492
72320  -30.265  -5.818  -10.643 0.1428571492
131962  -30.242  -4.506  -17.214 0.1428571492
74164  -29.843  -2.952  -17.106 0.1428571492
74112  -27.440  -3.599  -11.413 0.1428571492
74990  -28.547  -2.116  -11.347 0.1428571492
64315  -20.584  -14.832  -12.742 0.2857142985
131081  -30.932  -5.917  -15.433 0.1428571492
72375  -30.665  -5.608  -16.380 0.1428571492
73297  -29.802  -4.193  -17.832 0.1428571492
74163  -29.748  -3.398  -17.813 0.1428571492
138339  -20.364  4.841  -18.142 0.4285714328
75037  -30.226  -2.514  -16.533 0.1428571492
75001  -30.620  -2.161  -13.447 0.1428571492
75022  -30.476  -2.548  -15.751 0.1428571492
74989  -27.615  -2.211  -11.604 0.1428571492
123013  -27.191  -1.520  -11.951 0.1428571492
142049  -19.596  10.248  -19.453 0.4285714328
91452  -22.377  17.346  -19.874 0.1428571492
91467  -21.089  17.265  -20.527 0.1428571492
124876  -26.828  -7.927  -11.355 0.1428571492
142469  -26.676  -9.700  -11.151 0.1428571492
67953  -26.406  -10.244  -11.365 0.1428571492
76780  -26.313  -0.457  -12.834 0.1428571492
76779  -25.669  -0.333  -13.450 0.1428571492
143726  -29.126  -3.264  -10.661 0.1428571492
74105  -30.327  -3.324  -11.492 0.1428571492
73227  -27.892  -4.295  -10.928 0.1428571492
74992  -30.272  -1.771  -12.337 0.1428571492
140804  -30.423  -2.549  -12.736 0.1428571492
122652  -30.713  -3.790  -13.381 0.1428571492
72328  -29.706  -5.372  -10.474 0.1428571492
72335  -30.898  -4.820  -11.826 0.1428571492
71468  -29.223  -6.724  -10.180 0.1428571492
141800  -29.467  -7.228  -10.094 0.1428571492
71477  -30.686  -6.204  -11.032 0.1428571492
72344  -31.232  -5.730  -13.588 0.1428571492
135938  -27.538  -9.649  -10.356 0.1428571492
69799  -30.426  -8.466  -9.894 0.1428571492
120710  -28.793  -9.004  -9.671 0.1428571492
135684  -30.350  -6.425  -10.557 0.1428571492
129886  -31.127  -6.988  -11.291 0.1428571492
71469  -30.045  -6.983  -10.215 0.1428571492
125220  -31.015  -8.998  -10.476 0.1428571492
129736  -31.483  -7.281  -13.512 0.1428571492
139410  -31.272  -6.331  -14.117 0.1428571492
71519  -31.009  -6.860  -15.481 0.1428571492
70635  -31.067  -7.703  -10.990 0.1428571492
58129  -19.633  -21.176  -10.382 0.1428571492
59792  -20.505  -19.755  -10.781 0.1428571492
58962  -18.921  -20.565  -10.772 0.1428571492
59791  -19.858  -19.641  -11.027 0.1428571492
60690  -19.971  -18.430  -11.583 0.1428571492
61634  -19.970  -17.161  -12.291 0.1428571492
61614  -19.693  -17.819  -11.973 0.1428571492
62520  -19.388  -16.498  -12.517 0.1428571492
62521  -20.373  -16.265  -12.495 0.1428571492
61633  -18.979  -17.441  -12.349 0.1428571492
63444  -19.670  -15.737  -12.761 0.1428571492
63461  -18.349  -15.209  -13.154 0.1428571492
65184  -19.551  -13.691  -13.646 0.1428571492
140068  -19.100  -14.520  -13.349 0.1428571492
65198  -20.002  -13.043  -13.872 0.2857142985
66083  -19.816  -12.573  -14.439 0.2857142985
67024  -21.026  -11.477  -14.631 0.2857142985
143089  -21.061  -8.683  -16.924 0.4285714328
121094  -21.542  -7.687  -16.576 0.4285714328
80464  -20.081  3.222  -18.386 0.2857142985
80463  -19.741  3.560  -18.674 0.2857142985
81309  -20.114  4.085  -18.133 0.2857142985
83018  -18.352  6.684  -19.144 0.2857142985
83854  -18.793  7.421  -19.076 0.2857142985
84638  -18.930  8.420  -19.291 0.2857142985
65197  -19.227  -13.182  -14.223 0.1428571492
60689  -19.120  -18.338  -12.027 0.1428571492
63443  -18.803  -15.840  -12.726 0.1428571492
125235  -18.613  -13.795  -13.821 0.1428571492
67022  -19.722  -12.071  -15.108 0.2857142985
67023  -20.418  -12.057  -14.586 0.2857142985
67035  -20.337  -11.508  -15.245 0.2857142985
68007  -21.062  -10.787  -15.275 0.2857142985
68936  -21.393  -9.589  -15.786 0.4285714328
138084  -20.713  -9.609  -16.238 0.4285714328
120198  -20.643  -8.785  -17.338 0.2857142985
78692  -20.079  1.922  -18.327 0.2857142985
123190  -19.873  3.024  -18.685 0.2857142985
80470  -19.161  3.561  -18.926 0.2857142985
82175  -20.432  5.513  -18.558 0.2857142985
124320  -18.880  6.045  -19.400 0.2857142985
82173  -17.937  6.035  -19.708 0.2857142985
79601  -19.691  2.347  -18.644 0.2857142985
127074  -19.330  2.902  -18.954 0.2857142985
79614  -19.199  2.171  -19.245 0.2857142985
138840  -18.474  4.779  -19.384 0.2857142985
81317  -19.241  4.504  -19.064 0.2857142985
82174  -19.664  5.541  -19.108 0.2857142985
82182  -18.662  5.444  -19.472 0.2857142985
136407  -18.594  3.130  -19.465 0.2857142985
81316  -18.566  3.987  -19.135 0.2857142985
68949  -21.157  -9.078  -16.677 0.4285714328
69869  -21.435  -8.412  -16.519 0.4285714328
133456  -20.295  -15.488  -12.716 0.1428571492
140665  -21.299  -10.179  -15.516 0.4285714328
83019  -19.603  6.514  -19.222 0.2857142985
63462  -19.171  -15.263  -13.000 0.1428571492
58963  -19.930  -20.360  -10.690 0.1428571492
59800  -19.377  -19.136  -11.542 0.1428571492
62519  -18.411  -16.608  -12.546 0.1428571492
66095  -19.008  -12.512  -14.775 0.2857142985
68935  -20.705  -10.112  -15.752 0.4285714328
81315  -17.790  4.443  -19.368 0.2857142985
70715  -20.728  -7.434  -17.433 0.2857142985
93004  -19.272  20.194  -19.654 0.1428571492
93012  -19.656  20.460  -20.633 0.1428571492
92220  -19.250  18.474  -20.311 0.1428571492
91466  -19.734  17.593  -20.919 0.1428571492
139003  -19.958  17.389  -21.259 0.1428571492
94447  -19.599  21.364  -19.667 0.1428571492
91451  -19.162  17.582  -20.345 0.1428571492
92166  -18.234  20.586  -16.888 0.1428571492
139788  -20.753  -6.819  -17.553 0.2857142985
71556  -20.485  -6.302  -17.974 0.2857142985
143470  -20.826  17.772  -20.624 0.1428571492
93013  -20.300  20.390  -21.310 0.1428571492
90699  -20.400  16.587  -20.951 0.1428571492
92221  -19.951  18.559  -20.863 0.1428571492
91443  -19.073  17.923  -19.468 0.1428571492
90698  -19.554  16.506  -21.132 0.1428571492
92196  -18.863  19.266  -18.533 0.1428571492
92180  -18.822  19.595  -17.642 0.1428571492
91432  -19.153  18.340  -18.258 0.1428571492
91433  -19.769  17.463  -17.729 0.1428571492
90697  -19.441  16.739  -21.022 0.1428571492
90663  -19.013  16.611  -20.504 0.1428571492
69879  -20.958  -8.006  -17.002 0.2857142985
131825  -18.911  19.297  -19.784 0.1428571492
93729  -19.215  21.133  -18.696 0.1428571492
125520  -19.438  19.376  -20.440 0.1428571492
92208  -18.814  18.747  -19.596 0.1428571492
94441  -19.459  21.138  -18.780 0.1428571492
123759  -18.295  2.421  -20.070 0.1428571492
135639  -18.850  2.501  -19.560 0.1428571492
82181  -17.809  5.299  -19.482 0.1428571492
124653  -16.114  4.799  -18.789 0.1428571492
82171  -16.492  5.428  -18.714 0.1428571492
78691  -19.637  1.641  -18.702 0.1428571492
83017  -16.789  6.198  -18.767 0.1428571492
83009  -17.123  6.848  -18.444 0.1428571492
83846  -16.733  7.071  -17.463 0.2857142985
74179  -20.168  -3.591  -18.670 0.2857142985
76866  -19.049  -0.628  -19.586 0.1428571492
78706  -19.158  1.302  -19.372 0.1428571492
82135  -24.357  5.210  -13.543 0.1428571492
83853  -17.858  7.418  -18.621 0.1428571492
83847  -17.247  7.580  -17.714 0.2857142985
84627  -17.791  9.000  -17.986 0.2857142985
86973  -18.482  10.859  -16.202 0.2857142985
86177  -17.885  10.558  -15.304 0.2857142985
89130  -20.940  14.254  -14.685 0.1428571492
140952  -19.786  12.547  -12.894 0.1428571492
85408  -18.467  9.403  -18.720 0.2857142985
84636  -17.713  8.084  -18.013 0.2857142985
85402  -17.943  9.842  -18.050 0.2857142985
139751  -18.572  10.863  -18.648 0.2857142985
85397  -18.554  9.866  -17.036 0.2857142985
125640  -17.806  9.634  -16.412 0.2857142985
86196  -18.785  11.147  -17.533 0.2857142985
85387  -18.078  10.241  -16.182 0.2857142985
87756  -19.616  12.458  -14.741 0.1428571492
86172  -17.706  10.810  -14.302 0.2857142985
89127  -20.844  14.255  -13.738 0.1428571492
88457  -20.757  14.240  -12.779 0.1428571492
85386  -17.459  9.807  -15.535 0.1428571492
84608  -17.001  9.085  -15.473 0.1428571492
86970  -19.098  11.720  -14.967 0.1428571492
86966  -18.473  11.422  -14.153 0.2857142985
86967  -19.071  12.035  -13.943 0.1428571492
134780  -18.541  11.627  -13.291 0.1428571492
83007  -15.361  6.244  -16.979 0.2857142985
86171  -17.346  10.461  -13.889 0.1428571492
87751  -19.639  12.210  -12.205 0.1428571492
125161  -15.303  5.283  -16.525 0.1428571492
79556  -25.131  2.742  -13.536 0.1428571492
78705  -18.427  0.973  -19.762 0.1428571492
82121  -24.929  6.001  -13.539 0.1428571492
79612  -17.600  2.373  -20.053 0.1428571492
80468  -17.032  3.081  -19.583 0.1428571492
126837  -17.954  3.736  -19.430 0.1428571492
81306  -16.215  4.233  -19.223 0.1428571492
82172  -17.230  5.862  -19.432 0.1428571492
82163  -16.219  5.815  -17.810 0.1428571492
142165  -17.676  6.921  -18.847 0.1428571492
83840  -17.075  8.538  -17.297 0.1428571492
85396  -17.386  9.305  -17.229 0.1428571492
121963  -17.425  9.201  -16.184 0.1428571492
86168  -17.933  11.074  -13.294 0.1428571492
86963  -19.048  12.121  -12.897 0.1428571492
81264  -24.372  4.286  -13.536 0.1428571492
135680  -24.964  4.689  -13.287 0.1428571492
87754  -20.124  13.086  -13.105 0.1428571492
135196  -19.715  -1.252  -19.117 0.1428571492
123885  -19.634  -1.986  -19.323 0.1428571492
86205  -18.434  10.458  -18.537 0.2857142985
84637  -18.407  8.300  -18.817 0.1428571492
79613  -18.702  1.910  -19.914 0.1428571492
80469  -17.779  3.077  -19.882 0.1428571492
120708  -17.998  1.705  -20.199 0.1428571492
81307  -16.923  4.896  -19.261 0.1428571492
130438  -17.423  6.431  -19.255 0.1428571492
83008  -16.417  6.443  -17.641 0.1428571492
77754  -19.085  0.332  -19.374 0.1428571492
86176  -17.256  10.212  -14.581 0.1428571492
86969  -18.423  11.176  -15.176 0.2857142985
86195  -18.259  10.494  -18.128 0.2857142985
86185  -18.738  10.221  -16.966 0.2857142985
89128  -21.119  14.946  -13.161 0.1428571492
66094  -18.293  -12.494  -15.233 0.1428571492
120534  -18.985  -12.049  -15.548 0.1428571492
67034  -19.583  -11.582  -15.803 0.1428571492
66093  -17.556  -12.253  -15.468 0.1428571492
67041  -18.195  -11.409  -16.507 0.1428571492
68016  -17.999  -10.795  -17.049 0.1428571492
67042  -18.889  -11.591  -16.292 0.1428571492
68026  -18.610  -10.218  -17.441 0.1428571492
68017  -18.721  -11.004  -16.850 0.1428571492
68006  -20.156  -10.830  -15.775 0.1428571492
68958  -19.040  -9.464  -17.971 0.1428571492
68948  -19.545  -9.840  -17.267 0.1428571492
68959  -19.927  -9.195  -17.729 0.1428571492
137305  -20.393  -9.447  -16.997 0.1428571492
68025  -17.754  -10.101  -17.495 0.1428571492
124921  -20.084  -8.602  -17.858 0.1428571492
70731  -20.120  -7.128  -17.884 0.1428571492
72408  -20.374  -5.678  -18.552 0.1428571492
83001  -16.114  6.847  -16.865 0.1428571492
68005  -19.415  -11.008  -16.400 0.1428571492
65196  -18.251  -13.197  -14.560 0.1428571492
125251  -20.646  -4.133  -18.349 0.1428571492
68018  -20.009  -10.143  -16.402 0.1428571492
69878  -20.433  -8.051  -17.661 0.1428571492
67033  -18.271  -11.910  -15.823 0.1428571492
67040  -17.404  -11.069  -16.440 0.1428571492
139729  -19.271  -10.500  -16.944 0.1428571492
68957  -18.176  -9.580  -18.062 0.1428571492
69887  -19.466  -8.768  -18.208 0.1428571492
68947  -17.105  -9.817  -17.233 0.1428571492
65195  -17.407  -13.331  -14.485 0.1428571492
65194  -16.912  -12.964  -14.545 0.1428571492
70651  -26.487  -7.629  -12.070 0.2857142985
81314  -17.088  3.921  -19.548 0.1428571492
83822  -23.624  7.470  -13.891 0.1428571492
93741  -19.318  21.061  -19.867 0.1428571492
124610  -19.998  19.566  -21.072 0.1428571492
126459  -20.738  18.327  -20.709 0.1428571492
138439  -31.398  -6.109  -13.012 0.1428571492
140047  -27.363  -7.813  -10.796 0.1428571492
