#!ascii label  , from subject sub-032304 vox2ras=TkReg
1545
35508  9.195  -49.250  64.639 0.0000000000
140882  41.801  -23.481  45.162 0.0000000000
136412  25.078  -41.414  59.194 0.0000000000
142334  32.070  -34.882  63.513 0.0000000000
42334  19.282  -41.727  57.536 0.0000000000
37414  16.322  -46.623  66.847 0.0000000000
66662  52.785  -15.736  38.016 0.0000000000
60818  51.198  -21.129  48.057 0.0000000000
54374  32.932  -27.852  53.588 0.0000000000
70365  54.212  -11.971  29.943 0.0000000000
42252  22.934  -42.163  65.352 0.0000000000
34504  13.305  -50.033  65.689 0.0000000000
64593  51.735  -17.438  43.308 0.0000000000
127686  46.965  -18.743  42.060 0.0000000000
55379  42.250  -27.910  48.633 0.0000000000
137899  46.829  -26.813  49.110 0.0000000000
55384  37.854  -27.919  48.075 0.0000000000
47906  29.975  -35.068  56.459 0.0000000000
45823  28.747  -37.785  60.727 0.0000000000
42267  19.469  -41.534  63.722 0.0000000000
38317  18.256  -44.586  65.802 0.0000000000
38341  17.762  -45.370  62.210 0.0000000000
36544  15.210  -47.796  61.374 0.0000000000
43932  20.938  -40.094  59.051 0.0000000000
68457  57.777  -12.360  40.309 0.0000000000
65598  56.319  -15.873  44.707 0.0000000000
60833  45.711  -21.348  47.067 0.0000000000
135239  36.135  -27.469  54.986 0.0000000000
50529  34.180  -32.788  58.612 0.0000000000
68502  53.026  -13.203  35.039 0.0000000000
69442  59.059  -12.657  34.510 0.0000000000
70362  61.063  -11.446  30.683 0.0000000000
41257  20.491  -41.639  67.511 0.0000000000
132304  11.028  -49.646  64.606 0.0000000000
33415  13.065  -50.233  68.387 0.0000000000
33430  10.997  -51.009  67.513 0.0000000000
64631  47.063  -17.362  39.808 0.0000000000
126996  42.023  -28.096  51.476 0.0000000000
55309  43.990  -27.372  51.583 0.0000000000
34471  5.079  -50.062  67.366 0.0000000000
55431  38.131  -27.393  45.785 0.0000000000
44845  26.231  -39.352  56.809 0.0000000000
45851  28.198  -38.005  57.537 0.0000000000
43923  27.184  -40.118  60.186 0.0000000000
143696  18.866  -42.270  60.834 0.0000000000
40306  18.338  -43.394  62.729 0.0000000000
40335  18.935  -43.776  60.036 0.0000000000
124700  19.937  -40.705  58.793 0.0000000000
43100  20.499  -40.953  61.450 0.0000000000
38303  16.947  -45.348  66.363 0.0000000000
141206  55.663  -14.790  38.965 0.0000000000
68428  57.321  -13.657  43.070 0.0000000000
121826  54.755  -15.238  42.522 0.0000000000
62678  52.000  -19.793  45.584 0.0000000000
62676  53.369  -18.989  46.426 0.0000000000
60863  41.624  -21.529  43.643 0.0000000000
61784  44.139  -20.586  44.416 0.0000000000
59909  44.031  -22.397  46.178 0.0000000000
56344  32.285  -26.801  51.834 0.0000000000
128634  34.946  -27.665  51.271 0.0000000000
56306  34.331  -26.844  54.261 0.0000000000
47852  31.257  -35.311  60.088 0.0000000000
49658  32.062  -34.024  57.356 0.0000000000
49613  33.620  -33.790  60.967 0.0000000000
68480  51.178  -12.790  37.486 0.0000000000
70339  51.305  -11.390  35.835 0.0000000000
128203  53.373  -12.470  37.679 0.0000000000
70301  55.025  -11.547  37.801 0.0000000000
70393  59.038  -11.186  28.622 0.0000000000
69474  57.701  -12.334  29.824 0.0000000000
69460  59.802  -11.892  32.093 0.0000000000
68532  56.377  -13.548  31.973 0.0000000000
41315  24.316  -42.375  61.736 0.0000000000
42274  26.478  -41.485  62.768 0.0000000000
42239  24.556  -42.210  65.779 0.0000000000
35477  15.056  -49.114  66.275 0.0000000000
35457  16.869  -48.477  68.877 0.0000000000
35455  15.033  -48.960  69.097 0.0000000000
65688  50.463  -16.227  37.568 0.0000000000
65639  52.126  -16.245  41.194 0.0000000000
143573  49.280  -16.708  40.403 0.0000000000
63646  49.056  -18.098  42.560 0.0000000000
61779  49.414  -20.744  44.422 0.0000000000
56401  42.246  -26.358  46.698 0.0000000000
57278  44.635  -25.407  46.858 0.0000000000
56366  44.886  -27.056  49.295 0.0000000000
52535  33.015  -30.085  52.678 0.0000000000
50482  33.932  -33.021  64.966 0.0000000000
35511  6.877  -48.802  64.163 0.0000000000
33433  8.601  -50.361  67.512 0.0000000000
34487  6.603  -49.962  66.998 0.0000000000
59065  39.892  -23.963  44.137 0.0000000000
56414  40.016  -26.469  45.761 0.0000000000
55382  39.621  -27.833  48.410 0.0000000000
55311  39.865  -27.571  51.353 0.0000000000
46924  28.958  -36.198  55.515 0.0000000000
47874  29.529  -36.276  58.471 0.0000000000
130987  29.853  -36.568  62.084 0.0000000000
43899  27.599  -39.334  64.081 0.0000000000
135588  28.952  -37.394  64.981 0.0000000000
41264  19.632  -41.902  66.637 0.0000000000
39307  20.430  -44.226  64.887 0.0000000000
140914  17.881  -43.131  65.041 0.0000000000
39321  17.336  -44.320  65.083 0.0000000000
38336  17.282  -46.157  64.149 0.0000000000
38373  17.918  -45.866  59.322 0.0000000000
36542  16.918  -47.413  61.932 0.0000000000
35503  16.051  -48.348  64.398 0.0000000000
35505  14.023  -49.118  63.878 0.0000000000
137924  11.715  -48.664  63.320 0.0000000000
36507  9.530  -48.240  63.146 0.0000000000
43963  23.758  -39.631  56.244 0.0000000000
44846  21.903  -39.135  56.927 0.0000000000
43118  23.051  -40.945  58.899 0.0000000000
124640  22.241  -41.663  61.811 0.0000000000
120798  20.379  -41.220  64.280 0.0000000000
64590  57.195  -16.716  43.185 0.0000000000
65600  54.006  -16.460  44.386 0.0000000000
62722  44.257  -19.366  41.692 0.0000000000
61782  46.369  -20.756  44.820 0.0000000000
60821  48.396  -21.422  48.292 0.0000000000
57276  47.186  -24.715  47.778 0.0000000000
58993  49.080  -23.383  49.613 0.0000000000
135372  35.508  -28.415  49.114 0.0000000000
55314  37.667  -27.300  51.103 0.0000000000
56302  39.730  -27.245  54.553 0.0000000000
51495  33.280  -32.038  55.234 0.0000000000
52485  34.127  -30.609  56.021 0.0000000000
50504  35.661  -32.222  62.182 0.0000000000
52456  35.426  -30.585  58.949 0.0000000000
55249  34.722  -27.839  57.178 0.0000000000
57206  36.709  -26.933  58.103 0.0000000000
56242  38.758  -27.205  58.377 0.0000000000
68527  53.850  -13.292  32.713 0.0000000000
68499  55.814  -13.517  35.369 0.0000000000
70323  57.815  -11.614  37.565 0.0000000000
40257  21.975  -43.080  68.148 0.0000000000
34535  9.997  -49.450  64.862 0.0000000000
33443  11.247  -50.835  66.812 0.0000000000
33444  9.907  -50.442  66.359 0.0000000000
142299  41.901  -27.815  52.732 0.0000000000
126098  43.361  -27.490  52.894 0.0000000000
34514  2.860  -49.816  65.534 0.0000000000
43130  26.088  -40.204  58.049 0.0000000000
43940  26.722  -39.775  58.514 0.0000000000
43105  26.504  -40.664  59.680 0.0000000000
42321  19.025  -41.806  59.954 0.0000000000
120454  18.730  -43.179  60.655 0.0000000000
119979  19.239  -42.844  58.659 0.0000000000
43143  19.660  -40.146  57.029 0.0000000000
43136  19.501  -41.059  58.364 0.0000000000
43110  19.571  -41.211  60.367 0.0000000000
38291  16.846  -45.733  66.907 0.0000000000
37395  16.861  -47.039  67.756 0.0000000000
66661  54.226  -15.582  38.518 0.0000000000
66645  55.887  -15.426  40.227 0.0000000000
65651  54.284  -16.380  39.782 0.0000000000
120984  51.063  -20.596  46.929 0.0000000000
61736  52.531  -20.186  47.541 0.0000000000
59930  41.653  -22.450  44.539 0.0000000000
60851  42.690  -21.592  44.680 0.0000000000
59917  42.713  -22.527  45.350 0.0000000000
54386  32.341  -28.218  52.255 0.0000000000
56332  32.440  -27.002  52.639 0.0000000000
56331  33.032  -26.359  52.838 0.0000000000
56308  33.432  -27.210  53.945 0.0000000000
47838  31.522  -35.262  61.092 0.0000000000
48738  32.034  -34.733  60.526 0.0000000000
48711  32.434  -34.603  62.139 0.0000000000
66674  52.128  -15.224  37.513 0.0000000000
68478  52.333  -12.756  37.689 0.0000000000
67572  53.318  -13.902  37.655 0.0000000000
68470  53.937  -12.993  38.022 0.0000000000
70378  56.274  -11.886  29.122 0.0000000000
69476  55.713  -12.375  29.705 0.0000000000
69467  57.182  -12.834  30.500 0.0000000000
68539  55.401  -13.109  31.103 0.0000000000
41290  23.512  -42.599  63.413 0.0000000000
41277  25.147  -42.551  64.048 0.0000000000
42240  23.498  -42.119  66.054 0.0000000000
34503  14.266  -49.702  65.724 0.0000000000
35460  15.117  -48.828  68.236 0.0000000000
34466  14.475  -49.386  67.732 0.0000000000
34442  12.923  -50.352  70.375 0.0000000000
131777  13.835  -50.252  70.608 0.0000000000
65690  48.816  -16.453  37.689 0.0000000000
65656  49.806  -16.611  39.024 0.0000000000
122890  49.026  -16.707  38.656 0.0000000000
64611  47.125  -17.908  41.352 0.0000000000
135623  47.790  -17.522  41.476 0.0000000000
124938  47.626  -18.400  42.240 0.0000000000
61791  49.076  -20.264  43.667 0.0000000000
62695  47.634  -19.805  43.031 0.0000000000
56389  42.489  -26.905  47.367 0.0000000000
123976  43.166  -26.766  47.657 0.0000000000
55378  43.187  -27.523  48.805 0.0000000000
66682  49.898  -15.326  36.722 0.0000000000
34511  6.906  -49.600  66.098 0.0000000000
34512  6.141  -49.493  65.549 0.0000000000
127702  38.973  -24.503  43.918 0.0000000000
57302  40.364  -25.605  45.406 0.0000000000
57304  38.907  -25.991  44.815 0.0000000000
55405  38.256  -27.940  47.200 0.0000000000
120819  38.960  -27.750  47.087 0.0000000000
55383  38.788  -27.801  47.998 0.0000000000
126261  39.881  -28.021  50.150 0.0000000000
126170  38.522  -27.799  49.980 0.0000000000
46941  28.090  -36.872  54.631 0.0000000000
45831  28.252  -38.302  59.178 0.0000000000
46880  28.860  -37.083  58.447 0.0000000000
46853  29.146  -37.141  60.003 0.0000000000
46852  29.735  -36.520  60.405 0.0000000000
135654  29.561  -36.983  61.682 0.0000000000
42237  26.472  -41.304  65.387 0.0000000000
43900  27.231  -40.013  63.690 0.0000000000
43884  27.300  -40.106  65.540 0.0000000000
124123  28.332  -38.046  66.243 0.0000000000
46763  29.778  -36.619  65.523 0.0000000000
42244  19.341  -41.732  65.678 0.0000000000
40274  19.196  -42.459  65.742 0.0000000000
41280  18.494  -42.582  64.561 0.0000000000
140594  17.896  -44.561  62.488 0.0000000000
40294  17.734  -43.441  64.584 0.0000000000
119401  17.623  -44.749  63.222 0.0000000000
38330  17.016  -45.247  65.325 0.0000000000
37446  17.473  -45.864  62.992 0.0000000000
39375  18.165  -44.996  58.026 0.0000000000
37479  15.222  -47.047  60.189 0.0000000000
131840  16.219  -47.145  60.276 0.0000000000
36543  16.149  -47.745  61.610 0.0000000000
129221  16.927  -47.645  62.940 0.0000000000
35526  16.065  -48.367  62.960 0.0000000000
130745  15.370  -48.719  64.067 0.0000000000
36521  14.489  -48.186  61.868 0.0000000000
130912  10.758  -48.644  63.434 0.0000000000
44873  24.515  -39.125  55.186 0.0000000000
44858  23.322  -39.201  55.885 0.0000000000
44837  20.867  -39.114  57.774 0.0000000000
43954  21.400  -39.263  57.757 0.0000000000
43953  22.452  -39.941  57.479 0.0000000000
43119  22.200  -40.593  59.288 0.0000000000
42304  22.389  -41.346  60.531 0.0000000000
43098  21.631  -40.999  60.835 0.0000000000
43090  19.764  -41.470  62.297 0.0000000000
43079  20.477  -41.328  63.337 0.0000000000
42266  19.908  -41.063  64.115 0.0000000000
42230  19.617  -41.731  66.382 0.0000000000
39308  19.411  -44.312  65.201 0.0000000000
33420  8.498  -50.599  68.578 0.0000000000
33419  9.494  -50.920  69.219 0.0000000000
68441  58.805  -12.981  42.049 0.0000000000
66611  56.856  -15.157  44.344 0.0000000000
123653  57.574  -15.239  43.531 0.0000000000
64591  56.826  -16.710  44.077 0.0000000000
63627  56.267  -18.398  44.519 0.0000000000
65618  51.605  -16.638  42.531 0.0000000000
65617  52.918  -16.146  42.733 0.0000000000
64592  52.481  -17.004  43.485 0.0000000000
120311  54.409  -18.821  46.785 0.0000000000
60843  44.660  -21.028  46.071 0.0000000000
129689  44.617  -20.486  44.427 0.0000000000
61770  45.814  -20.775  45.747 0.0000000000
61754  47.481  -20.887  46.442 0.0000000000
61741  47.278  -21.367  47.510 0.0000000000
56376  45.547  -26.165  47.817 0.0000000000
58155  45.796  -24.156  47.107 0.0000000000
56374  47.240  -25.622  48.112 0.0000000000
55386  34.644  -28.642  48.863 0.0000000000
121408  36.020  -27.152  53.200 0.0000000000
55315  36.573  -27.693  51.247 0.0000000000
56328  36.837  -27.837  52.924 0.0000000000
56315  38.725  -27.490  53.326 0.0000000000
55274  38.218  -28.005  54.634 0.0000000000
47915  29.863  -34.954  55.170 0.0000000000
48817  30.941  -34.065  55.113 0.0000000000
50530  33.336  -33.213  58.171 0.0000000000
50547  32.906  -32.877  56.390 0.0000000000
50546  33.547  -32.344  56.522 0.0000000000
132124  33.699  -31.279  55.599 0.0000000000
135467  34.405  -31.470  57.163 0.0000000000
127746  34.625  -33.010  63.414 0.0000000000
53427  36.204  -29.175  60.214 0.0000000000
53434  35.366  -28.938  58.557 0.0000000000
54327  35.545  -28.012  59.073 0.0000000000
143631  35.342  -26.810  57.648 0.0000000000
56234  36.878  -26.924  59.313 0.0000000000
69434  52.444  -12.386  35.669 0.0000000000
68513  53.563  -13.473  34.222 0.0000000000
68517  55.046  -13.681  33.722 0.0000000000
68500  54.876  -13.480  35.290 0.0000000000
69389  56.863  -11.843  38.858 0.0000000000
70325  55.901  -11.637  37.412 0.0000000000
70298  57.720  -11.382  38.601 0.0000000000
138463  59.174  -11.348  38.652 0.0000000000
123557  59.846  -11.249  29.564 0.0000000000
69448  59.848  -12.008  33.443 0.0000000000
69447  60.877  -12.004  34.180 0.0000000000
69441  59.765  -12.022  35.057 0.0000000000
127329  21.557  -41.457  66.634 0.0000000000
143439  22.147  -41.506  66.852 0.0000000000
42206  21.362  -41.619  68.137 0.0000000000
33452  12.449  -50.354  65.802 0.0000000000
33428  13.072  -50.248  67.394 0.0000000000
33442  12.219  -50.569  66.766 0.0000000000
33416  12.115  -50.563  68.558 0.0000000000
33417  11.379  -50.758  69.102 0.0000000000
64632  46.164  -17.433  39.615 0.0000000000
136341  45.858  -18.207  40.825 0.0000000000
55357  41.954  -28.105  49.615 0.0000000000
55334  43.573  -27.633  50.222 0.0000000000
55310  43.110  -27.746  51.505 0.0000000000
55293  44.078  -27.156  53.011 0.0000000000
121414  5.057  -49.788  65.392 0.0000000000
34513  3.934  -49.965  65.284 0.0000000000
34472  3.569  -50.308  67.491 0.0000000000
56426  38.076  -26.184  44.693 0.0000000000
55407  37.012  -28.511  47.074 0.0000000000
45862  27.523  -38.065  56.323 0.0000000000
44844  27.147  -38.955  57.320 0.0000000000
44835  27.751  -38.674  58.707 0.0000000000
44825  27.852  -38.688  60.362 0.0000000000
42281  19.119  -42.016  62.323 0.0000000000
41292  18.577  -42.554  63.777 0.0000000000
41316  18.987  -42.600  61.939 0.0000000000
40325  18.561  -43.586  61.317 0.0000000000
38361  18.472  -45.076  60.762 0.0000000000
36545  13.572  -47.682  61.329 0.0000000000
37464  12.934  -46.770  60.492 0.0000000000
43955  20.005  -39.683  57.329 0.0000000000
43933  20.460  -40.471  58.998 0.0000000000
43109  20.501  -40.640  60.785 0.0000000000
135034  20.049  -40.670  60.430 0.0000000000
42305  19.450  -41.506  61.134 0.0000000000
38302  17.503  -45.107  66.227 0.0000000000
68458  57.130  -13.425  39.812 0.0000000000
68442  58.064  -12.717  42.143 0.0000000000
67544  56.843  -13.941  41.710 0.0000000000
67539  55.951  -14.442  43.030 0.0000000000
66620  55.167  -15.250  43.782 0.0000000000
137446  52.020  -18.975  44.361 0.0000000000
63629  52.553  -18.499  44.569 0.0000000000
62677  52.708  -19.413  45.980 0.0000000000
62652  53.233  -19.839  47.549 0.0000000000
62709  42.959  -19.755  42.236 0.0000000000
61798  42.939  -20.706  43.454 0.0000000000
60849  44.038  -21.156  45.573 0.0000000000
60834  44.993  -21.412  46.664 0.0000000000
56362  48.409  -26.485  49.519 0.0000000000
55343  32.647  -27.439  50.348 0.0000000000
55342  33.688  -27.730  50.526 0.0000000000
55317  33.998  -27.315  51.400 0.0000000000
56330  34.515  -26.751  52.853 0.0000000000
56305  35.406  -26.828  54.909 0.0000000000
48770  31.108  -35.088  58.268 0.0000000000
48793  31.350  -34.432  56.984 0.0000000000
48769  31.711  -34.651  58.692 0.0000000000
49635  32.956  -33.935  59.537 0.0000000000
49634  33.498  -33.379  59.108 0.0000000000
69420  50.707  -12.110  37.301 0.0000000000
70340  50.605  -11.109  36.095 0.0000000000
69404  51.511  -11.792  37.493 0.0000000000
70313  52.186  -11.457  37.179 0.0000000000
69418  53.518  -12.066  37.229 0.0000000000
132311  54.075  -12.177  36.917 0.0000000000
69401  53.859  -12.177  37.419 0.0000000000
68468  55.497  -12.833  38.613 0.0000000000
71266  57.256  -10.828  27.908 0.0000000000
70376  58.358  -11.818  29.203 0.0000000000
70363  59.979  -11.612  30.538 0.0000000000
119303  60.769  -11.642  31.092 0.0000000000
123479  59.116  -12.261  30.748 0.0000000000
68530  58.178  -13.168  32.164 0.0000000000
68524  57.581  -13.467  32.628 0.0000000000
42291  24.745  -42.026  61.148 0.0000000000
43097  26.117  -41.324  60.987 0.0000000000
42275  25.697  -41.991  62.403 0.0000000000
131033  25.689  -42.164  64.717 0.0000000000
43063  25.851  -41.279  67.012 0.0000000000
36472  16.050  -47.263  67.181 0.0000000000
36463  16.340  -47.435  67.763 0.0000000000
35467  15.739  -48.109  67.718 0.0000000000
35454  15.634  -48.851  69.279 0.0000000000
34455  13.840  -49.928  69.103 0.0000000000
34439  15.047  -49.730  70.489 0.0000000000
65686  51.988  -16.233  37.942 0.0000000000
65653  52.394  -16.587  39.363 0.0000000000
65654  51.433  -16.519  39.612 0.0000000000
65641  50.640  -16.511  40.423 0.0000000000
64608  50.122  -16.861  41.999 0.0000000000
65643  48.634  -16.794  40.241 0.0000000000
64609  49.313  -17.176  41.679 0.0000000000
64595  50.220  -17.885  42.743 0.0000000000
62692  50.547  -19.099  43.689 0.0000000000
61778  50.322  -20.519  44.731 0.0000000000
61751  50.229  -20.947  46.324 0.0000000000
58168  42.125  -24.758  45.922 0.0000000000
130784  42.638  -23.911  46.056 0.0000000000
57289  43.234  -25.152  46.639 0.0000000000
56388  44.753  -26.180  47.503 0.0000000000
56365  45.397  -26.861  49.227 0.0000000000
55354  44.342  -27.428  49.965 0.0000000000
55332  45.305  -27.368  50.663 0.0000000000
134317  45.799  -27.385  50.401 0.0000000000
53481  33.242  -29.314  53.198 0.0000000000
48694  32.552  -34.537  64.072 0.0000000000
69421  49.911  -12.016  37.027 0.0000000000
67589  50.094  -14.234  36.811 0.0000000000
133434  50.733  -15.136  36.880 0.0000000000
71270  53.884  -9.913  28.985 0.0000000000
70381  54.027  -11.095  29.824 0.0000000000
35509  8.574  -49.047  64.505 0.0000000000
34509  8.756  -49.610  65.893 0.0000000000
131201  8.206  -49.641  66.324 0.0000000000
34486  7.476  -49.789  66.620 0.0000000000
34457  6.871  -50.380  68.463 0.0000000000
121144  5.875  -49.834  66.996 0.0000000000
59931  40.934  -22.808  44.189 0.0000000000
59932  40.061  -23.127  43.819 0.0000000000
59064  40.686  -23.563  44.406 0.0000000000
58181  40.837  -24.722  45.155 0.0000000000
57292  40.872  -26.283  46.051 0.0000000000
55416  41.034  -27.505  47.393 0.0000000000
55430  38.920  -27.159  45.940 0.0000000000
55417  40.287  -27.532  46.953 0.0000000000
55380  41.271  -28.035  48.915 0.0000000000
125874  40.891  -28.161  50.026 0.0000000000
126436  40.810  -27.894  51.573 0.0000000000
55284  40.581  -27.309  53.281 0.0000000000
47916  29.515  -35.489  55.880 0.0000000000
45861  28.191  -37.554  56.795 0.0000000000
124873  29.045  -36.117  57.149 0.0000000000
47893  29.927  -35.682  57.762 0.0000000000
47854  30.055  -35.995  59.196 0.0000000000
47839  30.942  -35.684  60.717 0.0000000000
47803  30.760  -35.813  62.233 0.0000000000
133629  26.788  -40.739  61.415 0.0000000000
138730  27.493  -39.379  61.551 0.0000000000
44819  27.953  -38.772  62.140 0.0000000000
44794  28.129  -38.687  65.538 0.0000000000
45802  28.314  -38.341  63.603 0.0000000000
45810  28.936  -37.698  62.555 0.0000000000
46801  29.220  -37.151  63.248 0.0000000000
47785  30.288  -36.202  63.305 0.0000000000
48696  31.271  -35.434  64.512 0.0000000000
40264  20.745  -42.782  66.690 0.0000000000
122851  19.543  -43.371  65.538 0.0000000000
40275  18.671  -43.252  65.427 0.0000000000
126645  18.189  -43.829  65.543 0.0000000000
41293  18.157  -43.068  64.329 0.0000000000
40284  17.530  -43.453  65.001 0.0000000000
39309  17.623  -44.275  65.603 0.0000000000
38318  17.249  -44.855  65.769 0.0000000000
38319  16.765  -45.224  65.981 0.0000000000
36483  16.368  -46.532  65.744 0.0000000000
39374  18.738  -44.438  58.428 0.0000000000
38372  18.350  -45.404  59.843 0.0000000000
38362  18.117  -45.903  60.317 0.0000000000
37495  16.581  -46.282  58.695 0.0000000000
37477  17.716  -46.510  60.810 0.0000000000
37451  17.689  -46.502  61.807 0.0000000000
36504  17.345  -46.876  63.292 0.0000000000
36505  16.986  -47.162  63.983 0.0000000000
36495  16.076  -47.848  65.396 0.0000000000
130047  15.533  -48.725  64.912 0.0000000000
35485  15.013  -49.254  65.342 0.0000000000
34532  13.841  -49.449  64.369 0.0000000000
36522  13.318  -48.131  61.961 0.0000000000
34552  13.280  -49.247  63.821 0.0000000000
34533  13.001  -49.654  64.398 0.0000000000
35506  11.331  -49.239  63.878 0.0000000000
35507  10.368  -49.143  64.068 0.0000000000
35533  9.134  -48.702  63.931 0.0000000000
35534  8.344  -48.485  63.863 0.0000000000
35535  7.403  -48.251  63.629 0.0000000000
44872  25.546  -38.988  55.301 0.0000000000
43961  25.358  -39.771  56.768 0.0000000000
43132  24.496  -40.931  57.743 0.0000000000
43964  22.892  -39.511  56.547 0.0000000000
43133  23.366  -40.730  57.943 0.0000000000
42327  23.939  -41.331  58.559 0.0000000000
42303  23.274  -41.708  60.305 0.0000000000
42277  22.943  -42.306  62.046 0.0000000000
41291  22.627  -42.318  63.382 0.0000000000
43088  21.028  -41.188  61.867 0.0000000000
42265  21.185  -41.473  63.699 0.0000000000
133691  21.259  -41.642  64.541 0.0000000000
42229  20.154  -41.681  66.848 0.0000000000
41263  20.078  -41.819  67.025 0.0000000000
33445  9.384  -50.405  66.933 0.0000000000
33418  10.614  -50.960  69.351 0.0000000000
66618  58.273  -14.217  43.023 0.0000000000
65625  53.737  -16.153  41.573 0.0000000000
66621  54.073  -15.488  43.210 0.0000000000
65599  54.951  -16.371  44.779 0.0000000000
64572  54.267  -17.640  45.658 0.0000000000
64571  54.932  -17.471  45.965 0.0000000000
64569  55.854  -17.719  45.329 0.0000000000
63669  44.220  -18.382  40.637 0.0000000000
63650  45.466  -18.997  41.714 0.0000000000
61810  44.244  -20.251  42.908 0.0000000000
62697  45.742  -20.072  42.890 0.0000000000
62696  46.681  -20.011  42.949 0.0000000000
61780  47.926  -20.802  44.430 0.0000000000
122062  48.694  -21.111  46.051 0.0000000000
140571  49.544  -21.316  47.898 0.0000000000
58166  44.183  -23.799  46.601 0.0000000000
59020  45.154  -23.340  46.879 0.0000000000
59896  46.425  -22.659  47.813 0.0000000000
57258  48.494  -25.566  48.984 0.0000000000
58144  47.549  -23.849  48.232 0.0000000000
59885  46.951  -22.165  48.276 0.0000000000
59883  48.392  -22.169  49.065 0.0000000000
59868  49.450  -22.185  49.178 0.0000000000
54430  36.189  -28.647  46.952 0.0000000000
119900  36.531  -28.243  48.956 0.0000000000
55362  35.340  -28.220  50.001 0.0000000000
136125  36.233  -28.022  49.845 0.0000000000
55360  37.770  -27.937  49.795 0.0000000000
55313  38.496  -27.090  51.110 0.0000000000
56325  39.499  -27.064  52.677 0.0000000000
55273  40.229  -27.080  53.975 0.0000000000
49683  31.609  -33.675  55.604 0.0000000000
52513  33.243  -30.949  53.890 0.0000000000
52512  33.588  -30.280  54.425 0.0000000000
54365  34.125  -28.953  55.044 0.0000000000
49604  33.659  -33.774  63.051 0.0000000000
50506  34.323  -33.364  61.497 0.0000000000
50520  34.643  -32.409  59.900 0.0000000000
51457  36.016  -31.308  60.724 0.0000000000
51464  35.063  -31.629  59.295 0.0000000000
52472  34.601  -29.898  57.325 0.0000000000
53457  34.767  -29.134  56.845 0.0000000000
54358  34.332  -28.303  55.679 0.0000000000
127614  34.432  -27.121  55.824 0.0000000000
57213  35.252  -26.535  56.471 0.0000000000
56273  36.161  -26.856  56.472 0.0000000000
126744  37.514  -26.928  60.035 0.0000000000
56258  37.421  -27.216  57.699 0.0000000000
56291  37.734  -27.596  56.117 0.0000000000
56270  39.416  -27.429  56.623 0.0000000000
70366  53.725  -11.447  30.516 0.0000000000
69462  54.394  -12.642  31.196 0.0000000000
68533  55.467  -13.542  31.994 0.0000000000
138025  56.530  -13.751  33.229 0.0000000000
68509  57.350  -13.532  34.480 0.0000000000
69431  55.257  -13.098  36.109 0.0000000000
69429  57.162  -12.590  36.052 0.0000000000
69428  58.237  -12.392  36.091 0.0000000000
140867  59.354  -11.711  36.915 0.0000000000
40263  21.754  -43.214  67.125 0.0000000000
34483  9.919  -50.081  65.609 0.0000000000
34508  9.279  -49.558  65.356 0.0000000000
55283  41.556  -27.719  53.364 0.0000000000
55282  42.675  -27.649  53.315 0.0000000000
43131  25.493  -40.770  58.345 0.0000000000
43115  26.271  -40.455  58.838 0.0000000000
43116  25.662  -41.112  59.198 0.0000000000
42328  19.266  -41.953  58.801 0.0000000000
41334  18.995  -42.493  59.592 0.0000000000
37413  16.558  -46.005  66.805 0.0000000000
37402  16.775  -46.292  67.248 0.0000000000
37403  16.503  -46.717  67.284 0.0000000000
65668  53.477  -16.132  38.531 0.0000000000
65667  54.085  -16.341  38.982 0.0000000000
126216  50.826  -20.959  47.601 0.0000000000
61737  51.675  -20.583  47.580 0.0000000000
59929  42.215  -22.082  44.962 0.0000000000
59051  42.303  -23.357  45.483 0.0000000000
54375  32.523  -27.571  52.849 0.0000000000
55285  32.794  -27.156  53.394 0.0000000000
55275  33.242  -27.688  53.943 0.0000000000
48712  31.826  -34.992  62.694 0.0000000000
48722  31.961  -34.958  61.731 0.0000000000
67581  52.559  -14.251  37.528 0.0000000000
66673  52.905  -14.915  37.619 0.0000000000
133051  53.511  -15.139  38.017 0.0000000000
70379  55.405  -11.721  29.208 0.0000000000
69477  54.828  -12.235  29.708 0.0000000000
69468  56.128  -12.856  30.557 0.0000000000
69469  55.220  -12.698  30.325 0.0000000000
41279  23.012  -42.358  64.365 0.0000000000
41269  23.832  -42.291  65.099 0.0000000000
34481  14.417  -49.491  66.761 0.0000000000
126341  13.795  -49.921  66.319 0.0000000000
65673  48.163  -16.673  38.424 0.0000000000
63648  47.040  -18.429  41.831 0.0000000000
142721  47.553  -18.035  41.826 0.0000000000
62703  48.022  -18.825  42.683 0.0000000000
62704  47.218  -19.210  42.455 0.0000000000
55402  41.864  -27.617  47.801 0.0000000000
55401  42.735  -27.360  48.086 0.0000000000
35489  6.341  -49.175  64.628 0.0000000000
137845  38.147  -24.311  43.495 0.0000000000
58193  37.967  -24.947  43.776 0.0000000000
57314  39.289  -25.222  44.535 0.0000000000
57315  38.431  -25.403  44.346 0.0000000000
120551  38.255  -28.049  49.016 0.0000000000
120552  38.975  -27.952  49.195 0.0000000000
45824  28.069  -38.005  60.037 0.0000000000
125343  28.725  -37.671  59.309 0.0000000000
46834  29.410  -37.121  60.939 0.0000000000
45818  29.135  -37.541  61.667 0.0000000000
43067  26.814  -40.847  65.797 0.0000000000
43072  26.832  -40.785  65.009 0.0000000000
140880  27.090  -40.405  66.262 0.0000000000
42256  19.544  -41.514  64.802 0.0000000000
42245  18.949  -41.955  65.031 0.0000000000
42257  19.021  -41.944  64.203 0.0000000000
38329  17.417  -45.040  64.235 0.0000000000
36558  14.732  -47.409  60.626 0.0000000000
36557  15.707  -47.391  60.875 0.0000000000
36520  15.617  -48.186  62.117 0.0000000000
35549  15.112  -48.590  62.740 0.0000000000
43941  21.130  -39.598  58.359 0.0000000000
140436  21.754  -39.856  58.181 0.0000000000
43931  21.595  -40.144  58.836 0.0000000000
43107  21.897  -40.814  60.089 0.0000000000
43120  21.371  -40.442  59.626 0.0000000000
43080  19.901  -41.492  63.066 0.0000000000
38316  19.137  -45.181  65.451 0.0000000000
33408  8.308  -50.617  69.772 0.0000000000
69376  58.150  -11.948  40.293 0.0000000000
68440  58.860  -12.620  41.585 0.0000000000
69355  58.485  -12.596  41.670 0.0000000000
65597  56.836  -15.720  44.397 0.0000000000
132739  56.465  -16.361  44.711 0.0000000000
64581  56.364  -17.201  44.825 0.0000000000
64599  51.270  -16.958  42.785 0.0000000000
65609  52.164  -16.695  42.922 0.0000000000
60842  45.325  -20.966  46.437 0.0000000000
140614  45.047  -20.787  45.751 0.0000000000
61756  46.170  -20.929  46.626 0.0000000000
60832  46.527  -21.350  47.307 0.0000000000
131406  45.867  -26.466  48.461 0.0000000000
57268  46.331  -25.809  47.796 0.0000000000
56375  46.675  -26.392  48.489 0.0000000000
130289  33.972  -28.566  49.111 0.0000000000
56317  36.593  -27.735  53.847 0.0000000000
56316  37.768  -28.083  53.776 0.0000000000
56304  37.117  -28.022  54.713 0.0000000000
134209  29.970  -34.907  55.829 0.0000000000
48818  30.426  -34.535  54.653 0.0000000000
48807  30.398  -34.566  55.492 0.0000000000
132950  33.875  -32.681  57.786 0.0000000000
50538  33.224  -32.932  57.239 0.0000000000
50537  34.049  -32.241  57.113 0.0000000000
51470  34.464  -31.958  57.894 0.0000000000
53421  36.431  -29.511  61.143 0.0000000000
53433  35.745  -28.737  59.446 0.0000000000
54326  36.079  -27.700  59.721 0.0000000000
55237  36.166  -27.218  59.350 0.0000000000
55231  36.814  -27.095  59.740 0.0000000000
69443  52.412  -12.748  34.557 0.0000000000
141684  52.971  -13.222  34.413 0.0000000000
68512  54.503  -13.633  34.356 0.0000000000
68501  53.918  -13.351  35.198 0.0000000000
69377  57.619  -11.796  39.579 0.0000000000
70291  57.414  -11.556  38.906 0.0000000000
70290  58.060  -11.468  39.461 0.0000000000
70289  58.678  -11.533  39.619 0.0000000000
121101  60.890  -10.990  30.230 0.0000000000
70375  61.198  -10.902  29.696 0.0000000000
70361  61.372  -11.920  30.684 0.0000000000
69449  59.139  -12.684  33.637 0.0000000000
125997  59.826  -11.933  34.173 0.0000000000
70342  60.414  -11.894  34.634 0.0000000000
42228  20.781  -41.378  67.543 0.0000000000
143246  20.986  -41.286  67.849 0.0000000000
41256  21.027  -41.805  68.069 0.0000000000
34506  11.798  -50.173  65.181 0.0000000000
33453  11.548  -50.556  65.974 0.0000000000
33429  11.668  -50.768  67.520 0.0000000000
127809  11.227  -50.929  68.160 0.0000000000
33405  12.118  -50.414  69.986 0.0000000000
64633  45.267  -17.408  39.369 0.0000000000
64620  45.579  -17.839  40.188 0.0000000000
140755  41.661  -28.140  50.241 0.0000000000
127331  42.537  -27.984  50.536 0.0000000000
34490  3.615  -50.039  66.405 0.0000000000
44871  26.279  -39.063  55.917 0.0000000000
44855  26.938  -38.615  56.580 0.0000000000
43930  26.935  -39.936  59.326 0.0000000000
43939  27.321  -39.262  59.011 0.0000000000
43929  27.508  -39.330  59.859 0.0000000000
44831  27.776  -38.675  59.589 0.0000000000
43922  27.527  -39.369  60.739 0.0000000000
42295  19.107  -42.109  61.444 0.0000000000
39351  18.689  -44.123  60.722 0.0000000000
135053  18.411  -44.334  61.323 0.0000000000
43135  19.751  -40.424  57.886 0.0000000000
43943  20.227  -40.135  58.102 0.0000000000
43122  19.957  -40.658  59.746 0.0000000000
42306  18.993  -41.914  60.684 0.0000000000
42294  19.463  -41.666  61.878 0.0000000000
37412  17.151  -45.718  66.945 0.0000000000
67560  56.198  -13.992  39.110 0.0000000000
67553  56.850  -14.252  40.501 0.0000000000
66644  56.401  -14.896  40.110 0.0000000000
143706  55.394  -15.556  41.454 0.0000000000
67545  56.086  -14.561  42.160 0.0000000000
128229  55.351  -14.864  42.572 0.0000000000
67534  55.941  -14.687  43.632 0.0000000000
66628  54.963  -14.926  43.091 0.0000000000
62685  51.662  -19.568  44.724 0.0000000000
62684  52.340  -19.190  45.100 0.0000000000
61813  41.629  -20.515  42.539 0.0000000000
61812  42.520  -20.377  42.714 0.0000000000
61799  42.032  -20.883  43.241 0.0000000000
59916  43.526  -21.923  45.596 0.0000000000
60850  43.374  -21.357  45.084 0.0000000000
60835  44.364  -21.619  46.141 0.0000000000
59908  44.676  -22.170  46.595 0.0000000000
55365  32.011  -27.405  49.748 0.0000000000
56357  32.242  -27.018  51.033 0.0000000000
55318  32.972  -27.151  51.174 0.0000000000
56343  33.116  -26.860  52.000 0.0000000000
56320  33.579  -26.657  53.566 0.0000000000
120688  33.728  -26.457  53.086 0.0000000000
56319  34.323  -26.691  53.589 0.0000000000
119367  34.979  -26.849  54.208 0.0000000000
47872  31.163  -35.187  59.115 0.0000000000
48755  31.827  -34.791  59.545 0.0000000000
48737  32.852  -34.160  60.536 0.0000000000
48754  32.427  -34.393  59.843 0.0000000000
49623  33.521  -33.492  60.040 0.0000000000
70315  51.298  -11.474  37.221 0.0000000000
69403  52.029  -11.744  37.514 0.0000000000
69402  52.728  -11.934  37.348 0.0000000000
69419  52.465  -11.648  36.872 0.0000000000
67570  55.223  -14.042  38.676 0.0000000000
68469  54.563  -12.905  38.352 0.0000000000
70377  57.226  -11.953  29.090 0.0000000000
70364  58.824  -12.099  30.021 0.0000000000
136004  58.210  -12.584  30.626 0.0000000000
68537  56.780  -13.285  31.234 0.0000000000
69461  57.755  -13.124  31.285 0.0000000000
68531  57.248  -13.462  31.960 0.0000000000
68525  56.833  -13.662  32.635 0.0000000000
42276  25.048  -42.111  61.851 0.0000000000
41300  24.831  -42.409  62.485 0.0000000000
41268  24.826  -42.346  64.854 0.0000000000
141919  25.350  -42.126  65.407 0.0000000000
42238  25.981  -41.813  65.429 0.0000000000
42224  25.361  -41.867  66.296 0.0000000000
35476  15.547  -48.066  66.867 0.0000000000
35459  15.665  -48.527  68.514 0.0000000000
34446  15.716  -49.325  69.955 0.0000000000
126507  14.972  -49.229  69.876 0.0000000000
34467  13.849  -49.880  68.105 0.0000000000
65687  51.266  -16.420  37.947 0.0000000000
65670  51.847  -16.531  38.597 0.0000000000
137671  51.139  -16.576  38.710 0.0000000000
65642  49.884  -16.642  39.985 0.0000000000
65655  50.556  -16.566  39.373 0.0000000000
65628  50.747  -16.545  41.484 0.0000000000
65629  49.861  -16.759  40.997 0.0000000000
65658  47.589  -16.894  39.140 0.0000000000
65644  47.868  -17.004  40.040 0.0000000000
64602  48.803  -17.680  42.174 0.0000000000
64610  48.492  -17.317  41.564 0.0000000000
64601  49.647  -17.590  42.384 0.0000000000
63639  49.624  -18.307  42.847 0.0000000000
63638  50.339  -18.373  43.193 0.0000000000
62693  49.534  -19.080  43.387 0.0000000000
62687  50.026  -20.084  43.882 0.0000000000
61765  50.472  -20.689  45.527 0.0000000000
61766  49.553  -20.963  45.545 0.0000000000
123170  42.753  -24.661  46.363 0.0000000000
57290  42.584  -25.456  46.444 0.0000000000
56377  44.413  -26.750  48.326 0.0000000000
131672  43.842  -26.450  47.599 0.0000000000
126870  45.153  -26.594  48.467 0.0000000000
137429  43.518  -27.605  50.938 0.0000000000
127920  44.226  -27.417  50.867 0.0000000000
55307  45.254  -27.437  51.453 0.0000000000
55305  47.116  -28.021  51.130 0.0000000000
53493  32.644  -29.175  52.467 0.0000000000
143161  49.361  -12.808  36.780 0.0000000000
68490  49.917  -13.025  36.915 0.0000000000
66676  50.388  -15.763  37.066 0.0000000000
66675  51.212  -15.804  37.391 0.0000000000
71250  54.312  -10.723  29.147 0.0000000000
35510  7.797  -48.830  64.430 0.0000000000
35487  8.076  -49.310  65.118 0.0000000000
34469  7.218  -50.119  67.472 0.0000000000
34489  4.594  -50.056  66.348 0.0000000000
34488  5.574  -49.832  66.408 0.0000000000
124186  40.811  -21.703  43.461 0.0000000000
59944  40.496  -22.361  43.705 0.0000000000
140337  39.365  -23.671  43.671 0.0000000000
59946  39.116  -22.898  43.378 0.0000000000
58191  40.444  -24.292  44.638 0.0000000000
142625  39.819  -26.062  45.424 0.0000000000
124537  40.913  -27.036  46.727 0.0000000000
56417  37.727  -26.925  45.093 0.0000000000
56416  38.495  -26.670  45.325 0.0000000000
55404  39.604  -27.731  47.408 0.0000000000
55403  40.366  -27.752  47.762 0.0000000000
55381  40.403  -27.895  48.657 0.0000000000
55358  40.398  -28.043  49.436 0.0000000000
134207  39.472  -27.657  50.759 0.0000000000
55336  40.266  -27.917  50.812 0.0000000000
55295  40.875  -27.699  52.515 0.0000000000
56339  40.182  -27.567  51.983 0.0000000000
46940  28.699  -36.331  54.637 0.0000000000
47925  29.373  -35.656  54.747 0.0000000000
44854  27.585  -38.271  57.045 0.0000000000
45876  27.939  -37.513  56.024 0.0000000000
46893  28.953  -36.507  57.713 0.0000000000
46892  29.324  -35.997  57.603 0.0000000000
46833  29.869  -36.546  61.287 0.0000000000
46851  30.317  -36.089  60.801 0.0000000000
46816  30.262  -36.168  61.742 0.0000000000
47823  30.882  -35.782  61.438 0.0000000000
42289  26.277  -41.411  61.872 0.0000000000
43087  26.962  -40.781  62.296 0.0000000000
43909  27.282  -39.974  62.781 0.0000000000
43914  27.566  -39.298  62.338 0.0000000000
140940  27.676  -39.062  61.850 0.0000000000
44813  27.986  -38.861  62.954 0.0000000000
125490  28.511  -37.985  65.227 0.0000000000
135846  28.587  -37.808  64.286 0.0000000000
45801  28.745  -37.718  63.454 0.0000000000
124567  29.042  -37.219  64.111 0.0000000000
46782  30.029  -36.352  64.911 0.0000000000
47767  30.521  -36.083  64.227 0.0000000000
40265  19.771  -42.305  66.559 0.0000000000
40273  20.559  -43.465  65.703 0.0000000000
121082  18.620  -42.739  65.243 0.0000000000
40276  17.759  -43.454  65.217 0.0000000000
41303  18.657  -42.626  62.793 0.0000000000
40293  18.254  -43.213  63.615 0.0000000000
127017  17.478  -43.596  65.019 0.0000000000
39310  17.489  -44.051  65.262 0.0000000000
131582  17.277  -44.776  65.540 0.0000000000
120901  16.559  -45.640  65.761 0.0000000000
37439  16.654  -46.275  65.053 0.0000000000
38382  17.752  -45.650  58.454 0.0000000000
38381  18.496  -45.225  58.942 0.0000000000
38384  16.083  -45.894  58.236 0.0000000000
37488  15.628  -46.413  58.966 0.0000000000
36556  16.671  -47.371  61.067 0.0000000000
37478  17.099  -47.002  60.431 0.0000000000
37463  17.336  -47.095  61.287 0.0000000000
142133  17.405  -47.067  61.849 0.0000000000
36519  17.417  -47.019  62.447 0.0000000000
35502  16.487  -48.041  63.758 0.0000000000
36494  16.463  -47.437  64.733 0.0000000000
35528  14.638  -48.863  63.499 0.0000000000
35504  14.680  -49.090  64.407 0.0000000000
34531  14.331  -49.552  64.940 0.0000000000
36546  12.705  -47.465  61.554 0.0000000000
35552  12.050  -48.153  62.832 0.0000000000
35530  12.686  -48.829  63.270 0.0000000000
34553  12.355  -49.265  63.834 0.0000000000
34534  12.055  -49.683  64.493 0.0000000000
36506  10.281  -48.179  62.955 0.0000000000
35532  9.925  -48.639  63.643 0.0000000000
36508  8.787  -48.150  63.262 0.0000000000
130098  8.081  -47.956  63.338 0.0000000000
36509  7.418  -47.565  63.011 0.0000000000
44857  24.322  -39.372  55.894 0.0000000000
129264  24.979  -39.344  55.598 0.0000000000
43962  24.574  -39.857  56.456 0.0000000000
43951  24.891  -40.169  57.117 0.0000000000
44859  22.307  -38.838  56.199 0.0000000000
42319  23.613  -41.525  59.439 0.0000000000
137104  22.102  -41.412  61.170 0.0000000000
139614  22.826  -42.026  61.137 0.0000000000
41302  23.023  -42.497  62.771 0.0000000000
42278  22.361  -42.093  62.574 0.0000000000
43099  21.016  -40.708  61.234 0.0000000000
130788  21.148  -41.356  62.782 0.0000000000
42242  20.737  -41.430  66.238 0.0000000000
42254  20.700  -41.490  65.236 0.0000000000
137297  19.844  -41.750  67.018 0.0000000000
36454  16.655  -47.800  68.329 0.0000000000
34485  8.659  -49.903  66.612 0.0000000000
33432  9.482  -50.833  67.879 0.0000000000
33407  10.284  -51.030  70.246 0.0000000000
33406  11.333  -50.715  70.275 0.0000000000
33398  11.087  -51.132  70.871 0.0000000000
68435  57.689  -13.306  42.654 0.0000000000
68426  58.320  -13.246  42.531 0.0000000000
67531  58.163  -13.786  43.087 0.0000000000
122440  52.748  -16.445  40.379 0.0000000000
119674  52.972  -16.245  41.542 0.0000000000
142769  53.448  -16.426  43.832 0.0000000000
65616  53.340  -15.776  42.862 0.0000000000
65608  53.669  -15.951  43.605 0.0000000000
65607  54.478  -15.744  44.121 0.0000000000
63621  53.034  -18.721  45.533 0.0000000000
63628  53.401  -17.984  44.829 0.0000000000
63620  53.761  -18.286  46.023 0.0000000000
63608  54.510  -18.110  46.325 0.0000000000
136596  55.044  -17.793  46.291 0.0000000000
64570  55.309  -17.458  45.713 0.0000000000
63619  55.410  -18.150  45.935 0.0000000000
63618  55.872  -18.773  45.201 0.0000000000
63658  43.799  -18.832  41.204 0.0000000000
63657  44.786  -18.801  41.306 0.0000000000
62721  44.970  -19.303  41.825 0.0000000000
61811  43.427  -20.324  42.827 0.0000000000
62708  43.862  -19.914  42.219 0.0000000000
61783  45.320  -20.641  44.786 0.0000000000
61795  45.082  -20.274  43.815 0.0000000000
61794  46.041  -20.544  43.805 0.0000000000
61793  47.138  -20.641  43.839 0.0000000000
61781  47.204  -20.844  44.844 0.0000000000
142904  47.529  -21.225  47.099 0.0000000000
122061  48.078  -20.870  46.077 0.0000000000
61753  48.235  -21.199  46.838 0.0000000000
61739  48.904  -21.274  47.654 0.0000000000
58167  43.346  -24.254  46.433 0.0000000000
57288  44.019  -24.833  46.590 0.0000000000
57277  46.446  -24.847  47.434 0.0000000000
59019  45.949  -23.241  47.339 0.0000000000
58154  46.691  -23.759  47.644 0.0000000000
58136  48.988  -24.086  49.527 0.0000000000
57266  48.679  -24.683  48.956 0.0000000000
58143  48.369  -23.825  48.872 0.0000000000
59004  47.803  -22.999  48.707 0.0000000000
59884  47.720  -22.324  48.720 0.0000000000
132853  48.357  -22.792  49.098 0.0000000000
54420  35.058  -28.730  48.181 0.0000000000
54419  36.060  -28.725  48.051 0.0000000000
55341  34.699  -28.005  50.631 0.0000000000
55363  34.491  -28.330  49.737 0.0000000000
140995  36.414  -27.879  50.501 0.0000000000
55339  37.142  -27.763  50.374 0.0000000000
55338  38.097  -27.281  50.533 0.0000000000
129652  38.191  -27.381  51.913 0.0000000000
143483  39.143  -27.052  53.033 0.0000000000
56314  39.504  -27.087  53.502 0.0000000000
56313  39.970  -26.942  53.174 0.0000000000
141661  40.185  -27.159  54.641 0.0000000000
49670  31.868  -33.922  56.471 0.0000000000
50557  32.707  -32.680  55.580 0.0000000000
49682  31.968  -32.952  55.183 0.0000000000
50570  32.576  -32.438  54.720 0.0000000000
126955  32.447  -32.268  53.794 0.0000000000
51512  32.969  -31.742  54.289 0.0000000000
52499  33.752  -30.466  55.228 0.0000000000
53475  33.846  -29.750  54.869 0.0000000000
131005  34.172  -29.790  55.582 0.0000000000
49587  33.234  -33.935  64.775 0.0000000000
49596  33.172  -34.182  63.618 0.0000000000
49595  33.765  -33.521  64.045 0.0000000000
50496  35.079  -32.795  62.685 0.0000000000
50497  34.333  -33.372  62.615 0.0000000000
143251  34.739  -33.168  62.072 0.0000000000
142576  34.661  -33.014  60.996 0.0000000000
50513  35.023  -32.655  60.641 0.0000000000
52447  36.310  -30.319  60.362 0.0000000000
51463  35.881  -31.038  59.740 0.0000000000
51469  34.934  -31.185  58.401 0.0000000000
52463  35.142  -30.010  58.158 0.0000000000
54341  35.104  -28.386  57.605 0.0000000000
53456  35.170  -29.060  57.615 0.0000000000
54342  34.896  -28.557  57.194 0.0000000000
54348  34.651  -28.384  56.559 0.0000000000
55264  34.092  -27.735  55.337 0.0000000000
55254  34.469  -27.694  56.206 0.0000000000
57202  35.708  -26.541  58.099 0.0000000000
57208  35.644  -26.618  57.162 0.0000000000
57212  35.858  -26.670  56.855 0.0000000000
57221  35.474  -26.487  56.068 0.0000000000
57211  36.423  -26.839  57.456 0.0000000000
56222  37.411  -26.963  60.258 0.0000000000
56244  37.709  -27.301  58.549 0.0000000000
56257  38.169  -27.172  57.638 0.0000000000
56272  37.580  -27.245  57.001 0.0000000000
56271  38.468  -27.372  56.835 0.0000000000
56290  38.755  -27.609  55.989 0.0000000000
56256  39.142  -27.332  57.497 0.0000000000
70329  51.403  -11.336  36.850 0.0000000000
69456  53.516  -12.631  32.279 0.0000000000
69463  53.749  -12.341  31.533 0.0000000000
68535  54.142  -12.995  31.939 0.0000000000
68534  54.795  -13.228  31.557 0.0000000000
68526  54.618  -13.477  32.412 0.0000000000
68511  55.405  -13.658  34.469 0.0000000000
139367  55.866  -13.711  33.614 0.0000000000
127842  56.665  -13.735  33.846 0.0000000000
68510  56.304  -13.667  34.529 0.0000000000
69417  54.788  -12.119  36.864 0.0000000000
70326  55.144  -11.622  37.438 0.0000000000
70324  56.788  -11.561  37.502 0.0000000000
69415  56.503  -12.089  36.776 0.0000000000
69414  57.511  -12.087  36.856 0.0000000000
135203  58.542  -11.863  36.876 0.0000000000
69413  59.440  -11.928  36.075 0.0000000000
69388  60.138  -11.889  38.097 0.0000000000
71265  58.427  -10.820  27.901 0.0000000000
71282  59.079  -10.305  27.344 0.0000000000
71264  59.665  -10.652  28.060 0.0000000000
70358  60.597  -11.666  32.011 0.0000000000
40258  21.018  -42.332  67.710 0.0000000000
34507  10.830  -50.167  65.361 0.0000000000
33454  10.645  -50.529  66.188 0.0000000000
119675  10.351  -50.801  67.118 0.0000000000
121173  41.633  -27.841  52.095 0.0000000000
55294  42.655  -27.759  52.314 0.0000000000
43950  25.775  -39.915  57.329 0.0000000000
43949  26.624  -39.600  57.692 0.0000000000
41326  18.788  -42.390  60.479 0.0000000000
136692  18.749  -42.886  60.087 0.0000000000
127822  19.174  -43.520  59.155 0.0000000000
43123  19.589  -41.224  59.403 0.0000000000
37401  17.044  -46.337  67.400 0.0000000000
36462  17.355  -47.115  67.885 0.0000000000
66660  55.037  -15.120  38.647 0.0000000000
66653  55.497  -15.426  39.267 0.0000000000
66654  54.822  -16.035  39.067 0.0000000000
65636  55.127  -16.036  40.137 0.0000000000
65637  54.477  -16.240  40.966 0.0000000000
61750  51.660  -20.311  46.148 0.0000000000
62666  52.334  -19.889  46.384 0.0000000000
61749  52.078  -20.199  46.977 0.0000000000
60862  42.461  -21.320  43.911 0.0000000000
60852  41.956  -21.843  44.345 0.0000000000
59910  43.399  -22.714  45.779 0.0000000000
56333  31.915  -26.861  52.017 0.0000000000
135931  32.492  -26.741  52.497 0.0000000000
141918  32.705  -26.686  52.325 0.0000000000
56321  32.845  -26.617  53.182 0.0000000000
56307  33.939  -26.981  54.321 0.0000000000
140157  31.979  -34.801  61.138 0.0000000000
48721  32.353  -34.544  61.268 0.0000000000
49614  32.952  -34.191  61.567 0.0000000000
67582  51.862  -14.126  37.455 0.0000000000
135582  51.626  -13.209  37.558 0.0000000000
67571  54.269  -14.218  38.228 0.0000000000
69475  56.677  -12.435  29.739 0.0000000000
68538  56.020  -13.281  31.370 0.0000000000
41301  23.809  -42.600  62.464 0.0000000000
41289  24.503  -42.623  63.310 0.0000000000
41278  24.158  -42.608  64.175 0.0000000000
35468  15.082  -48.846  67.310 0.0000000000
34454  14.489  -49.378  68.694 0.0000000000
34456  13.005  -50.313  69.442 0.0000000000
34448  13.734  -50.061  70.133 0.0000000000
65689  49.575  -16.076  37.073 0.0000000000
65671  50.498  -16.512  38.383 0.0000000000
65672  49.710  -16.475  38.009 0.0000000000
135690  49.172  -16.697  39.636 0.0000000000
64618  47.417  -17.391  40.768 0.0000000000
64603  48.070  -17.848  42.049 0.0000000000
63647  48.319  -18.217  42.476 0.0000000000
63640  48.817  -18.652  42.840 0.0000000000
62694  48.526  -19.478  43.213 0.0000000000
61792  48.197  -20.408  43.632 0.0000000000
56400  43.108  -26.176  46.995 0.0000000000
55400  43.578  -26.990  48.251 0.0000000000
55377  44.051  -27.205  49.037 0.0000000000
55308  44.675  -27.336  51.608 0.0000000000
35488  7.160  -49.207  65.154 0.0000000000
119895  6.229  -49.692  66.432 0.0000000000
58192  39.735  -24.557  44.430 0.0000000000
58182  40.081  -24.993  44.832 0.0000000000
57303  39.639  -25.694  45.074 0.0000000000
56415  39.319  -26.441  45.479 0.0000000000
55419  38.574  -27.628  46.496 0.0000000000
120847  39.676  -27.957  49.366 0.0000000000
55359  39.180  -27.789  50.068 0.0000000000
55337  38.824  -27.425  50.624 0.0000000000
122286  28.496  -36.724  55.247 0.0000000000
45840  28.363  -38.016  58.383 0.0000000000
46869  29.123  -36.880  59.149 0.0000000000
46868  29.616  -36.465  59.520 0.0000000000
42262  26.483  -41.509  63.658 0.0000000000
43078  27.038  -40.844  63.226 0.0000000000
121913  26.811  -40.753  64.142 0.0000000000
43891  27.225  -40.033  64.553 0.0000000000
45786  28.822  -37.522  65.932 0.0000000000
46783  29.424  -36.852  64.822 0.0000000000
41270  19.250  -41.973  66.044 0.0000000000
120093  18.990  -42.167  65.431 0.0000000000
41271  18.411  -42.641  65.010 0.0000000000
135608  18.215  -43.968  62.084 0.0000000000
40307  17.987  -43.922  63.329 0.0000000000
39329  17.624  -44.270  64.207 0.0000000000
38383  16.999  -45.896  58.187 0.0000000000
124970  14.842  -46.591  59.574 0.0000000000
140197  15.689  -46.877  59.663 0.0000000000
128722  16.364  -47.905  62.298 0.0000000000
128813  15.922  -48.494  63.701 0.0000000000
35527  15.428  -48.637  63.393 0.0000000000
35531  11.135  -48.083  62.868 0.0000000000
137685  23.938  -39.235  55.620 0.0000000000
44847  21.022  -38.718  57.263 0.0000000000
43134  22.433  -40.410  58.409 0.0000000000
42320  22.707  -41.175  59.730 0.0000000000
43101  19.901  -41.251  61.666 0.0000000000
43089  20.400  -41.321  62.338 0.0000000000
42255  19.979  -41.353  64.961 0.0000000000
42243  19.930  -41.387  65.934 0.0000000000
122096  19.680  -41.509  65.613 0.0000000000
33399  9.199  -50.980  70.329 0.0000000000
67526  57.213  -14.608  43.920 0.0000000000
66619  57.735  -14.523  43.456 0.0000000000
66610  57.278  -15.102  44.087 0.0000000000
65606  57.233  -15.837  43.837 0.0000000000
125167  57.012  -17.668  43.229 0.0000000000
63636  56.559  -17.935  43.800 0.0000000000
65627  51.589  -16.375  41.879 0.0000000000
130937  52.341  -16.246  41.966 0.0000000000
119212  52.242  -16.416  42.445 0.0000000000
65601  52.997  -16.376  43.313 0.0000000000
64584  53.214  -17.007  44.073 0.0000000000
62664  53.719  -19.197  47.151 0.0000000000
63609  53.938  -18.639  46.616 0.0000000000
61771  44.484  -20.775  45.183 0.0000000000
61769  46.794  -20.637  45.955 0.0000000000
61755  46.931  -20.987  46.860 0.0000000000
60822  47.720  -21.443  48.147 0.0000000000
58156  44.887  -24.529  46.717 0.0000000000
128988  45.512  -25.384  47.233 0.0000000000
142494  46.841  -25.254  47.687 0.0000000000
54421  34.015  -28.748  48.101 0.0000000000
56329  35.398  -27.132  52.572 0.0000000000
55316  35.600  -27.566  51.693 0.0000000000
55297  36.277  -27.472  52.283 0.0000000000
55296  37.213  -27.561  52.043 0.0000000000
56327  37.846  -27.743  52.825 0.0000000000
143338  38.501  -27.972  53.921 0.0000000000
119238  39.057  -27.652  54.124 0.0000000000
123311  32.674  -33.533  57.768 0.0000000000
49657  32.505  -33.422  56.875 0.0000000000
50556  33.263  -32.428  55.909 0.0000000000
51494  33.602  -31.930  55.941 0.0000000000
51482  34.045  -31.521  56.436 0.0000000000
52473  34.405  -30.697  56.849 0.0000000000
125116  34.159  -33.352  63.506 0.0000000000
50490  34.417  -32.759  64.277 0.0000000000
50489  35.078  -32.369  63.747 0.0000000000
50495  35.506  -32.114  63.087 0.0000000000
52455  35.934  -29.946  59.539 0.0000000000
130840  35.437  -29.609  58.935 0.0000000000
54337  35.310  -28.311  58.231 0.0000000000
55244  35.216  -27.883  58.007 0.0000000000
55238  35.575  -27.525  58.716 0.0000000000
56235  36.046  -27.032  59.077 0.0000000000
56245  36.908  -26.865  58.876 0.0000000000
70338  51.927  -11.692  36.133 0.0000000000
69435  51.760  -12.091  35.110 0.0000000000
68519  53.552  -13.356  33.408 0.0000000000
68518  54.303  -13.602  33.373 0.0000000000
70300  55.567  -11.434  37.952 0.0000000000
70312  55.480  -11.477  37.788 0.0000000000
70311  56.181  -11.343  37.931 0.0000000000
70310  57.172  -11.322  38.105 0.0000000000
70309  58.208  -11.324  38.241 0.0000000000
121154  59.054  -11.204  38.225 0.0000000000
70297  58.603  -11.270  38.869 0.0000000000
70392  60.212  -10.734  28.849 0.0000000000
71249  60.940  -10.667  29.380 0.0000000000
71248  61.278  -10.684  28.944 0.0000000000
69455  59.210  -12.491  32.670 0.0000000000
129703  60.371  -11.834  32.872 0.0000000000
42241  22.487  -41.784  66.166 0.0000000000
42227  21.615  -41.413  67.600 0.0000000000
42215  21.534  -41.486  67.973 0.0000000000
40252  21.622  -42.483  68.223 0.0000000000
33441  13.096  -50.193  66.483 0.0000000000
143226  12.423  -50.497  67.680 0.0000000000
140459  11.905  -50.469  70.772 0.0000000000
65659  46.740  -17.045  38.930 0.0000000000
64619  46.522  -17.802  40.579 0.0000000000
63656  46.401  -18.295  41.325 0.0000000000
55356  42.883  -27.823  49.543 0.0000000000
120451  43.650  -27.437  52.270 0.0000000000
120934  44.403  -27.259  52.385 0.0000000000
34536  5.493  -49.378  64.553 0.0000000000
140363  4.232  -50.120  67.250 0.0000000000
122242  4.339  -50.196  67.996 0.0000000000
55420  37.674  -27.967  46.501 0.0000000000
55406  37.593  -28.205  47.375 0.0000000000
44836  27.310  -39.247  58.116 0.0000000000
44843  27.734  -38.537  57.825 0.0000000000
126120  28.202  -38.349  60.784 0.0000000000
42268  18.958  -41.866  63.252 0.0000000000
40318  18.627  -43.202  61.980 0.0000000000
131270  18.798  -42.787  61.208 0.0000000000
38349  18.138  -44.853  61.656 0.0000000000
37480  14.298  -46.914  60.048 0.0000000000
132405  14.334  -47.708  61.121 0.0000000000
36559  13.734  -47.302  60.590 0.0000000000
137505  13.009  -47.219  61.011 0.0000000000
44838  20.422  -39.376  57.517 0.0000000000
43942  20.754  -39.755  58.303 0.0000000000
43108  21.115  -40.548  60.480 0.0000000000
43121  20.546  -40.472  59.931 0.0000000000
119834  19.960  -40.911  60.994 0.0000000000
42280  19.385  -41.659  62.761 0.0000000000
68451  58.266  -12.463  41.165 0.0000000000
68452  57.597  -13.189  41.153 0.0000000000
68443  57.444  -13.302  42.194 0.0000000000
67538  56.823  -13.788  42.724 0.0000000000
66635  56.337  -14.923  40.937 0.0000000000
67533  56.763  -14.173  43.481 0.0000000000
67527  56.635  -14.695  44.052 0.0000000000
66612  56.144  -15.158  44.287 0.0000000000
63630  51.951  -18.361  43.819 0.0000000000
62665  52.857  -19.589  46.980 0.0000000000
61797  43.847  -20.486  43.664 0.0000000000
61785  43.401  -21.034  44.276 0.0000000000
127890  43.881  -20.850  44.986 0.0000000000
59907  45.354  -21.884  47.097 0.0000000000
55351  47.418  -27.115  49.643 0.0000000000
139284  32.721  -27.996  49.597 0.0000000000
55364  33.445  -28.159  49.779 0.0000000000
119653  33.820  -26.800  52.388 0.0000000000
56342  34.720  -27.255  52.017 0.0000000000
56318  35.176  -26.903  53.414 0.0000000000
119999  35.681  -27.140  54.088 0.0000000000
47892  30.202  -35.201  57.198 0.0000000000
48794  30.643  -34.804  56.709 0.0000000000
48781  30.956  -34.959  57.460 0.0000000000
48780  31.597  -34.579  57.824 0.0000000000
49647  32.218  -34.125  58.235 0.0000000000
48768  32.315  -34.262  59.067 0.0000000000
49646  32.838  -33.748  58.631 0.0000000000
70330  50.558  -11.356  36.856 0.0000000000
70314  51.849  -11.414  37.239 0.0000000000
68479  51.737  -12.363  37.633 0.0000000000
70328  51.938  -11.351  36.882 0.0000000000
69433  53.355  -12.613  36.168 0.0000000000
70327  54.503  -11.880  37.489 0.0000000000
69400  54.624  -11.802  37.794 0.0000000000
69392  54.167  -12.266  37.918 0.0000000000
69391  54.809  -11.922  38.238 0.0000000000
141818  55.056  -11.525  38.002 0.0000000000
69390  55.750  -11.744  38.330 0.0000000000
68467  56.464  -12.595  38.960 0.0000000000
70394  57.802  -11.462  28.459 0.0000000000
70395  56.758  -11.416  28.490 0.0000000000
69466  59.896  -11.959  31.298 0.0000000000
120047  58.887  -12.535  31.534 0.0000000000
68523  58.316  -13.244  33.064 0.0000000000
68515  58.280  -13.305  33.978 0.0000000000
42317  25.166  -41.601  59.708 0.0000000000
43106  25.924  -41.224  60.113 0.0000000000
42302  25.339  -41.743  60.595 0.0000000000
42290  25.548  -41.795  61.480 0.0000000000
42263  26.043  -41.965  63.196 0.0000000000
41288  25.408  -42.363  63.232 0.0000000000
42251  25.934  -42.172  63.927 0.0000000000
42250  26.381  -41.564  64.623 0.0000000000
42223  26.244  -41.376  66.083 0.0000000000
42226  22.936  -41.633  67.008 0.0000000000
42225  24.195  -41.961  66.738 0.0000000000
42203  23.671  -41.727  68.688 0.0000000000
42212  24.914  -41.603  67.387 0.0000000000
41340  19.204  -42.695  57.781 0.0000000000
36484  16.098  -47.233  66.399 0.0000000000
36455  16.173  -48.049  68.181 0.0000000000
35458  16.251  -48.420  68.754 0.0000000000
35453  16.341  -48.900  69.424 0.0000000000
34482  13.817  -49.895  67.136 0.0000000000
34447  14.428  -49.520  69.563 0.0000000000
65669  52.668  -16.400  38.590 0.0000000000
135711  52.000  -16.377  40.292 0.0000000000
65640  51.411  -16.371  40.849 0.0000000000
65619  50.926  -16.654  42.328 0.0000000000
65657  48.413  -16.801  39.352 0.0000000000
64617  48.160  -17.015  40.896 0.0000000000
65630  48.936  -16.871  40.975 0.0000000000
64600  50.506  -17.235  42.537 0.0000000000
64594  50.882  -17.635  42.995 0.0000000000
63637  51.135  -18.270  43.451 0.0000000000
62691  51.425  -19.074  43.965 0.0000000000
62686  50.901  -19.831  44.311 0.0000000000
61764  51.188  -20.285  45.235 0.0000000000
120801  50.978  -20.634  45.973 0.0000000000
58179  41.920  -23.967  45.595 0.0000000000
57279  43.899  -25.724  47.009 0.0000000000
56364  46.062  -26.750  49.181 0.0000000000
55355  43.645  -27.514  49.510 0.0000000000
55333  44.823  -27.341  50.795 0.0000000000
138203  45.007  -27.216  50.125 0.0000000000
55353  45.475  -27.211  49.904 0.0000000000
55352  46.360  -27.184  49.728 0.0000000000
55331  46.668  -27.522  50.403 0.0000000000
54385  32.776  -28.403  53.037 0.0000000000
135797  33.271  -28.589  53.643 0.0000000000
48695  31.946  -34.965  64.319 0.0000000000
68489  50.554  -13.244  37.262 0.0000000000
67583  51.051  -14.010  37.267 0.0000000000
138201  51.433  -14.963  37.168 0.0000000000
70380  54.622  -11.483  29.396 0.0000000000
35486  8.734  -49.424  65.177 0.0000000000
142857  8.365  -49.462  65.694 0.0000000000
34510  7.720  -49.455  65.869 0.0000000000
34468  7.976  -49.967  67.069 0.0000000000
33434  7.756  -50.292  67.993 0.0000000000
33421  7.587  -50.519  69.018 0.0000000000
142462  6.544  -50.223  67.831 0.0000000000
138302  6.902  -50.516  69.361 0.0000000000
60878  41.212  -21.126  42.998 0.0000000000
59943  41.261  -22.135  43.962 0.0000000000
59052  41.434  -23.191  44.675 0.0000000000
59053  41.298  -23.991  44.941 0.0000000000
58180  41.517  -24.490  45.440 0.0000000000
57291  41.840  -25.796  46.105 0.0000000000
57301  41.302  -25.271  45.612 0.0000000000
56402  41.493  -26.509  46.526 0.0000000000
56390  41.669  -27.041  47.071 0.0000000000
56404  39.575  -26.990  46.004 0.0000000000
55418  39.472  -27.495  46.563 0.0000000000
56403  40.190  -27.085  46.327 0.0000000000
120682  41.136  -27.867  48.065 0.0000000000
141118  41.652  -27.884  48.299 0.0000000000
55335  41.329  -28.163  50.790 0.0000000000
55272  41.104  -27.372  54.094 0.0000000000
45877  27.459  -37.847  55.510 0.0000000000
46926  28.012  -37.273  55.351 0.0000000000
46925  28.494  -36.847  56.067 0.0000000000
45850  28.570  -37.303  57.645 0.0000000000
46909  28.701  -36.672  56.981 0.0000000000
46908  29.005  -36.108  56.443 0.0000000000
47907  29.528  -35.630  56.935 0.0000000000
128583  30.536  -35.316  57.861 0.0000000000
47873  30.428  -35.602  58.593 0.0000000000
47853  30.621  -35.669  59.519 0.0000000000
46867  30.034  -35.949  59.956 0.0000000000
126913  30.634  -35.786  60.198 0.0000000000
47822  31.364  -35.379  62.040 0.0000000000
47802  31.138  -35.416  62.808 0.0000000000
128236  26.652  -40.740  60.576 0.0000000000
43915  27.158  -40.030  61.080 0.0000000000
134150  27.250  -40.008  61.892 0.0000000000
133991  27.863  -38.837  61.307 0.0000000000
45819  28.483  -38.233  61.699 0.0000000000
43890  27.724  -39.343  64.966 0.0000000000
127454  28.150  -38.616  64.461 0.0000000000
44808  27.932  -38.912  63.668 0.0000000000
45811  28.433  -38.296  62.741 0.0000000000
46818  29.421  -37.107  62.371 0.0000000000
126488  29.790  -36.662  62.905 0.0000000000
46800  29.694  -36.649  63.933 0.0000000000
46817  30.228  -36.180  62.503 0.0000000000
122374  30.662  -35.858  62.865 0.0000000000
47784  30.926  -35.713  63.526 0.0000000000
47783  31.517  -35.239  63.528 0.0000000000
40272  21.577  -43.583  65.931 0.0000000000
41272  17.802  -43.152  64.865 0.0000000000
38304  16.708  -45.532  66.427 0.0000000000
37427  16.485  -45.714  66.198 0.0000000000
37428  16.358  -46.327  66.424 0.0000000000
141132  18.895  -44.442  59.238 0.0000000000
39363  18.671  -44.713  59.945 0.0000000000
38350  18.103  -45.760  61.264 0.0000000000
37494  17.272  -46.218  58.908 0.0000000000
37487  16.623  -46.705  59.500 0.0000000000
37486  17.473  -46.429  59.834 0.0000000000
35484  15.596  -48.415  65.910 0.0000000000
123073  13.615  -49.853  64.983 0.0000000000
35550  14.049  -48.585  62.660 0.0000000000
35529  13.637  -48.918  63.285 0.0000000000
36523  12.366  -47.825  62.209 0.0000000000
35551  13.005  -48.493  62.662 0.0000000000
34505  12.722  -50.035  65.058 0.0000000000
127934  9.651  -49.031  64.243 0.0000000000
138097  26.318  -38.568  55.311 0.0000000000
44856  25.399  -39.552  56.050 0.0000000000
43142  25.382  -40.440  57.673 0.0000000000
43117  24.877  -41.285  58.666 0.0000000000
43952  23.745  -40.302  56.964 0.0000000000
136139  24.343  -42.000  60.123 0.0000000000
120082  23.827  -42.178  60.977 0.0000000000
42292  23.541  -42.371  61.647 0.0000000000
42293  21.521  -41.194  61.531 0.0000000000
42279  21.665  -41.478  62.284 0.0000000000
119422  21.807  -41.763  63.137 0.0000000000
42264  22.044  -41.796  64.059 0.0000000000
42253  21.846  -41.906  65.266 0.0000000000
42217  20.415  -41.638  67.395 0.0000000000
40259  20.181  -42.008  67.248 0.0000000000
36453  17.119  -47.684  68.389 0.0000000000
34484  9.233  -49.969  66.076 0.0000000000
33431  10.457  -51.047  68.189 0.0000000000
142232  10.911  -50.979  68.619 0.0000000000
69346  58.457  -12.826  42.104 0.0000000000
67537  58.434  -13.623  42.594 0.0000000000
65652  53.381  -16.516  39.371 0.0000000000
65638  53.612  -16.435  40.596 0.0000000000
66636  54.250  -15.641  42.101 0.0000000000
65626  52.860  -16.150  42.379 0.0000000000
66637  53.477  -15.887  42.313 0.0000000000
66629  54.050  -15.421  42.812 0.0000000000
66613  55.494  -15.728  44.547 0.0000000000
127565  55.779  -16.344  45.037 0.0000000000
64585  52.549  -17.709  43.958 0.0000000000
64583  53.919  -17.295  44.774 0.0000000000
64582  54.635  -17.040  45.185 0.0000000000
65587  55.368  -16.936  45.394 0.0000000000
65586  56.025  -16.750  45.269 0.0000000000
64621  44.606  -17.782  40.003 0.0000000000
63668  45.112  -18.284  40.704 0.0000000000
125966  45.651  -18.569  41.328 0.0000000000
63649  46.227  -18.825  41.839 0.0000000000
62707  44.668  -19.794  42.269 0.0000000000
61796  44.452  -20.332  43.779 0.0000000000
62698  44.958  -20.181  42.934 0.0000000000
62706  45.506  -19.510  42.225 0.0000000000
62705  46.391  -19.353  42.324 0.0000000000
61767  48.580  -20.985  45.112 0.0000000000
61768  47.691  -20.884  45.473 0.0000000000
61752  49.265  -21.152  46.647 0.0000000000
61738  49.994  -21.085  47.348 0.0000000000
60819  50.170  -21.353  48.076 0.0000000000
59035  42.993  -23.192  45.712 0.0000000000
136373  43.670  -23.263  46.275 0.0000000000
140370  44.267  -22.697  46.430 0.0000000000
59034  44.503  -22.921  46.611 0.0000000000
59021  45.080  -22.509  46.877 0.0000000000
60824  46.201  -21.875  47.620 0.0000000000
56363  47.561  -26.324  48.835 0.0000000000
140377  47.801  -25.628  48.564 0.0000000000
57267  47.961  -24.869  48.381 0.0000000000
59005  47.097  -22.857  48.428 0.0000000000
60823  47.024  -21.655  47.936 0.0000000000
59869  49.085  -22.678  49.474 0.0000000000
135557  48.847  -22.138  49.186 0.0000000000
60809  48.790  -21.769  48.819 0.0000000000
60808  49.744  -21.752  48.665 0.0000000000
60807  50.693  -21.590  48.603 0.0000000000
55385  37.035  -28.410  48.032 0.0000000000
120550  37.386  -28.123  48.905 0.0000000000
55340  35.693  -27.955  50.731 0.0000000000
55361  36.983  -27.976  49.565 0.0000000000
55312  39.244  -27.323  51.212 0.0000000000
56326  38.784  -27.248  52.622 0.0000000000
56341  39.023  -27.276  51.876 0.0000000000
56340  39.662  -27.362  51.921 0.0000000000
56324  40.094  -27.162  52.583 0.0000000000
48806  31.019  -34.324  56.073 0.0000000000
49669  32.224  -33.212  56.018 0.0000000000
139506  32.982  -30.737  53.132 0.0000000000
51511  33.335  -31.087  54.836 0.0000000000
52524  33.374  -30.111  53.541 0.0000000000
53480  33.674  -29.314  54.083 0.0000000000
54366  33.404  -28.180  54.377 0.0000000000
48703  32.489  -34.631  63.072 0.0000000000
49605  33.083  -34.289  62.564 0.0000000000
124671  33.617  -33.793  62.027 0.0000000000
50514  34.180  -33.058  60.473 0.0000000000
50521  34.090  -32.928  59.597 0.0000000000
50528  34.562  -32.399  59.242 0.0000000000
52433  36.277  -30.731  62.467 0.0000000000
51451  36.084  -31.482  61.768 0.0000000000
50512  35.641  -32.144  61.140 0.0000000000
51458  35.357  -31.864  60.200 0.0000000000
126543  34.652  -32.033  58.692 0.0000000000
51475  34.700  -30.854  57.620 0.0000000000
130241  34.361  -29.856  56.498 0.0000000000
53465  34.631  -29.072  55.944 0.0000000000
54359  33.659  -28.071  55.032 0.0000000000
55265  33.530  -27.784  54.648 0.0000000000
56293  34.084  -27.310  54.873 0.0000000000
57223  34.565  -26.787  55.433 0.0000000000
56276  34.656  -27.118  56.663 0.0000000000
57214  34.713  -26.669  56.203 0.0000000000
57228  34.792  -26.577  54.996 0.0000000000
57227  35.198  -26.496  55.502 0.0000000000
56274  35.708  -26.775  55.640 0.0000000000
133728  36.226  -27.153  55.858 0.0000000000
56223  37.218  -27.034  59.739 0.0000000000
56233  37.232  -26.992  59.560 0.0000000000
141645  37.070  -27.010  58.531 0.0000000000
56232  37.517  -27.070  59.514 0.0000000000
130896  37.288  -27.058  58.927 0.0000000000
56259  37.093  -27.203  57.995 0.0000000000
119363  36.872  -27.229  57.217 0.0000000000
119838  36.849  -27.347  56.422 0.0000000000
56292  36.887  -27.624  55.595 0.0000000000
55263  37.629  -27.876  55.346 0.0000000000
55262  38.266  -27.811  55.469 0.0000000000
56289  39.631  -27.418  55.611 0.0000000000
119940  40.220  -27.254  55.288 0.0000000000
69471  54.011  -12.103  30.770 0.0000000000
69470  54.566  -12.463  30.397 0.0000000000
68540  54.875  -12.873  30.889 0.0000000000
119520  55.201  -13.716  32.941 0.0000000000
122294  56.028  -13.739  32.708 0.0000000000
68516  57.362  -13.615  33.398 0.0000000000
137253  58.269  -13.206  34.752 0.0000000000
69432  54.348  -13.034  36.116 0.0000000000
69416  55.608  -12.117  36.793 0.0000000000
69430  56.195  -12.913  36.126 0.0000000000
68498  56.778  -13.370  35.352 0.0000000000
139363  57.813  -13.086  35.387 0.0000000000
131113  58.791  -12.566  35.338 0.0000000000
70308  59.677  -11.621  37.470 0.0000000000
69398  60.310  -12.006  37.694 0.0000000000
41251  21.832  -42.172  68.463 0.0000000000
42213  23.823  -41.777  67.752 0.0000000000
42216  20.814  -41.371  67.759 0.0000000000
42318  24.502  -41.553  59.265 0.0000000000
43883  27.719  -39.314  65.796 0.0000000000
43908  27.588  -39.378  63.246 0.0000000000
44874  23.568  -39.189  55.031 0.0000000000
45777  28.831  -37.687  66.966 0.0000000000
50505  35.108  -32.854  61.565 0.0000000000
55271  42.184  -27.660  54.160 0.0000000000
56221  37.941  -26.739  60.748 0.0000000000
56246  36.273  -26.830  58.883 0.0000000000
56247  35.566  -27.032  58.344 0.0000000000
56260  35.010  -27.210  57.497 0.0000000000
56275  35.023  -26.750  56.955 0.0000000000
56303  39.027  -27.710  55.066 0.0000000000
57201  36.504  -26.788  58.412 0.0000000000
57207  36.096  -26.466  57.768 0.0000000000
57222  34.924  -26.406  55.778 0.0000000000
57229  34.352  -26.954  54.777 0.0000000000
59897  45.666  -22.529  47.308 0.0000000000
59918  42.008  -22.812  45.032 0.0000000000
60810  48.052  -21.731  48.676 0.0000000000
60811  47.484  -21.800  48.406 0.0000000000
60820  49.216  -21.472  48.285 0.0000000000
60844  42.845  -21.852  45.158 0.0000000000
61740  47.967  -21.208  47.720 0.0000000000
66630  53.368  -15.751  42.835 0.0000000000
66652  56.110  -14.915  39.483 0.0000000000
67532  57.595  -13.982  43.419 0.0000000000
67559  56.567  -14.416  39.737 0.0000000000
68427  57.948  -13.450  42.966 0.0000000000
68434  58.115  -13.043  42.515 0.0000000000
68449  59.099  -12.730  41.298 0.0000000000
69363  58.677  -12.284  40.874 0.0000000000
69412  60.269  -11.935  37.031 0.0000000000
70280  58.491  -11.785  40.121 0.0000000000
70296  59.669  -11.555  38.146 0.0000000000
70299  56.659  -11.436  38.215 0.0000000000
70307  60.153  -11.824  37.738 0.0000000000
70347  60.465  -11.825  33.803 0.0000000000
121317  58.821  -11.429  37.589 0.0000000000
127317  48.644  -20.720  44.149 0.0000000000
130147  57.210  -12.279  39.495 0.0000000000
131951  37.235  -28.062  53.327 0.0000000000
134471  30.388  -34.735  56.113 0.0000000000
140323  28.704  -37.699  60.017 0.0000000000
141469  36.583  -28.624  47.547 0.0000000000
141509  45.141  -27.126  49.708 0.0000000000
