#!ascii label  , from subject sub-032304 vox2ras=TkReg
989
128663  28.332  -34.165  51.287 0.0000000000
66664  43.183  -15.282  38.345 0.0000000000
56439  33.439  -26.328  43.412 0.0000000000
40337  12.152  -43.533  58.987 0.0000000000
49706  21.275  -32.916  53.957 0.0000000000
61800  34.379  -20.533  43.694 0.0000000000
44863  16.003  -38.911  56.031 0.0000000000
39384  15.925  -44.552  57.177 0.0000000000
45899  19.230  -37.404  54.660 0.0000000000
65691  47.832  -16.379  37.488 0.0000000000
53496  26.707  -29.382  52.602 0.0000000000
55368  28.857  -27.697  48.918 0.0000000000
135566  31.568  -32.068  51.209 0.0000000000
123887  47.271  -11.237  38.195 0.0000000000
70341  49.781  -10.972  36.181 0.0000000000
67547  39.465  -14.584  41.267 0.0000000000
63660  42.138  -18.837  41.129 0.0000000000
61834  37.769  -19.979  41.805 0.0000000000
58193  37.967  -24.947  43.776 0.0000000000
45894  26.460  -37.708  54.164 0.0000000000
37467  10.284  -46.796  61.810 0.0000000000
38342  5.869  -45.697  62.028 0.0000000000
37429  3.111  -45.923  65.111 0.0000000000
48829  24.658  -34.033  52.542 0.0000000000
45897  22.551  -37.707  53.865 0.0000000000
58171  29.430  -24.618  46.386 0.0000000000
55387  33.238  -28.362  48.949 0.0000000000
72127  53.076  -9.875  33.193 0.0000000000
65693  45.327  -15.976  37.399 0.0000000000
64634  44.429  -17.261  39.134 0.0000000000
122735  28.323  -31.240  51.837 0.0000000000
52561  29.096  -30.639  50.292 0.0000000000
50596  29.975  -32.946  50.973 0.0000000000
69381  43.412  -12.501  39.417 0.0000000000
70293  46.571  -11.714  39.562 0.0000000000
123767  45.465  -13.470  37.334 0.0000000000
68492  46.674  -13.644  36.559 0.0000000000
34538  3.259  -49.328  64.518 0.0000000000
65647  38.652  -16.608  40.765 0.0000000000
64605  36.711  -17.410  42.539 0.0000000000
59085  33.908  -23.964  42.811 0.0000000000
126961  35.859  -22.866  42.505 0.0000000000
56436  35.890  -26.262  43.561 0.0000000000
55434  35.713  -28.139  44.981 0.0000000000
39378  13.638  -44.351  58.596 0.0000000000
37488  15.628  -46.413  58.966 0.0000000000
38363  13.018  -46.260  59.843 0.0000000000
36546  12.705  -47.465  61.554 0.0000000000
38365  11.205  -45.261  60.236 0.0000000000
40321  6.919  -43.671  61.671 0.0000000000
38337  4.593  -45.341  63.273 0.0000000000
49718  23.537  -33.877  53.365 0.0000000000
46971  23.706  -36.442  52.228 0.0000000000
47948  21.824  -35.623  52.903 0.0000000000
43966  19.016  -39.542  55.550 0.0000000000
44861  19.979  -38.216  56.916 0.0000000000
54395  31.179  -28.092  51.108 0.0000000000
55389  30.940  -27.534  48.916 0.0000000000
64588  35.633  -17.819  44.348 0.0000000000
60845  33.804  -21.278  45.198 0.0000000000
59067  32.931  -24.003  44.740 0.0000000000
42349  17.820  -41.468  55.459 0.0000000000
40357  18.303  -43.818  57.013 0.0000000000
42343  15.464  -41.260  56.416 0.0000000000
135459  14.471  -41.697  57.645 0.0000000000
42322  13.063  -40.875  59.255 0.0000000000
48819  19.946  -34.247  53.912 0.0000000000
47917  17.960  -34.978  54.678 0.0000000000
45883  17.075  -37.856  54.872 0.0000000000
57237  26.356  -25.837  52.713 0.0000000000
57260  26.516  -25.687  49.835 0.0000000000
54404  27.031  -29.000  50.538 0.0000000000
53509  30.748  -29.944  50.450 0.0000000000
129639  48.884  -9.126  35.323 0.0000000000
70316  48.123  -11.487  37.307 0.0000000000
131715  49.133  -13.728  36.518 0.0000000000
67562  41.324  -14.557  39.363 0.0000000000
64636  42.223  -17.135  39.853 0.0000000000
64625  40.458  -17.441  40.323 0.0000000000
62726  39.943  -19.619  41.179 0.0000000000
60864  40.014  -21.903  43.286 0.0000000000
131922  35.711  -19.847  42.932 0.0000000000
59958  37.609  -22.191  42.817 0.0000000000
47943  27.936  -35.633  52.210 0.0000000000
47933  29.880  -35.068  53.651 0.0000000000
69359  42.581  -12.218  41.158 0.0000000000
40326  9.536  -43.067  60.078 0.0000000000
38367  8.722  -45.010  60.764 0.0000000000
37469  8.548  -46.219  61.802 0.0000000000
36509  7.418  -47.565  63.011 0.0000000000
36510  5.918  -47.666  62.965 0.0000000000
35539  3.710  -48.090  63.442 0.0000000000
37442  2.076  -47.078  65.005 0.0000000000
37431  1.048  -47.002  66.302 0.0000000000
49741  26.941  -33.892  51.395 0.0000000000
131481  25.919  -36.417  52.085 0.0000000000
44900  24.718  -38.117  53.683 0.0000000000
46927  21.066  -36.661  54.966 0.0000000000
56430  31.025  -26.164  44.851 0.0000000000
56392  28.158  -26.312  47.380 0.0000000000
55423  30.168  -27.427  46.370 0.0000000000
54444  33.463  -28.909  46.055 0.0000000000
128531  31.442  -33.341  53.685 0.0000000000
138703  53.356  -11.374  31.623 0.0000000000
71217  50.332  -10.520  34.440 0.0000000000
69452  51.790  -12.091  33.622 0.0000000000
66663  43.958  -15.601  37.974 0.0000000000
64641  45.046  -16.913  38.597 0.0000000000
65677  44.242  -16.683  38.460 0.0000000000
140024  28.344  -31.997  51.365 0.0000000000
50597  28.983  -32.630  51.119 0.0000000000
49738  29.389  -33.499  51.181 0.0000000000
68472  43.324  -13.509  38.368 0.0000000000
69393  44.431  -12.869  38.246 0.0000000000
68483  43.868  -13.974  37.942 0.0000000000
139219  45.199  -14.216  37.164 0.0000000000
139618  2.567  -49.410  64.986 0.0000000000
65621  37.557  -16.260  42.800 0.0000000000
65611  37.561  -16.331  43.643 0.0000000000
58215  33.846  -24.630  42.915 0.0000000000
57338  34.863  -25.270  42.702 0.0000000000
57327  34.999  -26.063  43.168 0.0000000000
137382  35.845  -27.059  43.943 0.0000000000
55445  35.288  -27.628  44.163 0.0000000000
40336  12.601  -43.935  58.843 0.0000000000
38386  13.487  -44.908  58.937 0.0000000000
39365  12.460  -44.558  59.289 0.0000000000
141893  12.152  -45.538  60.166 0.0000000000
39366  11.626  -44.088  59.295 0.0000000000
49719  22.675  -33.691  53.426 0.0000000000
48832  21.992  -34.320  52.932 0.0000000000
123121  21.318  -33.980  53.231 0.0000000000
129086  19.230  -40.729  56.517 0.0000000000
58983  27.460  -23.550  50.896 0.0000000000
55319  31.631  -27.294  51.368 0.0000000000
59933  33.509  -22.744  44.670 0.0000000000
59054  33.311  -23.470  45.315 0.0000000000
43158  16.721  -40.300  55.234 0.0000000000
41373  17.185  -42.113  55.571 0.0000000000
43151  16.070  -40.846  55.670 0.0000000000
43146  14.515  -40.373  57.897 0.0000000000
43945  13.532  -40.041  58.795 0.0000000000
41341  13.521  -42.122  58.378 0.0000000000
49693  18.808  -33.664  55.001 0.0000000000
46910  16.185  -36.854  56.130 0.0000000000
46930  16.615  -36.911  55.167 0.0000000000
44879  16.510  -38.417  55.440 0.0000000000
43979  17.474  -39.699  54.866 0.0000000000
55321  26.065  -27.510  51.380 0.0000000000
53503  26.807  -29.348  51.633 0.0000000000
51556  30.687  -31.777  50.566 0.0000000000
135891  29.420  -30.176  50.026 0.0000000000
52558  31.345  -30.584  50.659 0.0000000000
128602  31.634  -29.699  50.986 0.0000000000
51555  32.620  -30.967  52.276 0.0000000000
70303  46.824  -11.926  38.466 0.0000000000
71208  47.908  -9.873  36.909 0.0000000000
71199  47.712  -10.699  37.547 0.0000000000
66685  47.254  -15.076  36.518 0.0000000000
125949  48.127  -13.791  36.289 0.0000000000
66684  48.154  -15.341  36.521 0.0000000000
67554  40.335  -14.475  40.256 0.0000000000
65663  40.737  -15.733  39.790 0.0000000000
140131  39.787  -15.500  40.454 0.0000000000
63663  37.890  -18.758  41.341 0.0000000000
63674  39.162  -18.220  40.667 0.0000000000
62727  39.067  -19.583  41.208 0.0000000000
61815  39.919  -20.818  42.237 0.0000000000
61816  38.913  -20.813  42.303 0.0000000000
63632  34.687  -18.930  44.344 0.0000000000
63641  35.515  -18.489  43.111 0.0000000000
61819  35.023  -20.092  43.304 0.0000000000
59074  37.048  -23.946  42.867 0.0000000000
59959  36.665  -22.104  42.717 0.0000000000
59073  37.760  -23.745  43.131 0.0000000000
59072  38.617  -23.704  43.413 0.0000000000
46954  27.523  -36.634  53.389 0.0000000000
122388  28.158  -36.475  53.932 0.0000000000
68436  40.172  -13.312  42.264 0.0000000000
68444  41.130  -12.954  40.833 0.0000000000
133341  41.150  -13.497  40.157 0.0000000000
39383  16.935  -44.668  57.139 0.0000000000
38383  16.999  -45.896  58.187 0.0000000000
139198  11.457  -46.775  61.359 0.0000000000
36523  12.366  -47.825  62.209 0.0000000000
36524  11.472  -47.630  62.337 0.0000000000
37452  9.751  -47.128  62.298 0.0000000000
41329  9.102  -42.604  60.777 0.0000000000
141973  9.340  -43.871  60.226 0.0000000000
40319  8.367  -43.002  61.215 0.0000000000
38355  6.460  -45.206  61.755 0.0000000000
38354  7.275  -45.210  61.518 0.0000000000
37471  6.731  -45.840  61.943 0.0000000000
37454  7.986  -46.609  62.307 0.0000000000
131475  7.067  -46.471  62.263 0.0000000000
130192  6.715  -47.735  63.153 0.0000000000
36530  5.607  -47.078  62.500 0.0000000000
38332  4.266  -45.258  64.169 0.0000000000
128923  4.136  -45.891  63.616 0.0000000000
37440  3.716  -45.974  64.345 0.0000000000
37441  2.914  -46.769  64.350 0.0000000000
49715  26.049  -33.147  52.858 0.0000000000
49730  26.421  -33.414  51.840 0.0000000000
49731  25.559  -33.755  52.118 0.0000000000
138159  25.968  -35.014  51.263 0.0000000000
47956  25.469  -35.523  51.544 0.0000000000
45914  22.875  -37.435  53.057 0.0000000000
45912  24.406  -37.717  52.964 0.0000000000
44901  23.879  -38.170  53.551 0.0000000000
125246  19.520  -35.996  54.415 0.0000000000
46943  20.415  -36.242  54.523 0.0000000000
46944  19.753  -36.737  54.727 0.0000000000
45852  20.531  -38.284  56.844 0.0000000000
63671  42.512  -18.378  40.731 0.0000000000
63670  43.316  -18.404  40.675 0.0000000000
62723  43.358  -19.288  41.717 0.0000000000
58170  30.254  -24.271  46.042 0.0000000000
58184  31.519  -24.370  45.187 0.0000000000
57306  30.412  -25.666  45.277 0.0000000000
56367  26.876  -26.979  49.032 0.0000000000
56379  27.285  -26.501  48.474 0.0000000000
55392  28.315  -27.340  48.405 0.0000000000
55388  31.627  -27.621  49.197 0.0000000000
55408  30.827  -28.082  47.834 0.0000000000
54435  31.517  -28.280  47.320 0.0000000000
54456  32.015  -28.394  45.726 0.0000000000
54433  33.271  -28.709  47.133 0.0000000000
54443  34.489  -28.741  46.779 0.0000000000
48827  30.450  -34.606  53.676 0.0000000000
72132  53.267  -10.416  32.483 0.0000000000
71213  49.298  -10.404  35.532 0.0000000000
71218  49.565  -10.114  34.740 0.0000000000
71212  49.873  -10.763  35.102 0.0000000000
132587  51.280  -11.703  34.664 0.0000000000
69443  52.412  -12.748  34.557 0.0000000000
46911  15.585  -37.175  56.875 0.0000000000
43968  15.402  -39.380  56.595 0.0000000000
65692  46.162  -16.226  37.383 0.0000000000
65674  47.298  -16.746  38.234 0.0000000000
65675  46.451  -16.771  38.080 0.0000000000
52538  27.602  -30.392  52.914 0.0000000000
52548  27.987  -30.600  51.880 0.0000000000
52547  28.551  -31.090  51.231 0.0000000000
51557  29.791  -32.010  50.761 0.0000000000
50595  31.183  -32.308  50.924 0.0000000000
69378  45.971  -12.220  40.026 0.0000000000
69379  45.205  -12.350  39.597 0.0000000000
119011  45.847  -12.488  38.198 0.0000000000
123135  46.485  -12.527  37.758 0.0000000000
69422  47.020  -12.895  36.959 0.0000000000
68493  45.909  -13.918  36.734 0.0000000000
67594  45.792  -14.730  36.758 0.0000000000
34537  4.391  -49.535  64.419 0.0000000000
67540  39.102  -14.407  42.038 0.0000000000
66639  38.825  -15.774  41.125 0.0000000000
142842  38.454  -15.455  41.746 0.0000000000
64613  37.341  -17.339  41.916 0.0000000000
63664  37.173  -18.695  41.728 0.0000000000
60867  33.794  -21.891  43.453 0.0000000000
60884  34.836  -21.687  42.843 0.0000000000
120503  34.823  -23.060  42.470 0.0000000000
58212  35.818  -24.355  42.567 0.0000000000
57325  37.130  -25.196  43.541 0.0000000000
56427  37.288  -26.414  44.499 0.0000000000
55432  37.310  -27.591  45.597 0.0000000000
138097  26.318  -38.568  55.311 0.0000000000
39377  14.377  -44.283  58.104 0.0000000000
38384  16.083  -45.894  58.236 0.0000000000
38385  14.305  -45.145  58.596 0.0000000000
37489  13.874  -46.270  59.571 0.0000000000
37481  13.539  -46.741  60.065 0.0000000000
37466  11.577  -46.343  60.765 0.0000000000
128829  10.894  -46.527  61.311 0.0000000000
40320  7.636  -43.375  61.575 0.0000000000
40310  6.299  -43.717  62.101 0.0000000000
141090  5.431  -45.125  62.234 0.0000000000
38343  5.123  -45.641  62.476 0.0000000000
38331  4.792  -44.533  63.869 0.0000000000
38320  4.521  -44.486  64.767 0.0000000000
38321  3.849  -45.144  65.118 0.0000000000
48830  23.865  -34.382  52.807 0.0000000000
47945  23.925  -35.610  52.068 0.0000000000
48843  23.472  -35.081  52.551 0.0000000000
47947  22.403  -35.729  52.664 0.0000000000
138872  22.286  -37.138  53.405 0.0000000000
44877  18.925  -38.768  55.047 0.0000000000
45866  19.850  -37.764  56.191 0.0000000000
43965  19.663  -39.179  56.595 0.0000000000
61813  41.629  -20.515  42.539 0.0000000000
58158  28.412  -24.683  47.400 0.0000000000
54403  29.904  -28.355  49.601 0.0000000000
55391  29.352  -27.493  48.554 0.0000000000
55345  30.790  -27.536  49.946 0.0000000000
55344  31.851  -27.089  50.480 0.0000000000
73041  51.633  -8.961  33.874 0.0000000000
35491  0.414  -48.459  65.891 0.0000000000
63622  36.001  -18.162  45.972 0.0000000000
62688  34.379  -19.681  44.653 0.0000000000
61773  33.765  -20.912  44.449 0.0000000000
59948  33.526  -22.605  43.797 0.0000000000
59075  33.563  -23.481  43.367 0.0000000000
58205  32.789  -24.963  43.561 0.0000000000
133844  18.849  -42.096  56.503 0.0000000000
125016  18.883  -43.218  57.145 0.0000000000
40367  18.441  -42.945  56.513 0.0000000000
40369  16.967  -43.348  56.394 0.0000000000
40370  16.069  -43.177  56.450 0.0000000000
43956  14.787  -39.873  57.249 0.0000000000
42335  14.877  -41.538  57.132 0.0000000000
41351  14.924  -42.480  57.262 0.0000000000
135782  13.738  -42.790  58.090 0.0000000000
131065  13.223  -42.887  58.495 0.0000000000
123680  12.176  -42.343  59.239 0.0000000000
137391  20.291  -33.386  54.111 0.0000000000
49692  19.514  -33.189  54.830 0.0000000000
48820  18.723  -34.436  54.577 0.0000000000
47928  17.890  -35.903  54.531 0.0000000000
47908  16.907  -35.325  55.957 0.0000000000
46929  17.069  -36.348  54.782 0.0000000000
45900  18.540  -37.341  54.469 0.0000000000
43978  18.309  -39.254  54.810 0.0000000000
128428  18.871  -40.501  55.695 0.0000000000
58113  26.547  -25.016  52.333 0.0000000000
58131  26.599  -24.902  50.581 0.0000000000
56346  26.145  -26.504  51.149 0.0000000000
128899  26.387  -27.135  50.388 0.0000000000
54412  28.079  -28.171  49.301 0.0000000000
53513  27.934  -29.606  50.171 0.0000000000
53520  28.506  -29.119  49.629 0.0000000000
54411  29.100  -28.205  49.328 0.0000000000
53501  30.840  -28.888  50.857 0.0000000000
53494  32.014  -28.975  51.740 0.0000000000
73026  48.487  -8.716  35.850 0.0000000000
71214  48.769  -10.140  35.987 0.0000000000
71206  49.080  -10.805  36.412 0.0000000000
122094  47.897  -13.006  36.744 0.0000000000
139839  48.703  -13.006  36.644 0.0000000000
66666  41.876  -14.980  38.940 0.0000000000
65661  42.811  -16.551  39.227 0.0000000000
65662  41.510  -16.319  39.669 0.0000000000
64624  41.349  -17.207  40.163 0.0000000000
63672  41.110  -18.107  40.471 0.0000000000
141849  39.226  -16.919  40.499 0.0000000000
63673  40.156  -18.291  40.542 0.0000000000
62725  40.809  -19.572  41.246 0.0000000000
61814  40.792  -20.699  42.341 0.0000000000
124186  40.811  -21.703  43.461 0.0000000000
130365  36.453  -17.165  43.207 0.0000000000
63651  36.427  -18.423  42.371 0.0000000000
62711  37.119  -19.825  42.054 0.0000000000
137074  35.539  -21.296  43.013 0.0000000000
126624  36.655  -20.747  42.787 0.0000000000
120894  38.048  -21.046  42.603 0.0000000000
59957  38.447  -22.230  43.030 0.0000000000
47954  28.160  -34.915  51.564 0.0000000000
48855  28.908  -34.522  51.576 0.0000000000
119714  28.677  -35.758  52.780 0.0000000000
47925  29.373  -35.656  54.747 0.0000000000
69368  42.585  -12.708  39.697 0.0000000000
68459  42.186  -13.411  39.293 0.0000000000
41336  11.345  -42.001  59.620 0.0000000000
41328  10.842  -41.703  59.990 0.0000000000
39367  10.919  -43.657  59.471 0.0000000000
39353  10.075  -43.915  59.767 0.0000000000
120882  10.328  -45.119  60.376 0.0000000000
38366  9.518  -45.342  60.727 0.0000000000
131485  7.956  -44.904  61.111 0.0000000000
126354  8.165  -45.526  61.323 0.0000000000
37468  9.441  -46.497  61.761 0.0000000000
37453  8.901  -46.897  62.293 0.0000000000
36508  8.787  -48.150  63.262 0.0000000000
35537  5.420  -48.257  63.348 0.0000000000
36531  4.982  -47.041  62.666 0.0000000000
36512  4.269  -47.372  63.193 0.0000000000
35538  4.473  -48.185  63.277 0.0000000000
35514  3.069  -48.395  63.864 0.0000000000
36497  2.523  -47.685  64.346 0.0000000000
36485  1.714  -47.796  65.193 0.0000000000
37415  2.342  -45.851  65.858 0.0000000000
131100  1.432  -47.240  65.624 0.0000000000
36486  0.840  -47.668  65.868 0.0000000000
50598  28.031  -32.693  51.408 0.0000000000
49729  27.193  -33.039  51.565 0.0000000000
48856  27.538  -34.437  51.360 0.0000000000
47955  27.292  -35.227  51.557 0.0000000000
128841  26.610  -36.253  52.280 0.0000000000
139208  26.128  -37.335  53.220 0.0000000000
46970  24.543  -36.635  52.111 0.0000000000
45911  25.243  -37.667  53.018 0.0000000000
45895  25.595  -37.958  53.835 0.0000000000
47937  20.573  -34.790  53.581 0.0000000000
46942  21.094  -36.256  54.174 0.0000000000
45898  21.654  -37.204  54.268 0.0000000000
45881  20.389  -37.483  55.930 0.0000000000
44876  21.733  -38.097  55.912 0.0000000000
44875  22.645  -38.780  55.307 0.0000000000
129349  43.899  -17.494  39.630 0.0000000000
58183  32.260  -24.108  44.931 0.0000000000
58196  31.840  -24.903  44.615 0.0000000000
56440  32.612  -26.474  43.636 0.0000000000
122793  27.288  -24.467  49.474 0.0000000000
57281  27.776  -25.248  47.750 0.0000000000
56407  28.528  -25.824  46.804 0.0000000000
55410  29.335  -27.254  47.579 0.0000000000
55424  29.543  -27.054  46.675 0.0000000000
56420  29.725  -26.077  45.724 0.0000000000
56419  30.459  -26.549  45.380 0.0000000000
55449  31.841  -27.480  44.564 0.0000000000
55447  33.510  -27.725  44.284 0.0000000000
54452  35.153  -28.613  45.708 0.0000000000
48853  30.151  -34.152  51.908 0.0000000000
49728  30.778  -33.675  52.089 0.0000000000
136561  31.469  -33.165  52.595 0.0000000000
49698  31.899  -32.818  54.248 0.0000000000
50580  32.348  -32.184  53.059 0.0000000000
120481  53.453  -10.231  31.103 0.0000000000
73032  50.931  -8.935  34.120 0.0000000000
71221  51.491  -10.629  33.583 0.0000000000
70344  50.636  -11.230  34.729 0.0000000000
71216  51.030  -10.966  34.054 0.0000000000
71220  52.263  -10.756  33.042 0.0000000000
70354  52.736  -11.882  32.633 0.0000000000
69456  53.516  -12.631  32.279 0.0000000000
139914  44.212  -16.132  38.038 0.0000000000
65678  43.512  -16.201  38.471 0.0000000000
49739  28.604  -33.465  51.231 0.0000000000
67573  43.191  -14.293  38.259 0.0000000000
67585  43.846  -14.826  37.940 0.0000000000
34515  1.853  -49.560  65.473 0.0000000000
57328  34.224  -25.766  43.064 0.0000000000
56438  34.406  -26.569  43.493 0.0000000000
56437  35.196  -26.828  43.674 0.0000000000
55453  34.649  -27.223  43.835 0.0000000000
38376  11.883  -44.995  59.942 0.0000000000
49720  21.759  -33.459  53.437 0.0000000000
42334  19.282  -41.727  57.536 0.0000000000
43144  19.375  -40.826  57.449 0.0000000000
43974  16.633  -39.348  55.278 0.0000000000
43967  16.043  -39.833  55.867 0.0000000000
45867  15.841  -37.907  56.201 0.0000000000
45884  16.387  -37.581  55.546 0.0000000000
55299  26.025  -28.192  52.203 0.0000000000
129019  26.420  -28.871  52.125 0.0000000000
52559  30.636  -30.878  50.400 0.0000000000
51567  31.413  -31.496  50.812 0.0000000000
131538  31.971  -30.763  51.285 0.0000000000
51542  32.015  -31.765  51.675 0.0000000000
70302  47.167  -11.045  39.051 0.0000000000
70317  47.449  -11.702  37.694 0.0000000000
65701  47.660  -15.829  36.869 0.0000000000
65700  48.527  -16.005  36.953 0.0000000000
35512  5.908  -48.904  63.857 0.0000000000
67546  39.974  -14.090  40.924 0.0000000000
66646  40.281  -15.267  40.172 0.0000000000
67555  39.829  -14.844  40.589 0.0000000000
62728  38.227  -19.458  41.406 0.0000000000
61833  38.561  -20.139  41.635 0.0000000000
124652  38.096  -20.520  42.169 0.0000000000
62700  34.590  -19.622  43.764 0.0000000000
58203  37.437  -24.480  43.299 0.0000000000
137845  38.147  -24.311  43.495 0.0000000000
45910  26.978  -37.115  53.741 0.0000000000
126553  27.615  -36.877  54.067 0.0000000000
45893  27.364  -37.447  54.625 0.0000000000
68446  39.669  -13.867  41.741 0.0000000000
68445  40.340  -13.412  41.332 0.0000000000
68453  40.566  -13.696  40.507 0.0000000000
38388  16.467  -45.324  57.630 0.0000000000
36548  11.029  -47.115  61.805 0.0000000000
36525  10.554  -47.486  62.405 0.0000000000
40327  8.845  -43.383  60.577 0.0000000000
37455  6.161  -46.490  62.191 0.0000000000
49716  25.219  -33.425  53.197 0.0000000000
48858  25.220  -34.678  51.631 0.0000000000
45896  23.238  -37.895  53.505 0.0000000000
44890  23.142  -38.461  54.318 0.0000000000
44874  23.568  -39.189  55.031 0.0000000000
46945  18.799  -36.531  54.392 0.0000000000
63659  42.931  -18.799  41.213 0.0000000000
62724  42.517  -19.362  41.600 0.0000000000
58157  29.038  -24.190  46.993 0.0000000000
59041  29.810  -23.817  46.677 0.0000000000
57307  29.903  -25.155  45.790 0.0000000000
129540  28.002  -27.665  48.852 0.0000000000
55393  27.556  -27.187  48.630 0.0000000000
134447  32.347  -28.009  48.972 0.0000000000
54423  31.728  -28.248  48.243 0.0000000000
54422  32.792  -28.588  48.142 0.0000000000
54434  32.299  -28.441  47.281 0.0000000000
54421  34.015  -28.748  48.101 0.0000000000
46895  15.302  -36.673  57.542 0.0000000000
137565  15.100  -37.372  57.448 0.0000000000
46894  16.025  -36.353  57.064 0.0000000000
65676  45.619  -16.580  38.004 0.0000000000
64640  45.879  -17.132  38.708 0.0000000000
52537  28.190  -30.963  52.505 0.0000000000
138329  30.545  -32.450  50.819 0.0000000000
49736  30.822  -33.038  51.285 0.0000000000
69380  44.299  -12.459  39.051 0.0000000000
68482  44.601  -13.575  37.666 0.0000000000
69407  45.162  -12.893  37.853 0.0000000000
138284  45.794  -12.897  37.596 0.0000000000
68481  46.191  -13.232  37.090 0.0000000000
131934  45.064  -15.163  37.198 0.0000000000
66678  45.872  -15.549  36.891 0.0000000000
127476  39.122  -14.669  42.897 0.0000000000
139304  38.642  -15.021  42.238 0.0000000000
65632  37.548  -16.458  41.947 0.0000000000
123737  37.608  -18.052  41.470 0.0000000000
143620  37.064  -18.030  41.987 0.0000000000
139404  33.813  -22.582  43.179 0.0000000000
143645  34.493  -22.657  42.619 0.0000000000
59961  34.109  -23.063  42.743 0.0000000000
139492  35.516  -25.606  43.055 0.0000000000
58213  35.133  -24.482  42.547 0.0000000000
57337  35.677  -24.990  42.748 0.0000000000
57336  36.551  -24.622  42.898 0.0000000000
57326  36.264  -25.436  43.286 0.0000000000
57317  36.801  -25.940  43.898 0.0000000000
56428  36.518  -26.725  44.200 0.0000000000
55444  36.188  -27.507  44.479 0.0000000000
55433  36.536  -27.844  45.310 0.0000000000
55421  36.785  -28.102  46.209 0.0000000000
68437  39.532  -13.872  42.620 0.0000000000
138092  13.259  -45.719  59.519 0.0000000000
121895  13.749  -45.495  59.196 0.0000000000
37464  12.934  -46.770  60.492 0.0000000000
37483  11.697  -45.714  60.373 0.0000000000
38351  10.908  -45.970  60.573 0.0000000000
124998  5.739  -43.937  62.685 0.0000000000
39337  5.832  -44.629  62.045 0.0000000000
39331  5.151  -44.608  62.809 0.0000000000
134439  24.114  -33.796  53.146 0.0000000000
48831  23.009  -34.471  53.040 0.0000000000
48845  21.965  -35.091  52.753 0.0000000000
46973  22.286  -36.232  52.799 0.0000000000
46957  21.840  -36.419  53.347 0.0000000000
43973  19.369  -38.719  55.834 0.0000000000
59028  28.833  -23.923  47.836 0.0000000000
58145  28.074  -24.349  48.155 0.0000000000
54402  30.625  -28.185  50.435 0.0000000000
55320  31.142  -27.603  50.714 0.0000000000
56345  31.816  -26.970  51.283 0.0000000000
56357  32.242  -27.018  51.033 0.0000000000
63624  34.655  -19.084  45.223 0.0000000000
60853  33.601  -21.735  44.275 0.0000000000
59066  33.282  -23.484  44.284 0.0000000000
58194  33.074  -24.224  43.873 0.0000000000
42348  18.681  -41.391  55.895 0.0000000000
41372  18.100  -42.182  55.941 0.0000000000
42342  16.301  -41.791  55.765 0.0000000000
41361  16.610  -42.625  56.076 0.0000000000
41362  15.645  -42.257  56.552 0.0000000000
44850  14.818  -38.866  57.319 0.0000000000
42336  14.570  -40.991  57.875 0.0000000000
40360  14.415  -43.298  57.686 0.0000000000
41352  14.134  -42.248  57.842 0.0000000000
125782  13.268  -41.429  58.804 0.0000000000
41342  12.889  -42.183  58.850 0.0000000000
41335  12.595  -41.384  59.387 0.0000000000
49691  20.082  -32.805  54.830 0.0000000000
48812  18.048  -34.159  55.074 0.0000000000
47927  18.819  -35.339  54.408 0.0000000000
130843  17.229  -37.095  54.701 0.0000000000
46946  17.907  -36.820  54.524 0.0000000000
45901  17.899  -37.651  54.475 0.0000000000
139845  18.462  -38.693  54.721 0.0000000000
44892  17.927  -38.546  54.538 0.0000000000
43157  17.602  -40.661  55.127 0.0000000000
43156  18.345  -40.141  55.142 0.0000000000
125388  18.339  -40.881  55.397 0.0000000000
57241  26.383  -25.778  51.807 0.0000000000
54405  26.491  -28.082  50.392 0.0000000000
54413  27.041  -28.319  49.710 0.0000000000
52562  28.318  -30.355  50.656 0.0000000000
53502  27.516  -29.871  51.118 0.0000000000
130260  29.979  -30.111  50.129 0.0000000000
53511  29.334  -29.401  49.727 0.0000000000
53510  30.133  -29.190  50.102 0.0000000000
52536  32.384  -29.964  51.856 0.0000000000
70292  47.012  -11.127  39.948 0.0000000000
73868  48.433  -8.147  36.519 0.0000000000
73022  48.059  -8.768  36.505 0.0000000000
71207  48.426  -10.581  36.827 0.0000000000
136239  48.339  -9.841  36.348 0.0000000000
70332  48.782  -11.426  36.978 0.0000000000
69406  47.694  -12.346  37.246 0.0000000000
68491  47.392  -13.491  36.481 0.0000000000
67591  48.602  -14.607  36.413 0.0000000000
143161  49.361  -12.808  36.780 0.0000000000
66656  41.353  -15.385  39.407 0.0000000000
65645  40.656  -16.565  40.052 0.0000000000
66647  39.385  -16.155  40.536 0.0000000000
64627  38.763  -17.452  40.644 0.0000000000
62736  39.570  -18.935  40.875 0.0000000000
139809  40.416  -19.026  40.761 0.0000000000
61830  41.236  -20.138  41.785 0.0000000000
61831  40.363  -20.224  41.672 0.0000000000
60880  39.528  -21.451  42.736 0.0000000000
60879  40.382  -21.308  42.833 0.0000000000
65603  36.870  -16.884  43.984 0.0000000000
64596  36.131  -17.455  43.755 0.0000000000
62713  35.921  -19.209  42.570 0.0000000000
62712  36.726  -19.280  42.073 0.0000000000
61818  36.419  -20.005  42.488 0.0000000000
128674  34.921  -22.367  42.522 0.0000000000
133399  35.657  -21.911  42.651 0.0000000000
60882  37.249  -21.334  42.798 0.0000000000
132864  38.004  -21.690  42.803 0.0000000000
47942  28.804  -35.221  52.114 0.0000000000
46940  28.699  -36.331  54.637 0.0000000000
47935  28.898  -35.962  53.713 0.0000000000
69367  43.117  -12.276  40.345 0.0000000000
142288  42.368  -12.472  40.386 0.0000000000
68460  41.484  -13.778  39.575 0.0000000000
67561  41.920  -14.179  38.975 0.0000000000
40347  18.987  -43.639  57.900 0.0000000000
136493  18.443  -44.356  57.673 0.0000000000
41327  11.905  -41.523  59.729 0.0000000000
124278  9.994  -42.216  60.415 0.0000000000
41317  10.598  -41.417  61.080 0.0000000000
40339  10.537  -42.714  59.653 0.0000000000
39355  8.931  -44.241  60.551 0.0000000000
39354  9.508  -44.599  60.432 0.0000000000
39344  7.443  -44.277  61.361 0.0000000000
37470  7.617  -45.983  61.839 0.0000000000
38353  9.069  -45.781  61.238 0.0000000000
133965  7.456  -47.000  62.606 0.0000000000
36528  8.292  -47.397  62.789 0.0000000000
37456  5.412  -46.456  62.403 0.0000000000
37457  4.582  -46.378  62.917 0.0000000000
37447  3.809  -46.654  63.661 0.0000000000
131001  3.878  -48.777  63.726 0.0000000000
35515  2.302  -48.718  64.782 0.0000000000
37404  2.129  -45.658  66.509 0.0000000000
37416  1.268  -46.281  66.331 0.0000000000
50591  27.881  -31.785  52.045 0.0000000000
50592  26.810  -32.727  52.481 0.0000000000
48857  26.689  -34.800  51.343 0.0000000000
46982  25.577  -36.070  51.776 0.0000000000
46981  26.326  -35.643  51.611 0.0000000000
46968  26.205  -36.743  52.619 0.0000000000
47957  24.383  -36.099  51.884 0.0000000000
44887  25.926  -38.227  54.716 0.0000000000
44888  25.073  -38.519  54.520 0.0000000000
48833  20.698  -34.056  53.457 0.0000000000
143559  20.573  -35.612  53.972 0.0000000000
44862  19.789  -38.147  56.616 0.0000000000
45865  19.984  -37.833  56.706 0.0000000000
44860  21.380  -38.439  56.599 0.0000000000
45864  20.826  -37.780  56.378 0.0000000000
64635  43.129  -17.358  39.638 0.0000000000
59038  32.832  -23.626  46.309 0.0000000000
59056  32.056  -23.734  45.580 0.0000000000
57305  31.141  -25.235  44.927 0.0000000000
57319  31.568  -25.758  44.377 0.0000000000
56441  32.025  -26.205  43.786 0.0000000000
56429  31.608  -26.669  44.350 0.0000000000
135990  26.745  -24.913  49.795 0.0000000000
57259  26.813  -25.302  49.100 0.0000000000
56393  27.626  -26.035  47.788 0.0000000000
57269  27.224  -25.699  48.428 0.0000000000
136179  28.053  -25.757  47.357 0.0000000000
57280  28.311  -25.331  47.213 0.0000000000
128646  30.464  -27.576  49.225 0.0000000000
55390  30.078  -27.545  48.354 0.0000000000
55409  30.098  -27.598  47.236 0.0000000000
56406  29.281  -26.317  46.401 0.0000000000
56405  29.896  -26.819  45.935 0.0000000000
119509  30.733  -27.424  45.737 0.0000000000
54455  32.788  -28.674  45.482 0.0000000000
55436  32.265  -28.190  44.948 0.0000000000
55448  32.654  -27.663  44.370 0.0000000000
54462  33.069  -28.370  44.760 0.0000000000
54461  33.915  -28.355  44.765 0.0000000000
54453  34.229  -28.778  45.513 0.0000000000
54431  35.323  -28.747  47.352 0.0000000000
48841  29.584  -34.651  52.245 0.0000000000
48828  29.949  -34.800  53.103 0.0000000000
48826  31.010  -34.058  54.140 0.0000000000
49714  30.962  -33.900  53.142 0.0000000000
126955  32.447  -32.268  53.794 0.0000000000
51526  32.747  -31.528  53.272 0.0000000000
120728  53.643  -10.133  31.935 0.0000000000
71229  53.368  -10.968  31.212 0.0000000000
70359  53.565  -11.691  31.255 0.0000000000
73025  49.195  -8.514  35.338 0.0000000000
72123  50.330  -9.597  34.300 0.0000000000
72122  51.088  -9.481  33.882 0.0000000000
71222  50.947  -10.159  33.878 0.0000000000
69444  51.658  -12.266  34.168 0.0000000000
70343  51.304  -11.683  34.063 0.0000000000
70349  51.611  -11.375  33.557 0.0000000000
70348  52.290  -11.599  33.077 0.0000000000
65694  44.624  -15.747  37.641 0.0000000000
125028  44.840  -16.330  37.987 0.0000000000
69382  42.887  -13.060  38.860 0.0000000000
69394  43.657  -12.867  38.594 0.0000000000
68471  43.960  -13.348  38.152 0.0000000000
67584  44.471  -14.476  37.533 0.0000000000
66679  44.388  -15.195  37.608 0.0000000000
67541  38.687  -15.298  43.089 0.0000000000
66623  38.114  -15.776  43.349 0.0000000000
65612  36.968  -16.717  43.063 0.0000000000
58214  34.389  -24.545  42.680 0.0000000000
57339  34.160  -25.102  42.843 0.0000000000
40349  13.095  -43.715  58.653 0.0000000000
39364  13.033  -44.440  58.980 0.0000000000
38375  13.099  -45.047  59.354 0.0000000000
38364  12.590  -45.464  59.790 0.0000000000
143626  5.012  -43.902  64.466 0.0000000000
47936  21.338  -34.750  53.075 0.0000000000
43150  19.354  -40.036  56.215 0.0000000000
58999  27.677  -23.660  49.967 0.0000000000
54394  31.789  -28.039  51.617 0.0000000000
55298  31.989  -27.222  52.117 0.0000000000
132854  33.767  -22.197  45.100 0.0000000000
59920  33.835  -22.902  45.645 0.0000000000
42350  16.895  -41.252  55.326 0.0000000000
43957  14.326  -39.580  57.894 0.0000000000
135942  14.002  -40.016  58.204 0.0000000000
43137  14.091  -40.599  58.276 0.0000000000
42329  14.019  -41.366  58.256 0.0000000000
47909  16.475  -35.923  56.591 0.0000000000
47919  16.620  -36.125  55.498 0.0000000000
141566  17.731  -39.107  54.679 0.0000000000
44878  17.206  -38.849  54.822 0.0000000000
56334  26.073  -26.622  52.079 0.0000000000
127848  25.953  -27.394  52.380 0.0000000000
126579  26.370  -28.545  51.308 0.0000000000
123532  30.090  -31.335  50.428 0.0000000000
52560  29.804  -30.734  50.252 0.0000000000
132987  47.345  -10.184  38.861 0.0000000000
72117  47.728  -9.162  36.985 0.0000000000
71200  47.548  -9.747  37.609 0.0000000000
67592  47.303  -14.131  36.323 0.0000000000
130704  47.885  -14.573  36.284 0.0000000000
67590  49.357  -14.690  36.564 0.0000000000
66683  49.011  -15.433  36.678 0.0000000000
68461  40.821  -14.126  39.803 0.0000000000
67563  40.733  -14.911  39.687 0.0000000000
126031  40.130  -16.012  40.220 0.0000000000
133510  38.308  -18.100  40.986 0.0000000000
63662  38.713  -18.832  41.085 0.0000000000
61832  39.449  -20.254  41.592 0.0000000000
63631  35.208  -18.374  43.966 0.0000000000
64597  35.624  -17.950  43.562 0.0000000000
63642  34.974  -18.925  43.615 0.0000000000
62699  35.248  -19.313  43.206 0.0000000000
59082  36.325  -23.785  42.554 0.0000000000
59081  37.112  -23.084  42.623 0.0000000000
59947  38.140  -22.921  43.099 0.0000000000
46967  27.353  -36.220  52.639 0.0000000000
46953  28.190  -36.283  53.020 0.0000000000
46941  28.090  -36.872  54.631 0.0000000000
69343  40.973  -12.806  42.872 0.0000000000
69353  40.879  -12.805  41.815 0.0000000000
120184  41.854  -12.484  40.733 0.0000000000
39393  17.404  -44.043  56.723 0.0000000000
39382  17.805  -44.577  57.324 0.0000000000
38387  17.401  -45.262  57.729 0.0000000000
36547  11.846  -47.294  61.696 0.0000000000
35531  11.135  -48.083  62.868 0.0000000000
36526  9.884  -47.726  62.667 0.0000000000
41318  9.611  -41.967  61.342 0.0000000000
39345  6.644  -44.441  61.619 0.0000000000
36529  6.567  -47.146  62.579 0.0000000000
36496  3.311  -47.527  63.687 0.0000000000
138756  2.443  -46.430  65.252 0.0000000000
37417  1.030  -46.698  66.600 0.0000000000
49742  26.119  -34.236  51.456 0.0000000000
45927  23.219  -37.086  52.561 0.0000000000
45926  24.043  -37.206  52.441 0.0000000000
45913  23.607  -37.622  52.947 0.0000000000
44889  24.120  -38.731  54.344 0.0000000000
47926  19.879  -35.222  54.208 0.0000000000
46928  20.586  -36.977  55.214 0.0000000000
44848  20.440  -38.781  57.121 0.0000000000
44837  20.867  -39.114  57.774 0.0000000000
64623  42.757  -17.951  40.173 0.0000000000
59040  30.786  -23.661  46.515 0.0000000000
58169  31.144  -23.937  45.788 0.0000000000
58185  30.698  -24.731  45.462 0.0000000000
56380  26.668  -26.154  48.976 0.0000000000
56378  27.852  -26.744  48.041 0.0000000000
55422  30.895  -27.970  46.690 0.0000000000
122913  31.409  -27.964  46.004 0.0000000000
54446  31.800  -28.281  46.561 0.0000000000
54445  32.594  -28.654  46.360 0.0000000000
47924  29.947  -35.063  54.310 0.0000000000
48818  30.426  -34.535  54.653 0.0000000000
48817  30.941  -34.065  55.113 0.0000000000
71225  53.288  -10.969  31.921 0.0000000000
72119  49.042  -9.742  35.271 0.0000000000
73034  49.455  -9.180  34.775 0.0000000000
133202  52.217  -12.565  33.815 0.0000000000
69451  52.584  -12.365  33.208 0.0000000000
68520  52.884  -13.080  33.774 0.0000000000
141764  15.494  -38.609  56.672 0.0000000000
44864  15.341  -38.006  57.097 0.0000000000
45853  14.694  -37.984  57.715 0.0000000000
139053  47.325  -16.106  37.176 0.0000000000
121127  46.985  -16.363  37.525 0.0000000000
65659  46.740  -17.045  38.930 0.0000000000
124815  27.142  -29.790  53.022 0.0000000000
53495  27.282  -29.934  52.234 0.0000000000
51558  28.810  -31.746  50.940 0.0000000000
51568  29.339  -31.269  50.552 0.0000000000
128327  31.470  -32.559  51.719 0.0000000000
141498  46.037  -12.238  39.045 0.0000000000
122180  45.164  -12.540  38.648 0.0000000000
140291  46.376  -12.239  38.429 0.0000000000
142963  47.122  -12.326  37.630 0.0000000000
67593  46.528  -14.409  36.521 0.0000000000
66686  46.434  -15.143  36.663 0.0000000000
66677  46.803  -15.787  36.933 0.0000000000
66638  39.360  -15.308  40.866 0.0000000000
67548  38.927  -15.042  41.536 0.0000000000
65631  38.171  -16.126  41.465 0.0000000000
65620  38.069  -15.679  42.348 0.0000000000
64612  37.931  -17.139  41.138 0.0000000000
62729  37.454  -19.353  41.655 0.0000000000
60866  34.274  -21.434  43.360 0.0000000000
59960  34.208  -22.214  42.871 0.0000000000
59084  34.601  -23.798  42.588 0.0000000000
59083  35.416  -23.738  42.490 0.0000000000
56417  37.727  -26.925  45.093 0.0000000000
55443  36.964  -27.201  44.821 0.0000000000
45878  26.767  -38.073  54.994 0.0000000000
45877  27.459  -37.847  55.510 0.0000000000
45863  26.893  -38.362  55.780 0.0000000000
39385  15.046  -44.201  57.528 0.0000000000
39376  15.322  -45.074  57.926 0.0000000000
124623  15.196  -45.731  58.524 0.0000000000
38374  14.569  -45.972  59.048 0.0000000000
124970  14.842  -46.591  59.574 0.0000000000
37465  12.262  -46.831  61.064 0.0000000000
37482  12.314  -46.147  60.357 0.0000000000
49717  24.602  -33.599  53.460 0.0000000000
48842  24.298  -34.859  52.134 0.0000000000
47946  23.135  -35.769  52.445 0.0000000000
48844  22.578  -35.108  52.722 0.0000000000
46972  22.860  -36.409  52.548 0.0000000000
46956  22.555  -36.842  52.862 0.0000000000
131053  19.439  -38.041  55.409 0.0000000000
43955  20.005  -39.683  57.329 0.0000000000
44849  20.051  -38.846  56.964 0.0000000000
62710  42.096  -19.979  41.989 0.0000000000
55367  29.815  -27.697  49.165 0.0000000000
131066  31.445  -27.209  50.610 0.0000000000
55366  31.338  -27.333  49.831 0.0000000000
55365  32.011  -27.405  49.748 0.0000000000
73040  52.641  -9.079  33.682 0.0000000000
70330  50.558  -11.356  36.856 0.0000000000
35490  1.211  -48.579  65.581 0.0000000000
64575  36.532  -17.431  45.498 0.0000000000
64576  35.791  -17.733  45.103 0.0000000000
63623  35.095  -18.265  45.017 0.0000000000
61786  34.139  -20.352  44.169 0.0000000000
61772  33.968  -20.404  44.971 0.0000000000
61801  33.891  -21.101  43.815 0.0000000000
58204  33.438  -24.438  43.255 0.0000000000
57329  33.457  -25.272  43.209 0.0000000000
41350  19.058  -42.618  56.981 0.0000000000
40368  17.782  -43.429  56.510 0.0000000000
41360  17.552  -42.803  56.145 0.0000000000
40358  16.418  -43.983  56.642 0.0000000000
40359  15.429  -43.570  56.992 0.0000000000
43152  15.395  -40.303  56.476 0.0000000000
43145  14.828  -40.702  57.206 0.0000000000
140428  15.527  -42.911  56.759 0.0000000000
40348  13.702  -43.544  58.263 0.0000000000
40350  12.609  -43.104  58.746 0.0000000000
49721  21.021  -33.494  53.535 0.0000000000
132643  19.375  -33.850  54.349 0.0000000000
124044  19.334  -34.561  54.287 0.0000000000
48813  17.484  -34.775  55.411 0.0000000000
47918  17.230  -35.544  55.047 0.0000000000
44891  18.668  -38.100  54.623 0.0000000000
42341  19.115  -41.314  56.799 0.0000000000
58117  26.832  -24.180  51.203 0.0000000000
58118  26.529  -24.939  51.490 0.0000000000
57251  26.374  -25.673  50.883 0.0000000000
131205  26.383  -26.324  50.351 0.0000000000
56368  26.549  -26.650  49.639 0.0000000000
55370  26.682  -27.539  49.658 0.0000000000
55369  27.291  -27.653  49.212 0.0000000000
53512  28.806  -29.950  49.897 0.0000000000
53521  27.648  -28.901  49.805 0.0000000000
143119  31.396  -28.702  51.315 0.0000000000
73877  49.025  -7.910  35.919 0.0000000000
72116  48.094  -9.270  36.337 0.0000000000
72120  48.535  -9.465  35.775 0.0000000000
70331  49.583  -11.406  36.820 0.0000000000
69405  48.408  -12.253  37.074 0.0000000000
136197  49.137  -12.074  37.068 0.0000000000
69421  49.911  -12.016  37.027 0.0000000000
67574  42.495  -14.605  38.570 0.0000000000
65679  42.793  -15.904  38.696 0.0000000000
66665  42.475  -15.318  38.698 0.0000000000
66655  42.169  -15.856  39.201 0.0000000000
140879  42.205  -16.469  39.517 0.0000000000
125820  41.969  -17.868  40.375 0.0000000000
138446  41.886  -18.384  40.688 0.0000000000
63661  41.269  -18.932  40.730 0.0000000000
65646  39.876  -16.808  40.282 0.0000000000
64626  39.608  -17.559  40.452 0.0000000000
142743  40.744  -18.611  40.572 0.0000000000
128882  41.684  -19.513  41.361 0.0000000000
60878  41.212  -21.126  42.998 0.0000000000
63652  35.971  -17.719  42.982 0.0000000000
61820  34.975  -20.974  43.342 0.0000000000
123959  35.833  -20.611  43.032 0.0000000000
60883  36.314  -21.300  42.849 0.0000000000
61817  37.321  -20.482  42.439 0.0000000000
60881  38.699  -21.599  42.739 0.0000000000
60865  39.232  -22.080  43.174 0.0000000000
59946  39.116  -22.898  43.378 0.0000000000
59945  39.790  -22.474  43.476 0.0000000000
47934  29.373  -35.319  53.069 0.0000000000
123665  29.514  -35.427  53.932 0.0000000000
69369  41.793  -12.984  40.082 0.0000000000
68473  42.597  -13.787  38.606 0.0000000000
39375  18.165  -44.996  58.026 0.0000000000
40338  11.463  -43.039  59.330 0.0000000000
141113  11.435  -41.550  59.844 0.0000000000
39352  10.993  -44.502  59.765 0.0000000000
38352  10.029  -46.087  61.025 0.0000000000
39343  8.274  -44.059  60.991 0.0000000000
36527  9.212  -47.624  62.713 0.0000000000
36507  9.530  -48.240  63.146 0.0000000000
35513  4.915  -48.898  63.757 0.0000000000
36511  5.051  -47.601  62.904 0.0000000000
38322  3.252  -45.414  65.726 0.0000000000
37430  1.664  -46.620  65.700 0.0000000000
57235  26.516  -25.889  53.572 0.0000000000
49740  27.758  -33.606  51.305 0.0000000000
47944  27.112  -35.815  51.927 0.0000000000
46955  26.785  -36.681  53.010 0.0000000000
48859  24.709  -35.517  51.708 0.0000000000
46983  24.974  -36.113  51.734 0.0000000000
46969  25.245  -36.616  52.056 0.0000000000
45925  24.860  -37.207  52.469 0.0000000000
45924  25.597  -37.042  52.540 0.0000000000
46958  21.187  -35.561  53.457 0.0000000000
45879  22.089  -38.054  54.812 0.0000000000
45882  19.891  -37.390  55.382 0.0000000000
45880  21.215  -37.378  55.486 0.0000000000
65660  43.644  -16.954  39.060 0.0000000000
64622  43.658  -17.923  40.119 0.0000000000
62709  42.959  -19.755  42.236 0.0000000000
59037  33.585  -23.435  46.211 0.0000000000
59055  32.988  -23.796  45.570 0.0000000000
58195  32.515  -24.613  44.280 0.0000000000
57318  32.192  -25.401  43.967 0.0000000000
57330  32.662  -25.781  43.498 0.0000000000
58130  27.054  -24.217  50.326 0.0000000000
58146  27.443  -24.815  48.604 0.0000000000
57294  28.707  -25.009  46.741 0.0000000000
55411  28.535  -27.025  47.778 0.0000000000
56391  28.832  -26.637  47.029 0.0000000000
57293  29.218  -25.511  46.289 0.0000000000
56418  31.166  -27.085  44.968 0.0000000000
55437  31.533  -27.807  45.270 0.0000000000
55456  32.228  -26.960  43.975 0.0000000000
55455  33.033  -27.096  43.808 0.0000000000
55454  33.910  -27.152  43.786 0.0000000000
55446  34.355  -27.731  44.252 0.0000000000
55435  34.796  -28.265  44.833 0.0000000000
54442  35.457  -28.707  46.548 0.0000000000
54441  36.042  -28.460  45.923 0.0000000000
143712  28.978  -33.983  51.272 0.0000000000
48854  29.566  -34.139  51.496 0.0000000000
49737  30.175  -33.664  51.381 0.0000000000
48840  30.356  -34.330  52.698 0.0000000000
141877  31.160  -33.131  51.907 0.0000000000
50590  31.961  -32.379  52.479 0.0000000000
49699  31.446  -33.463  54.671 0.0000000000
50581  31.988  -32.737  53.291 0.0000000000
51541  32.361  -31.779  52.533 0.0000000000
72128  51.805  -9.840  33.515 0.0000000000
70340  50.605  -11.109  36.095 0.0000000000
71226  52.806  -11.290  32.465 0.0000000000
70353  53.206  -11.837  31.988 0.0000000000
69457  53.038  -12.310  32.609 0.0000000000
54432  34.738  -28.751  47.599 0.0000000000
54454  33.490  -28.727  45.272 0.0000000000
64604  37.202  -16.810  42.455 0.0000000000
127027  26.882  -24.441  51.950 0.0000000000
