#!ascii label  , from subject sub-032304 vox2ras=TkReg
963
45748  9.899  -38.242  70.202 0.0000000000
43959  5.965  -40.005  57.628 0.0000000000
42184  0.821  -41.698  71.277 0.0000000000
48657  1.349  -34.083  68.070 0.0000000000
53411  5.421  -29.101  63.207 0.0000000000
43819  5.304  -39.327  72.891 0.0000000000
47682  4.728  -35.193  72.761 0.0000000000
43824  12.857  -38.220  72.559 0.0000000000
122128  8.680  -42.577  71.662 0.0000000000
120111  4.113  -43.697  69.633 0.0000000000
131712  4.657  -28.645  70.781 0.0000000000
50477  4.426  -32.370  65.203 0.0000000000
57119  5.003  -25.705  68.348 0.0000000000
41265  1.426  -42.396  66.466 0.0000000000
43879  3.591  -39.946  66.862 0.0000000000
45758  1.611  -37.455  69.594 0.0000000000
141945  4.860  -31.777  72.373 0.0000000000
45806  6.151  -37.253  63.889 0.0000000000
47863  5.278  -34.798  59.970 0.0000000000
125239  4.293  -32.022  57.150 0.0000000000
128749  5.115  -25.974  59.474 0.0000000000
44742  7.470  -39.061  71.393 0.0000000000
137336  6.401  -36.537  71.460 0.0000000000
45729  12.010  -37.464  71.666 0.0000000000
42177  10.892  -40.617  72.132 0.0000000000
43828  9.069  -40.049  71.961 0.0000000000
42166  7.306  -40.801  72.519 0.0000000000
55159  4.896  -27.058  69.358 0.0000000000
132629  0.501  -42.201  68.905 0.0000000000
43053  2.142  -40.112  68.563 0.0000000000
43850  0.607  -39.443  70.555 0.0000000000
49511  6.727  -32.826  72.311 0.0000000000
49504  4.784  -33.765  72.726 0.0000000000
39243  2.327  -42.723  70.206 0.0000000000
38275  1.713  -44.056  68.133 0.0000000000
39252  1.095  -44.455  69.793 0.0000000000
40261  0.185  -43.897  67.911 0.0000000000
45781  3.636  -36.989  67.288 0.0000000000
44804  5.331  -38.821  65.220 0.0000000000
46777  3.708  -35.799  66.101 0.0000000000
140763  4.833  -31.096  64.193 0.0000000000
49609  4.432  -33.472  62.288 0.0000000000
126138  4.180  -32.571  60.966 0.0000000000
49655  3.872  -33.386  58.253 0.0000000000
52460  4.855  -30.928  59.384 0.0000000000
42171  2.433  -40.257  72.611 0.0000000000
124654  2.001  -38.498  73.550 0.0000000000
45721  5.139  -37.114  72.796 0.0000000000
48628  6.416  -34.614  71.839 0.0000000000
138568  14.057  -38.432  70.810 0.0000000000
143583  11.809  -39.958  68.341 0.0000000000
42192  11.880  -40.363  70.307 0.0000000000
40245  9.905  -42.451  69.155 0.0000000000
39238  6.572  -43.323  71.026 0.0000000000
40221  4.263  -41.811  71.789 0.0000000000
51388  3.992  -31.536  69.333 0.0000000000
49574  3.213  -33.732  67.168 0.0000000000
52383  3.988  -30.344  68.235 0.0000000000
54270  4.401  -28.660  67.225 0.0000000000
55191  4.786  -28.013  65.278 0.0000000000
47710  12.310  -36.182  70.022 0.0000000000
45755  15.910  -36.753  70.213 0.0000000000
46666  17.002  -35.705  73.106 0.0000000000
46670  14.778  -36.403  72.992 0.0000000000
47698  13.301  -36.181  71.740 0.0000000000
40290  1.303  -43.083  64.595 0.0000000000
42261  2.220  -41.919  64.102 0.0000000000
43065  2.275  -41.675  66.800 0.0000000000
44782  3.268  -38.564  68.253 0.0000000000
46731  2.227  -35.980  68.679 0.0000000000
47701  2.090  -35.919  71.856 0.0000000000
48635  2.773  -34.839  70.613 0.0000000000
50434  3.612  -32.920  70.080 0.0000000000
126628  5.078  -30.297  72.076 0.0000000000
43083  3.773  -40.760  63.456 0.0000000000
43911  5.009  -40.403  62.432 0.0000000000
44828  7.261  -38.660  60.190 0.0000000000
142926  4.238  -34.401  64.164 0.0000000000
47834  5.483  -35.258  61.674 0.0000000000
129806  6.988  -36.848  58.189 0.0000000000
47910  5.339  -35.757  56.810 0.0000000000
48814  4.087  -34.198  55.783 0.0000000000
136891  5.445  -24.528  67.354 0.0000000000
133967  5.424  -26.037  63.826 0.0000000000
57166  5.401  -25.281  62.739 0.0000000000
126287  5.559  -27.861  61.132 0.0000000000
53447  5.321  -29.730  58.172 0.0000000000
44749  8.216  -38.708  70.721 0.0000000000
45738  7.740  -37.822  70.492 0.0000000000
45757  9.236  -37.772  69.648 0.0000000000
45737  10.608  -38.277  70.969 0.0000000000
44739  10.612  -38.895  71.801 0.0000000000
143644  9.628  -39.007  71.349 0.0000000000
139081  8.432  -39.932  71.778 0.0000000000
43147  4.970  -40.509  56.379 0.0000000000
43970  6.071  -39.089  56.116 0.0000000000
132487  0.463  -42.524  70.113 0.0000000000
131273  0.734  -40.887  70.021 0.0000000000
43040  0.580  -40.277  71.194 0.0000000000
129895  12.772  -38.459  67.923 0.0000000000
41230  2.170  -42.265  71.289 0.0000000000
39251  1.602  -43.866  69.868 0.0000000000
41247  0.742  -43.488  70.597 0.0000000000
41254  0.499  -43.241  69.581 0.0000000000
46759  3.124  -35.687  67.527 0.0000000000
122528  3.792  -36.580  66.512 0.0000000000
47753  3.484  -35.361  66.655 0.0000000000
53412  5.386  -29.793  63.701 0.0000000000
127495  4.765  -32.110  62.332 0.0000000000
52437  5.299  -31.180  62.393 0.0000000000
51460  4.730  -31.891  60.777 0.0000000000
52443  5.549  -30.331  60.984 0.0000000000
43012  3.285  -39.821  71.982 0.0000000000
44726  3.340  -38.685  72.725 0.0000000000
44735  5.050  -38.497  72.786 0.0000000000
47700  6.378  -35.609  71.738 0.0000000000
49526  7.785  -33.048  70.209 0.0000000000
43844  13.562  -38.684  71.818 0.0000000000
42191  12.457  -39.644  70.176 0.0000000000
43029  12.324  -39.671  71.485 0.0000000000
41224  9.898  -41.851  71.905 0.0000000000
40235  10.315  -42.152  70.397 0.0000000000
39245  9.402  -42.590  70.342 0.0000000000
39229  7.880  -43.311  71.019 0.0000000000
123126  6.100  -40.290  72.714 0.0000000000
40207  5.214  -41.547  72.580 0.0000000000
41208  4.447  -40.831  72.963 0.0000000000
41221  3.431  -41.214  71.766 0.0000000000
52371  4.270  -30.200  70.232 0.0000000000
53370  4.134  -30.634  69.228 0.0000000000
53369  4.211  -29.502  69.567 0.0000000000
56158  4.718  -26.330  68.821 0.0000000000
127522  4.307  -28.612  68.176 0.0000000000
136628  4.607  -27.937  66.944 0.0000000000
54277  4.713  -28.358  66.291 0.0000000000
131518  4.656  -27.135  67.200 0.0000000000
45727  15.356  -37.004  72.846 0.0000000000
139031  1.618  -42.467  65.779 0.0000000000
41274  2.047  -42.263  65.213 0.0000000000
133517  1.864  -42.061  66.794 0.0000000000
43857  1.831  -38.945  69.016 0.0000000000
43872  2.636  -38.927  68.662 0.0000000000
44775  2.248  -38.162  68.908 0.0000000000
45773  2.956  -36.898  68.612 0.0000000000
138648  1.856  -36.596  69.333 0.0000000000
46676  3.623  -36.938  72.455 0.0000000000
45731  1.625  -36.899  73.022 0.0000000000
47684  3.482  -36.209  72.318 0.0000000000
50415  5.027  -32.325  72.663 0.0000000000
49514  3.563  -34.272  71.868 0.0000000000
49521  3.904  -33.470  71.779 0.0000000000
49527  3.432  -33.967  70.249 0.0000000000
50425  4.154  -32.452  70.811 0.0000000000
51376  4.300  -31.556  70.588 0.0000000000
52358  5.106  -31.033  72.486 0.0000000000
41258  11.082  -41.238  67.513 0.0000000000
42231  11.313  -40.631  66.304 0.0000000000
119371  4.759  -43.837  68.758 0.0000000000
118954  4.385  -44.011  67.901 0.0000000000
39276  3.942  -44.105  68.241 0.0000000000
38284  1.188  -44.816  68.143 0.0000000000
38294  2.166  -45.424  67.066 0.0000000000
41266  0.788  -43.022  67.245 0.0000000000
41275  1.014  -43.275  66.161 0.0000000000
43070  2.909  -41.290  65.107 0.0000000000
43084  3.279  -41.154  63.655 0.0000000000
43074  3.539  -40.777  64.322 0.0000000000
44803  5.740  -38.381  64.739 0.0000000000
43893  5.529  -39.477  64.336 0.0000000000
43902  6.436  -38.923  63.195 0.0000000000
138990  6.324  -39.462  61.583 0.0000000000
45814  6.874  -37.512  62.464 0.0000000000
124215  4.070  -32.662  66.525 0.0000000000
49583  3.358  -33.685  65.597 0.0000000000
49590  4.023  -33.362  64.831 0.0000000000
48749  3.584  -33.736  61.290 0.0000000000
48717  4.682  -34.522  62.008 0.0000000000
47846  5.501  -34.948  60.839 0.0000000000
47862  6.473  -35.955  60.128 0.0000000000
47882  6.105  -35.331  59.314 0.0000000000
46896  6.511  -36.377  57.817 0.0000000000
128364  5.393  -34.887  58.364 0.0000000000
125786  3.992  -32.770  57.599 0.0000000000
133327  4.218  -34.089  57.265 0.0000000000
49680  3.951  -33.483  55.970 0.0000000000
121551  5.767  -23.482  66.483 0.0000000000
57146  5.484  -25.192  65.472 0.0000000000
130086  5.583  -24.853  64.859 0.0000000000
58077  5.560  -25.001  61.064 0.0000000000
127467  5.408  -25.549  61.303 0.0000000000
125172  5.284  -26.060  61.794 0.0000000000
133253  5.319  -27.139  60.225 0.0000000000
54321  5.494  -28.370  60.128 0.0000000000
55234  5.264  -27.492  59.292 0.0000000000
44733  6.450  -39.042  72.181 0.0000000000
120902  5.894  -38.263  72.184 0.0000000000
45730  6.706  -38.344  71.449 0.0000000000
44730  12.314  -38.072  72.369 0.0000000000
43015  11.780  -39.320  72.313 0.0000000000
123846  11.292  -38.958  72.255 0.0000000000
43017  10.471  -40.002  72.558 0.0000000000
42174  9.161  -41.049  72.258 0.0000000000
41218  8.356  -41.839  72.451 0.0000000000
42164  8.407  -40.487  72.202 0.0000000000
43829  7.617  -39.953  71.859 0.0000000000
55142  5.476  -27.602  71.882 0.0000000000
122594  4.746  -27.801  70.081 0.0000000000
56131  4.977  -26.216  71.252 0.0000000000
136693  4.754  -25.974  70.634 0.0000000000
58003  5.117  -24.738  69.700 0.0000000000
41261  0.716  -42.259  67.938 0.0000000000
42219  1.837  -41.676  67.401 0.0000000000
42209  0.892  -41.417  68.286 0.0000000000
43864  1.250  -39.841  68.924 0.0000000000
44759  0.702  -37.763  70.211 0.0000000000
48607  6.028  -33.797  72.611 0.0000000000
48609  5.046  -34.306  72.801 0.0000000000
49502  5.953  -33.058  73.009 0.0000000000
50409  6.009  -32.155  73.412 0.0000000000
51360  6.060  -31.013  73.494 0.0000000000
137478  5.967  -30.613  73.284 0.0000000000
39242  2.977  -42.743  70.337 0.0000000000
39263  3.346  -43.965  68.826 0.0000000000
39250  2.294  -43.115  69.427 0.0000000000
38276  1.212  -44.460  69.047 0.0000000000
38285  0.871  -44.718  68.639 0.0000000000
39290  0.593  -44.571  67.600 0.0000000000
39278  0.743  -44.624  68.527 0.0000000000
128789  0.307  -43.143  68.117 0.0000000000
44789  3.876  -38.920  66.962 0.0000000000
43886  4.847  -39.355  65.792 0.0000000000
45780  4.063  -37.647  66.971 0.0000000000
46775  4.559  -36.654  65.678 0.0000000000
46794  4.841  -36.134  64.871 0.0000000000
51436  4.733  -31.728  64.655 0.0000000000
50494  4.278  -33.319  63.835 0.0000000000
50500  4.705  -32.547  63.228 0.0000000000
49618  3.942  -33.300  61.332 0.0000000000
49629  3.379  -33.166  60.176 0.0000000000
48778  3.853  -33.885  58.910 0.0000000000
125861  3.432  -33.090  59.859 0.0000000000
130590  3.676  -32.695  59.250 0.0000000000
51473  4.532  -31.298  58.524 0.0000000000
57196  5.148  -25.615  59.287 0.0000000000
55241  5.071  -26.754  58.724 0.0000000000
56263  5.369  -26.333  57.784 0.0000000000
42183  2.106  -41.551  71.804 0.0000000000
43031  0.999  -40.259  72.055 0.0000000000
43833  1.860  -39.455  73.508 0.0000000000
45723  3.780  -37.736  72.471 0.0000000000
46675  4.684  -36.492  72.905 0.0000000000
133049  5.513  -36.687  72.455 0.0000000000
46673  5.607  -35.723  72.424 0.0000000000
47680  5.735  -34.715  72.455 0.0000000000
48617  6.552  -33.657  72.038 0.0000000000
143593  14.054  -38.265  70.142 0.0000000000
43863  13.017  -38.480  68.659 0.0000000000
43044  12.970  -38.939  69.922 0.0000000000
42182  11.150  -40.870  71.294 0.0000000000
41246  10.645  -41.690  69.439 0.0000000000
139966  10.104  -42.260  68.526 0.0000000000
120561  6.136  -43.427  69.712 0.0000000000
124170  4.989  -43.568  70.390 0.0000000000
39226  6.815  -42.693  72.097 0.0000000000
39232  5.504  -42.731  71.543 0.0000000000
130445  4.094  -42.886  71.217 0.0000000000
135063  3.569  -42.124  71.488 0.0000000000
40224  2.883  -42.103  71.535 0.0000000000
129527  2.098  -33.643  68.372 0.0000000000
49560  1.862  -33.891  67.794 0.0000000000
50456  3.618  -32.615  68.152 0.0000000000
51402  4.084  -31.895  67.913 0.0000000000
52401  4.027  -30.783  66.891 0.0000000000
132343  4.331  -29.099  68.929 0.0000000000
53375  4.174  -29.403  67.974 0.0000000000
52400  4.157  -30.336  66.377 0.0000000000
125576  4.372  -29.706  65.769 0.0000000000
53401  5.122  -29.510  64.447 0.0000000000
121091  5.303  -28.833  63.933 0.0000000000
46699  11.500  -37.035  70.280 0.0000000000
44766  14.866  -37.671  69.394 0.0000000000
47686  18.620  -35.340  72.372 0.0000000000
48602  17.675  -34.987  73.514 0.0000000000
46686  17.843  -35.895  71.829 0.0000000000
45732  16.580  -36.675  71.771 0.0000000000
44756  15.454  -37.235  70.580 0.0000000000
44757  15.049  -37.543  70.989 0.0000000000
44738  14.439  -37.565  72.632 0.0000000000
44728  14.084  -37.164  72.762 0.0000000000
46681  13.660  -36.426  72.377 0.0000000000
46672  13.375  -36.867  72.424 0.0000000000
46689  12.364  -37.044  71.568 0.0000000000
45735  11.859  -37.074  70.935 0.0000000000
42247  2.426  -41.767  65.230 0.0000000000
43069  3.256  -40.825  66.215 0.0000000000
43060  2.365  -40.947  67.610 0.0000000000
131959  3.045  -40.406  67.211 0.0000000000
43880  3.462  -39.317  67.563 0.0000000000
45772  3.242  -37.445  68.023 0.0000000000
46745  2.669  -36.189  68.183 0.0000000000
48658  1.403  -34.400  68.152 0.0000000000
44752  0.692  -38.785  72.170 0.0000000000
44751  0.702  -37.815  71.461 0.0000000000
46702  1.023  -36.227  70.568 0.0000000000
48619  3.661  -34.734  72.234 0.0000000000
48629  2.040  -35.289  71.118 0.0000000000
120992  1.372  -35.560  70.478 0.0000000000
48636  1.808  -34.889  70.203 0.0000000000
49537  2.036  -34.449  69.359 0.0000000000
49546  2.099  -33.824  68.796 0.0000000000
50440  3.479  -32.552  69.355 0.0000000000
52372  4.324  -30.853  70.408 0.0000000000
53350  5.050  -29.634  71.698 0.0000000000
53346  6.006  -29.932  72.896 0.0000000000
54245  5.858  -29.074  72.602 0.0000000000
54252  5.678  -28.321  72.305 0.0000000000
39299  4.447  -44.161  66.545 0.0000000000
38282  2.744  -44.742  67.402 0.0000000000
43905  4.158  -40.433  64.086 0.0000000000
134489  4.388  -40.563  62.798 0.0000000000
43946  6.632  -39.511  58.969 0.0000000000
48681  3.450  -34.637  66.359 0.0000000000
133171  3.890  -34.814  65.182 0.0000000000
143233  4.757  -35.269  63.952 0.0000000000
48707  4.230  -34.107  63.431 0.0000000000
47818  4.720  -34.741  62.942 0.0000000000
46826  5.887  -35.954  62.766 0.0000000000
45821  7.091  -37.269  61.508 0.0000000000
44827  7.417  -37.825  59.656 0.0000000000
44851  6.784  -38.453  57.681 0.0000000000
44865  6.530  -38.317  56.709 0.0000000000
47899  4.791  -34.629  57.635 0.0000000000
123162  4.482  -34.908  56.112 0.0000000000
58012  5.332  -24.077  69.029 0.0000000000
58864  5.472  -23.486  68.245 0.0000000000
58022  5.301  -25.084  67.836 0.0000000000
136070  5.227  -26.251  66.245 0.0000000000
127723  5.136  -27.507  64.571 0.0000000000
123160  5.263  -27.974  63.498 0.0000000000
57167  5.335  -25.820  62.962 0.0000000000
55220  5.350  -26.887  62.341 0.0000000000
134406  5.519  -28.396  62.426 0.0000000000
132428  5.529  -29.426  60.544 0.0000000000
52459  5.375  -29.992  59.076 0.0000000000
52476  4.875  -30.923  57.725 0.0000000000
52475  5.245  -30.378  57.176 0.0000000000
44748  9.485  -38.757  70.867 0.0000000000
44758  8.810  -38.295  70.219 0.0000000000
45756  10.069  -37.676  69.712 0.0000000000
143028  5.369  -40.486  57.219 0.0000000000
139818  5.704  -39.879  56.688 0.0000000000
42193  0.617  -41.710  70.521 0.0000000000
132611  0.520  -40.995  70.975 0.0000000000
43862  13.589  -37.927  68.480 0.0000000000
41231  1.498  -42.174  71.382 0.0000000000
41239  1.142  -43.189  71.084 0.0000000000
128575  0.748  -42.711  71.087 0.0000000000
48672  1.479  -34.407  68.038 0.0000000000
47744  2.684  -34.724  67.498 0.0000000000
52430  5.613  -30.084  62.873 0.0000000000
52436  5.617  -30.224  61.971 0.0000000000
43007  4.334  -39.324  73.043 0.0000000000
43816  4.021  -39.061  73.089 0.0000000000
43820  4.732  -38.871  73.016 0.0000000000
43835  13.283  -38.513  72.407 0.0000000000
43023  12.864  -39.163  72.021 0.0000000000
40217  9.364  -42.334  71.732 0.0000000000
40226  9.668  -42.475  71.117 0.0000000000
40227  9.089  -42.748  71.116 0.0000000000
39246  8.908  -42.695  69.900 0.0000000000
39236  8.372  -43.085  70.445 0.0000000000
40219  8.003  -42.806  71.590 0.0000000000
43011  5.393  -39.724  72.864 0.0000000000
41207  5.103  -40.941  73.056 0.0000000000
43006  4.761  -39.726  72.998 0.0000000000
42169  3.879  -40.719  72.606 0.0000000000
53357  4.544  -29.582  70.842 0.0000000000
52378  4.134  -30.153  69.716 0.0000000000
53363  4.258  -29.550  70.149 0.0000000000
128479  4.551  -27.134  68.329 0.0000000000
56167  4.891  -26.449  67.887 0.0000000000
137304  1.948  -38.006  69.329 0.0000000000
45765  2.305  -37.309  69.127 0.0000000000
119066  4.235  -36.073  72.884 0.0000000000
50416  4.347  -32.486  71.912 0.0000000000
142559  4.140  -32.985  71.262 0.0000000000
51368  4.496  -31.631  71.645 0.0000000000
39248  4.751  -43.744  69.524 0.0000000000
39262  4.043  -44.066  68.904 0.0000000000
38295  1.293  -45.283  67.157 0.0000000000
38283  1.944  -44.723  67.545 0.0000000000
122858  3.488  -40.703  65.203 0.0000000000
137745  3.137  -41.097  64.671 0.0000000000
45796  5.857  -37.650  64.512 0.0000000000
44810  6.267  -38.508  64.091 0.0000000000
45805  6.628  -37.902  63.280 0.0000000000
44816  6.708  -38.457  62.602 0.0000000000
45815  6.352  -36.833  63.055 0.0000000000
50478  3.877  -32.968  65.738 0.0000000000
47847  4.743  -34.414  60.598 0.0000000000
137920  5.835  -35.318  60.270 0.0000000000
141622  5.792  -35.035  58.792 0.0000000000
47883  5.273  -34.737  59.157 0.0000000000
135371  4.127  -32.256  57.899 0.0000000000
49666  4.077  -32.923  56.678 0.0000000000
121301  5.775  -24.015  65.955 0.0000000000
58040  5.656  -24.613  65.720 0.0000000000
58892  6.033  -24.146  65.256 0.0000000000
57190  5.482  -25.386  60.040 0.0000000000
57182  5.467  -25.247  60.793 0.0000000000
57183  5.468  -25.474  60.576 0.0000000000
56217  5.345  -26.046  60.984 0.0000000000
56226  5.373  -26.287  60.202 0.0000000000
124693  5.096  -26.523  59.388 0.0000000000
43840  7.151  -39.414  71.731 0.0000000000
44743  6.527  -38.652  71.806 0.0000000000
44750  7.600  -38.810  71.081 0.0000000000
46700  8.297  -37.432  69.910 0.0000000000
45719  12.112  -37.698  72.056 0.0000000000
44731  11.390  -38.499  72.026 0.0000000000
43837  10.099  -39.222  71.761 0.0000000000
44732  10.662  -39.158  72.038 0.0000000000
119332  9.948  -39.943  72.403 0.0000000000
42173  9.964  -40.497  72.479 0.0000000000
43018  9.218  -40.462  72.166 0.0000000000
140023  8.635  -40.853  72.307 0.0000000000
43839  8.124  -39.625  71.488 0.0000000000
43830  6.872  -39.749  72.038 0.0000000000
132346  5.216  -27.005  71.395 0.0000000000
57094  4.921  -25.388  71.084 0.0000000000
57994  5.204  -24.604  70.678 0.0000000000
57102  4.858  -25.418  70.242 0.0000000000
43046  0.674  -40.208  70.231 0.0000000000
130035  0.831  -40.304  69.303 0.0000000000
43858  0.875  -39.356  69.574 0.0000000000
129018  0.654  -38.678  70.028 0.0000000000
49512  6.360  -33.136  72.650 0.0000000000
138059  6.567  -32.397  72.838 0.0000000000
50407  6.559  -31.745  73.147 0.0000000000
120080  6.179  -31.562  73.440 0.0000000000
51359  6.491  -31.007  73.321 0.0000000000
52347  6.595  -30.306  72.959 0.0000000000
39265  0.894  -44.577  69.224 0.0000000000
138796  0.355  -42.886  68.644 0.0000000000
46776  3.864  -36.143  65.836 0.0000000000
46795  4.262  -35.679  65.237 0.0000000000
52421  4.815  -30.883  64.912 0.0000000000
51444  4.882  -31.766  63.797 0.0000000000
50509  4.463  -32.577  61.603 0.0000000000
49630  3.569  -33.417  60.974 0.0000000000
50517  3.563  -33.170  60.501 0.0000000000
127555  4.751  -31.719  60.012 0.0000000000
51467  4.367  -31.908  59.284 0.0000000000
50535  4.167  -32.107  58.543 0.0000000000
58086  5.419  -25.122  59.421 0.0000000000
119693  5.250  -25.293  58.844 0.0000000000
56249  5.118  -25.752  58.526 0.0000000000
58090  5.435  -25.206  58.316 0.0000000000
42179  2.128  -41.159  71.994 0.0000000000
43026  1.984  -40.671  72.973 0.0000000000
43022  2.016  -40.067  73.409 0.0000000000
45712  4.098  -38.005  72.518 0.0000000000
45713  3.335  -38.244  72.605 0.0000000000
119126  4.392  -37.408  72.660 0.0000000000
137299  4.147  -36.919  72.686 0.0000000000
45740  6.311  -37.400  71.470 0.0000000000
45720  5.797  -37.626  71.879 0.0000000000
47690  6.039  -35.136  72.195 0.0000000000
48618  6.200  -34.119  72.329 0.0000000000
43038  13.567  -38.582  70.219 0.0000000000
43856  13.579  -38.435  69.693 0.0000000000
42180  12.466  -39.702  70.778 0.0000000000
42199  11.854  -40.362  69.810 0.0000000000
43025  11.333  -39.912  72.325 0.0000000000
42176  11.587  -40.172  71.775 0.0000000000
40236  9.904  -42.428  69.866 0.0000000000
40244  10.242  -42.167  69.607 0.0000000000
40253  10.133  -42.286  69.041 0.0000000000
40254  9.829  -42.461  68.827 0.0000000000
39283  9.477  -42.514  68.658 0.0000000000
135794  8.392  -42.672  68.509 0.0000000000
127336  6.765  -43.368  70.357 0.0000000000
39239  5.936  -43.379  70.422 0.0000000000
142423  5.399  -43.599  69.926 0.0000000000
41219  7.665  -41.906  72.501 0.0000000000
40220  7.515  -42.547  72.102 0.0000000000
40205  6.937  -41.665  72.528 0.0000000000
40214  4.612  -41.756  71.897 0.0000000000
39228  5.271  -42.094  71.944 0.0000000000
39233  4.683  -42.273  71.610 0.0000000000
39240  4.842  -43.181  71.116 0.0000000000
39234  4.102  -42.171  71.572 0.0000000000
39241  3.594  -42.441  71.243 0.0000000000
40222  3.967  -41.904  71.712 0.0000000000
42175  2.916  -40.521  71.620 0.0000000000
41226  3.136  -41.537  71.657 0.0000000000
41222  2.646  -40.764  71.773 0.0000000000
41227  2.646  -41.505  71.734 0.0000000000
51389  3.530  -32.445  69.385 0.0000000000
50447  3.252  -32.955  68.747 0.0000000000
50446  3.750  -32.097  68.780 0.0000000000
129021  3.987  -31.211  68.546 0.0000000000
52391  3.935  -30.903  67.580 0.0000000000
51413  4.137  -31.733  66.959 0.0000000000
54262  4.311  -28.755  69.774 0.0000000000
55168  4.074  -27.935  68.947 0.0000000000
135164  4.203  -29.375  67.051 0.0000000000
52390  3.959  -30.107  67.197 0.0000000000
140582  4.141  -29.729  66.524 0.0000000000
52410  4.501  -30.606  65.633 0.0000000000
53382  4.381  -29.076  66.389 0.0000000000
55185  4.850  -27.574  66.221 0.0000000000
54283  4.598  -28.840  65.478 0.0000000000
140961  4.687  -28.448  64.931 0.0000000000
54292  4.905  -28.833  64.671 0.0000000000
132064  4.968  -28.136  64.342 0.0000000000
46714  11.530  -36.564  69.799 0.0000000000
47730  11.638  -35.856  69.285 0.0000000000
45764  15.966  -36.578  69.226 0.0000000000
121375  15.381  -36.903  68.702 0.0000000000
44772  15.363  -37.322  69.497 0.0000000000
139848  17.017  -35.253  73.370 0.0000000000
47674  17.350  -35.374  73.273 0.0000000000
47687  17.843  -35.537  72.829 0.0000000000
46678  17.466  -35.884  72.532 0.0000000000
46687  17.085  -36.281  72.204 0.0000000000
45746  15.528  -37.248  71.532 0.0000000000
134158  15.034  -37.714  70.056 0.0000000000
44727  14.835  -37.151  72.960 0.0000000000
45716  14.469  -36.711  72.870 0.0000000000
47689  13.835  -35.771  72.263 0.0000000000
46682  12.979  -36.788  72.032 0.0000000000
140919  12.645  -36.256  70.670 0.0000000000
46698  12.073  -36.662  70.577 0.0000000000
40299  1.382  -43.006  63.929 0.0000000000
41284  1.848  -42.465  64.455 0.0000000000
42234  2.073  -42.022  66.023 0.0000000000
42233  2.597  -41.488  66.009 0.0000000000
132935  2.696  -41.140  66.769 0.0000000000
42208  1.624  -41.053  68.015 0.0000000000
43871  2.819  -39.740  67.998 0.0000000000
124496  2.461  -36.585  68.883 0.0000000000
47745  2.300  -35.351  68.018 0.0000000000
47734  1.904  -35.112  68.476 0.0000000000
122314  1.300  -39.179  73.194 0.0000000000
43841  0.858  -39.627  72.582 0.0000000000
44744  1.204  -37.894  72.881 0.0000000000
46684  2.161  -36.492  72.536 0.0000000000
45741  1.021  -36.990  71.978 0.0000000000
46691  1.550  -36.373  72.116 0.0000000000
129658  0.730  -36.953  70.857 0.0000000000
140384  0.983  -36.413  71.344 0.0000000000
49503  5.439  -33.434  72.828 0.0000000000
48610  4.347  -34.581  72.612 0.0000000000
48620  3.131  -34.944  71.384 0.0000000000
128161  1.455  -35.400  69.837 0.0000000000
49528  2.825  -34.436  69.657 0.0000000000
49536  3.235  -33.557  69.475 0.0000000000
123569  3.041  -33.196  69.018 0.0000000000
52365  4.570  -30.913  71.424 0.0000000000
124672  4.559  -30.243  71.105 0.0000000000
43058  12.421  -39.256  68.274 0.0000000000
43059  11.766  -39.858  67.613 0.0000000000
39289  4.085  -44.197  67.175 0.0000000000
140979  2.494  -43.744  68.736 0.0000000000
38274  2.598  -44.259  67.972 0.0000000000
40300  0.825  -43.637  64.280 0.0000000000
122917  3.083  -41.507  63.131 0.0000000000
43094  3.523  -41.189  62.898 0.0000000000
133445  3.937  -40.787  62.754 0.0000000000
43895  4.129  -40.250  65.024 0.0000000000
43894  4.813  -39.903  64.753 0.0000000000
43904  5.157  -40.233  63.388 0.0000000000
43092  4.210  -40.771  62.049 0.0000000000
43919  4.929  -40.407  61.545 0.0000000000
134387  6.650  -39.322  60.826 0.0000000000
43926  5.822  -39.978  60.288 0.0000000000
43935  6.638  -39.467  59.835 0.0000000000
43936  5.940  -40.059  59.433 0.0000000000
141562  3.039  -34.165  67.083 0.0000000000
125903  3.070  -33.776  66.194 0.0000000000
48699  4.033  -34.386  64.586 0.0000000000
48690  3.682  -34.514  65.420 0.0000000000
47779  4.195  -34.775  64.606 0.0000000000
47778  4.244  -35.167  64.792 0.0000000000
47797  4.573  -35.020  63.998 0.0000000000
49600  4.215  -33.768  63.351 0.0000000000
49610  4.286  -33.785  62.736 0.0000000000
47817  5.127  -35.022  62.306 0.0000000000
47816  5.421  -35.427  62.530 0.0000000000
46842  5.935  -35.785  61.963 0.0000000000
46825  6.581  -36.543  62.264 0.0000000000
46841  6.512  -36.265  61.534 0.0000000000
45833  7.169  -37.031  58.992 0.0000000000
132422  7.201  -36.791  59.913 0.0000000000
44840  7.315  -38.059  58.909 0.0000000000
44841  7.039  -38.752  58.517 0.0000000000
45843  7.070  -37.726  58.265 0.0000000000
45854  6.822  -37.324  57.395 0.0000000000
46897  5.901  -35.980  57.291 0.0000000000
46913  5.636  -36.501  56.388 0.0000000000
47884  4.606  -34.416  58.625 0.0000000000
48790  4.338  -33.995  58.028 0.0000000000
48803  4.395  -34.452  56.685 0.0000000000
47920  4.194  -35.010  55.285 0.0000000000
58021  5.396  -24.320  68.067 0.0000000000
57128  5.407  -25.122  67.023 0.0000000000
57138  5.362  -25.772  66.647 0.0000000000
57157  5.423  -25.726  64.784 0.0000000000
133989  5.282  -26.426  65.477 0.0000000000
56189  5.369  -26.718  64.410 0.0000000000
55200  5.303  -27.398  63.771 0.0000000000
58072  5.577  -24.938  62.485 0.0000000000
58049  6.079  -24.113  63.991 0.0000000000
58061  5.669  -24.722  63.364 0.0000000000
57156  5.497  -25.242  63.770 0.0000000000
55226  5.397  -26.714  61.275 0.0000000000
56209  5.320  -26.315  62.581 0.0000000000
54308  5.351  -27.874  62.899 0.0000000000
55219  5.504  -27.720  62.017 0.0000000000
54314  5.589  -28.546  61.816 0.0000000000
140389  5.453  -28.742  61.017 0.0000000000
53438  5.409  -29.285  58.769 0.0000000000
53429  5.527  -29.333  59.605 0.0000000000
52466  5.066  -30.531  58.414 0.0000000000
53448  5.220  -30.229  57.683 0.0000000000
54339  5.282  -27.705  58.384 0.0000000000
46717  8.750  -36.977  69.264 0.0000000000
123855  11.447  -37.635  71.174 0.0000000000
45736  11.256  -38.193  71.624 0.0000000000
44747  10.291  -38.790  71.466 0.0000000000
44740  9.825  -39.147  71.561 0.0000000000
43838  9.228  -39.560  71.652 0.0000000000
44741  8.745  -39.243  71.107 0.0000000000
43971  5.242  -39.819  55.752 0.0000000000
42200  0.635  -41.310  69.299 0.0000000000
40230  2.491  -42.404  70.868 0.0000000000
40237  1.889  -42.982  70.508 0.0000000000
40238  1.051  -43.954  70.509 0.0000000000
40246  0.808  -44.110  69.895 0.0000000000
46758  3.534  -36.139  66.903 0.0000000000
52431  5.281  -30.858  63.459 0.0000000000
51449  5.046  -31.693  63.062 0.0000000000
51454  4.729  -31.945  61.561 0.0000000000
52444  5.279  -31.172  61.363 0.0000000000
52451  5.193  -31.087  60.448 0.0000000000
130684  2.752  -39.663  71.897 0.0000000000
43014  2.488  -39.563  72.749 0.0000000000
43817  3.516  -38.934  72.809 0.0000000000
44724  4.297  -38.561  72.840 0.0000000000
45722  4.683  -38.021  72.627 0.0000000000
47699  6.664  -35.107  71.315 0.0000000000
48627  6.837  -34.201  71.253 0.0000000000
124684  7.341  -33.549  70.698 0.0000000000
141259  13.669  -38.756  71.220 0.0000000000
43039  13.225  -39.052  70.622 0.0000000000
43028  13.095  -39.246  71.328 0.0000000000
42178  10.249  -40.991  72.332 0.0000000000
41223  10.553  -41.421  71.662 0.0000000000
40225  10.226  -42.181  71.210 0.0000000000
122196  9.939  -42.416  70.601 0.0000000000
39257  9.530  -42.530  69.433 0.0000000000
39237  7.253  -43.373  70.887 0.0000000000
42167  6.637  -40.623  72.598 0.0000000000
40206  6.164  -41.582  72.558 0.0000000000
41213  5.604  -41.159  72.838 0.0000000000
41214  4.505  -41.544  72.837 0.0000000000
40209  4.185  -42.110  72.826 0.0000000000
40215  4.394  -41.855  72.374 0.0000000000
41220  4.076  -41.660  72.186 0.0000000000
41215  3.495  -40.951  71.934 0.0000000000
52379  4.189  -30.745  69.745 0.0000000000
134103  4.239  -29.860  68.986 0.0000000000
55177  4.401  -27.901  67.803 0.0000000000
45744  16.657  -36.565  70.871 0.0000000000
47675  16.675  -35.570  73.153 0.0000000000
45734  15.534  -37.210  72.346 0.0000000000
46669  15.307  -36.169  73.107 0.0000000000
47678  15.000  -35.947  73.012 0.0000000000
46697  13.183  -35.988  70.956 0.0000000000
41285  1.447  -42.825  65.214 0.0000000000
44783  2.790  -37.843  68.640 0.0000000000
136161  1.798  -35.743  69.185 0.0000000000
45724  2.360  -37.124  73.054 0.0000000000
119754  1.940  -37.587  73.393 0.0000000000
46677  2.960  -36.895  72.131 0.0000000000
137373  2.866  -36.208  71.854 0.0000000000
130873  5.281  -32.911  72.839 0.0000000000
49513  4.042  -34.019  72.347 0.0000000000
50410  4.552  -33.164  72.409 0.0000000000
49522  3.387  -34.144  71.161 0.0000000000
50426  3.823  -33.343  70.862 0.0000000000
50433  4.057  -32.200  69.881 0.0000000000
42218  11.476  -40.636  67.972 0.0000000000
133640  11.368  -40.509  67.146 0.0000000000
141772  11.216  -40.956  66.889 0.0000000000
38281  3.434  -44.437  67.483 0.0000000000
40269  0.173  -44.034  66.951 0.0000000000
40291  0.633  -43.713  65.254 0.0000000000
42260  2.571  -41.598  64.527 0.0000000000
42272  2.719  -41.488  63.875 0.0000000000
43075  2.987  -41.246  64.333 0.0000000000
43903  5.901  -39.451  63.637 0.0000000000
43910  5.746  -39.701  62.798 0.0000000000
43918  5.630  -39.842  61.923 0.0000000000
43917  6.380  -39.248  62.307 0.0000000000
44822  6.858  -38.604  61.746 0.0000000000
49573  3.404  -33.337  66.304 0.0000000000
49591  3.648  -34.066  64.889 0.0000000000
49619  3.740  -33.806  61.549 0.0000000000
48718  4.394  -33.641  62.106 0.0000000000
48734  4.316  -33.806  61.842 0.0000000000
47835  5.021  -34.699  61.407 0.0000000000
47833  6.151  -35.590  61.057 0.0000000000
46873  6.746  -36.221  59.387 0.0000000000
46882  6.632  -36.182  58.646 0.0000000000
46883  6.131  -35.436  58.229 0.0000000000
47898  5.433  -35.315  57.541 0.0000000000
132105  4.014  -33.512  57.407 0.0000000000
133839  3.950  -33.722  56.560 0.0000000000
140622  5.673  -23.203  66.992 0.0000000000
58031  5.579  -24.368  66.568 0.0000000000
57137  5.503  -25.145  66.214 0.0000000000
57175  5.485  -25.283  61.662 0.0000000000
143709  5.425  -25.353  62.228 0.0000000000
57176  5.369  -25.645  62.156 0.0000000000
54330  5.400  -28.501  59.018 0.0000000000
43831  6.221  -39.412  72.488 0.0000000000
132636  5.945  -38.763  72.495 0.0000000000
120527  6.805  -37.195  70.872 0.0000000000
45739  7.055  -38.183  70.930 0.0000000000
43836  12.489  -38.923  72.398 0.0000000000
43825  11.969  -38.790  72.408 0.0000000000
43016  11.187  -39.540  72.370 0.0000000000
43826  10.561  -39.512  72.293 0.0000000000
42172  10.613  -40.187  72.494 0.0000000000
41216  9.611  -41.358  72.265 0.0000000000
40218  8.857  -42.163  72.204 0.0000000000
40210  8.197  -42.297  72.156 0.0000000000
41210  7.860  -41.336  72.532 0.0000000000
43009  7.601  -40.467  72.310 0.0000000000
43019  8.014  -40.222  72.058 0.0000000000
43020  7.263  -40.179  72.150 0.0000000000
43021  6.691  -39.964  72.273 0.0000000000
43818  6.066  -39.828  72.646 0.0000000000
55151  5.075  -27.688  71.170 0.0000000000
56141  5.103  -26.907  70.473 0.0000000000
57093  5.463  -25.581  71.713 0.0000000000
56148  4.852  -26.220  69.770 0.0000000000
57111  4.856  -25.553  69.265 0.0000000000
41260  1.295  -42.140  67.206 0.0000000000
42220  1.174  -41.615  67.703 0.0000000000
125197  1.130  -40.612  68.606 0.0000000000
44767  1.179  -38.326  69.551 0.0000000000
126638  5.307  -34.759  72.625 0.0000000000
48608  5.604  -33.990  72.709 0.0000000000
50408  6.270  -32.280  73.182 0.0000000000
130750  5.739  -32.697  73.083 0.0000000000
134059  5.634  -32.167  73.196 0.0000000000
51361  5.896  -31.525  73.454 0.0000000000
51362  5.428  -31.559  73.007 0.0000000000
52350  5.734  -30.986  73.281 0.0000000000
39249  3.280  -43.409  69.738 0.0000000000
39264  1.787  -43.726  68.860 0.0000000000
38296  0.894  -45.122  68.079 0.0000000000
40255  0.625  -43.833  68.868 0.0000000000
43887  3.971  -39.884  66.103 0.0000000000
44798  4.445  -38.521  66.526 0.0000000000
45789  5.053  -37.955  66.056 0.0000000000
45790  4.286  -37.155  66.363 0.0000000000
45797  5.370  -37.381  65.178 0.0000000000
46793  5.505  -36.676  64.366 0.0000000000
51424  4.561  -31.481  65.450 0.0000000000
50493  4.535  -32.586  64.258 0.0000000000
50501  4.538  -33.119  63.090 0.0000000000
49608  4.610  -32.963  62.288 0.0000000000
140662  3.343  -33.891  61.149 0.0000000000
48748  4.026  -33.578  60.593 0.0000000000
47864  4.451  -34.194  59.624 0.0000000000
48764  3.707  -33.537  59.703 0.0000000000
49643  3.422  -33.202  59.267 0.0000000000
50526  4.152  -32.500  60.094 0.0000000000
124197  3.766  -32.769  58.482 0.0000000000
51477  4.400  -31.644  57.845 0.0000000000
56237  4.779  -26.074  58.940 0.0000000000
57210  5.550  -25.467  57.815 0.0000000000
43138  5.401  -40.607  58.017 0.0000000000
139366  1.445  -41.494  71.755 0.0000000000
126625  0.847  -40.974  71.622 0.0000000000
43030  1.635  -41.004  72.413 0.0000000000
43027  1.522  -40.156  73.250 0.0000000000
135551  2.262  -39.273  72.785 0.0000000000
142632  2.998  -38.542  72.592 0.0000000000
44736  2.784  -38.085  72.986 0.0000000000
127829  3.143  -37.591  72.393 0.0000000000
123164  4.833  -35.869  72.905 0.0000000000
44734  5.435  -38.161  72.523 0.0000000000
135345  5.523  -37.517  72.358 0.0000000000
46683  5.942  -36.335  72.049 0.0000000000
46674  5.138  -36.163  72.804 0.0000000000
47681  5.253  -35.412  72.650 0.0000000000
49520  6.973  -33.221  71.506 0.0000000000
43855  14.368  -38.015  69.654 0.0000000000
124258  13.715  -38.290  69.132 0.0000000000
43051  12.842  -38.858  69.219 0.0000000000
43052  12.083  -39.669  68.970 0.0000000000
43045  12.360  -39.606  69.609 0.0000000000
42207  11.513  -40.431  68.758 0.0000000000
41259  10.549  -41.803  68.095 0.0000000000
43024  12.084  -39.563  72.096 0.0000000000
42181  11.738  -40.266  70.963 0.0000000000
41228  11.301  -41.028  70.529 0.0000000000
41229  10.757  -41.659  70.882 0.0000000000
41238  10.714  -41.613  70.092 0.0000000000
41237  11.353  -41.086  69.879 0.0000000000
121674  10.079  -42.193  67.808 0.0000000000
39273  9.078  -42.587  68.772 0.0000000000
119635  6.739  -43.479  69.110 0.0000000000
135043  5.330  -43.638  69.410 0.0000000000
39230  7.214  -43.087  71.506 0.0000000000
39231  6.345  -42.947  71.560 0.0000000000
123281  6.511  -42.208  72.395 0.0000000000
39227  6.084  -42.537  72.079 0.0000000000
133109  5.712  -43.252  71.042 0.0000000000
118985  4.174  -43.363  70.528 0.0000000000
135495  3.606  -42.992  70.665 0.0000000000
40229  3.062  -42.338  71.103 0.0000000000
40223  3.495  -41.988  71.640 0.0000000000
50457  2.893  -33.399  67.947 0.0000000000
50467  3.752  -32.809  67.283 0.0000000000
51425  4.321  -32.073  66.024 0.0000000000
51412  4.322  -31.212  66.215 0.0000000000
53390  4.858  -30.072  65.054 0.0000000000
138915  4.704  -29.368  65.111 0.0000000000
133346  5.069  -30.349  64.299 0.0000000000
45747  10.871  -37.661  70.352 0.0000000000
46715  10.595  -37.025  69.535 0.0000000000
46728  10.777  -36.257  68.962 0.0000000000
44774  14.426  -37.853  69.066 0.0000000000
47673  18.221  -35.212  73.097 0.0000000000
45725  16.348  -36.500  72.566 0.0000000000
45745  15.938  -36.861  71.193 0.0000000000
43849  14.576  -37.971  70.481 0.0000000000
44737  15.047  -37.410  72.585 0.0000000000
44746  14.680  -37.865  72.130 0.0000000000
43843  14.182  -38.322  71.615 0.0000000000
43834  14.054  -38.154  72.293 0.0000000000
43823  13.702  -37.819  72.591 0.0000000000
44729  13.296  -37.458  72.565 0.0000000000
47679  14.339  -36.083  72.664 0.0000000000
46671  14.125  -36.643  72.721 0.0000000000
45717  13.740  -36.940  72.649 0.0000000000
45718  12.944  -37.257  72.399 0.0000000000
45728  12.674  -37.159  72.099 0.0000000000
46688  12.624  -36.578  71.259 0.0000000000
141533  11.952  -37.268  71.326 0.0000000000
124470  2.255  -41.988  64.682 0.0000000000
44790  3.592  -38.096  67.532 0.0000000000
46744  3.174  -36.541  67.690 0.0000000000
43845  0.627  -39.502  71.552 0.0000000000
44760  0.609  -38.655  70.937 0.0000000000
129209  1.178  -36.835  69.965 0.0000000000
47683  3.926  -35.347  72.621 0.0000000000
47691  3.292  -35.545  71.974 0.0000000000
140567  2.757  -35.604  71.555 0.0000000000
47702  1.458  -35.900  71.288 0.0000000000
47721  1.245  -36.050  69.789 0.0000000000
48645  1.846  -34.931  69.184 0.0000000000
49547  1.704  -34.325  68.619 0.0000000000
135995  3.818  -32.090  69.419 0.0000000000
51381  4.234  -31.493  69.821 0.0000000000
128219  5.017  -29.037  71.454 0.0000000000
52349  5.670  -30.436  72.857 0.0000000000
136439  5.605  -29.730  72.476 0.0000000000
54246  5.502  -29.008  72.129 0.0000000000
54253  5.311  -28.352  71.720 0.0000000000
46716  9.592  -37.111  69.217 0.0000000000
43870  12.255  -39.174  67.256 0.0000000000
43878  12.143  -39.184  66.246 0.0000000000
43064  11.617  -39.788  66.718 0.0000000000
39277  3.320  -44.296  68.069 0.0000000000
138584  4.757  -40.258  63.982 0.0000000000
43082  4.248  -40.494  63.338 0.0000000000
43104  3.787  -41.323  61.562 0.0000000000
130557  5.736  -39.958  61.114 0.0000000000
47763  3.897  -35.028  65.906 0.0000000000
49584  3.193  -34.098  65.780 0.0000000000
46796  4.049  -35.261  65.457 0.0000000000
47777  4.560  -35.398  64.502 0.0000000000
46810  5.094  -35.649  63.998 0.0000000000
129443  4.045  -33.799  64.192 0.0000000000
49601  4.119  -34.021  63.906 0.0000000000
47819  4.395  -34.188  62.523 0.0000000000
47798  4.442  -34.530  63.614 0.0000000000
47796  4.994  -35.225  63.287 0.0000000000
47795  5.399  -35.599  63.235 0.0000000000
46809  5.704  -36.275  63.557 0.0000000000
124572  7.225  -38.362  60.979 0.0000000000
128712  6.803  -36.556  60.776 0.0000000000
45827  7.342  -37.579  60.508 0.0000000000
44834  7.241  -38.828  59.335 0.0000000000
43958  6.533  -39.386  58.084 0.0000000000
43969  6.412  -39.200  57.067 0.0000000000
44866  6.042  -38.152  55.806 0.0000000000
47911  4.912  -35.158  56.809 0.0000000000
46914  4.807  -35.755  55.961 0.0000000000
58002  5.406  -23.782  70.217 0.0000000000
58013  5.211  -24.933  68.707 0.0000000000
56175  5.078  -26.391  66.978 0.0000000000
132876  4.887  -26.798  66.245 0.0000000000
127060  5.110  -27.184  65.351 0.0000000000
57147  5.399  -25.763  65.822 0.0000000000
54303  5.331  -28.455  63.286 0.0000000000
56200  5.365  -26.601  63.330 0.0000000000
55213  5.335  -27.176  63.035 0.0000000000
53418  5.615  -29.203  62.410 0.0000000000
53424  5.591  -29.431  61.483 0.0000000000
52450  5.400  -30.180  60.019 0.0000000000
51488  4.686  -31.397  57.340 0.0000000000
51487  4.939  -31.467  56.848 0.0000000000
39235  8.838  -42.857  70.596 0.0000000000
40208  4.372  -41.908  72.777 0.0000000000
40211  7.113  -42.257  72.388 0.0000000000
40212  5.771  -42.014  72.387 0.0000000000
40213  5.047  -41.724  72.292 0.0000000000
40216  3.870  -41.711  71.847 0.0000000000
40228  8.511  -43.049  71.095 0.0000000000
41209  8.490  -41.336  72.423 0.0000000000
41211  7.334  -41.268  72.562 0.0000000000
41212  6.640  -41.023  72.678 0.0000000000
41217  8.972  -41.687  72.322 0.0000000000
41225  9.352  -41.946  72.166 0.0000000000
42161  5.348  -40.287  72.939 0.0000000000
42162  4.591  -40.452  72.996 0.0000000000
42163  4.020  -40.001  72.884 0.0000000000
42165  8.058  -40.890  72.471 0.0000000000
42168  5.968  -40.719  72.851 0.0000000000
42170  3.143  -40.016  71.771 0.0000000000
43008  3.694  -39.347  72.821 0.0000000000
43010  6.846  -40.338  72.411 0.0000000000
43013  3.036  -39.195  72.105 0.0000000000
43814  4.787  -39.152  73.036 0.0000000000
43815  4.441  -39.047  73.093 0.0000000000
43821  2.923  -39.029  72.680 0.0000000000
43822  2.675  -38.820  73.104 0.0000000000
43827  10.017  -39.559  72.056 0.0000000000
43832  5.472  -38.972  72.756 0.0000000000
44722  4.122  -38.793  72.981 0.0000000000
44723  3.774  -38.764  72.857 0.0000000000
44725  3.806  -38.483  72.715 0.0000000000
45715  15.028  -36.490  73.100 0.0000000000
47836  4.002  -33.756  61.665 0.0000000000
48671  1.661  -34.185  67.869 0.0000000000
48733  4.393  -34.144  61.266 0.0000000000
48750  3.426  -33.898  61.236 0.0000000000
54302  5.361  -28.583  63.012 0.0000000000
56227  5.467  -25.702  60.022 0.0000000000
57129  5.232  -25.796  67.481 0.0000000000
123843  4.243  -41.509  72.955 0.0000000000
140508  5.750  -39.441  72.731 0.0000000000
140601  3.404  -40.440  71.956 0.0000000000
142138  9.821  -42.258  71.520 0.0000000000
142370  4.143  -42.149  72.881 0.0000000000
