#!ascii label  , from subject sub-032304 vox2ras=TkReg
1711
56424  45.380  -26.496  44.428 0.0000000000
44811  32.297  -38.011  62.265 0.0000000000
35556  28.621  -49.153  61.975 0.0000000000
34573  19.978  -48.939  62.057 0.0000000000
41255  28.170  -42.882  67.223 0.0000000000
39370  30.322  -43.875  59.094 0.0000000000
51591  37.127  -31.335  46.190 0.0000000000
60872  54.635  -21.523  43.009 0.0000000000
130114  40.212  -29.944  56.356 0.0000000000
45859  38.022  -37.070  56.010 0.0000000000
43199  30.824  -40.642  51.580 0.0000000000
36476  25.508  -47.865  65.990 0.0000000000
36538  24.408  -47.378  61.505 0.0000000000
35501  22.659  -49.264  64.703 0.0000000000
34494  30.510  -49.260  65.372 0.0000000000
140546  44.726  -30.884  55.364 0.0000000000
47736  33.657  -35.593  67.838 0.0000000000
47764  36.575  -35.530  64.745 0.0000000000
141723  40.139  -36.709  61.060 0.0000000000
47851  34.945  -35.736  59.043 0.0000000000
46938  33.339  -36.244  54.155 0.0000000000
44853  32.277  -38.705  56.536 0.0000000000
125506  27.529  -47.172  57.479 0.0000000000
40380  25.932  -43.978  55.302 0.0000000000
59071  49.733  -23.748  43.393 0.0000000000
61843  48.646  -20.647  40.524 0.0000000000
32522  28.577  -51.330  59.018 0.0000000000
34622  25.239  -49.835  57.793 0.0000000000
43889  29.755  -39.720  65.072 0.0000000000
42299  32.351  -41.796  59.649 0.0000000000
39325  33.548  -44.888  63.381 0.0000000000
36551  30.673  -48.458  60.457 0.0000000000
52614  41.372  -30.192  44.827 0.0000000000
33425  20.006  -50.175  67.039 0.0000000000
33473  16.717  -50.618  63.504 0.0000000000
58153  51.258  -25.094  47.433 0.0000000000
53529  47.283  -29.344  47.806 0.0000000000
52569  43.473  -30.468  49.573 0.0000000000
51538  39.256  -30.848  51.832 0.0000000000
48838  37.198  -34.543  52.879 0.0000000000
52439  40.496  -30.595  61.475 0.0000000000
139803  39.995  -35.482  57.497 0.0000000000
43982  40.780  -39.200  53.520 0.0000000000
44926  36.254  -38.315  51.263 0.0000000000
41386  30.217  -42.192  54.750 0.0000000000
38312  24.271  -45.733  65.628 0.0000000000
36491  24.325  -48.415  64.848 0.0000000000
37436  22.620  -46.312  64.403 0.0000000000
37398  25.689  -46.764  67.590 0.0000000000
45793  32.946  -37.493  64.985 0.0000000000
131559  34.983  -36.884  63.860 0.0000000000
120691  36.446  -36.405  62.061 0.0000000000
45822  33.369  -36.943  60.706 0.0000000000
45848  32.784  -37.119  58.061 0.0000000000
44823  32.041  -38.013  59.809 0.0000000000
136250  26.730  -48.915  55.875 0.0000000000
36610  25.807  -47.448  55.643 0.0000000000
57321  47.076  -25.339  43.825 0.0000000000
58226  46.408  -24.438  41.583 0.0000000000
125531  44.587  -25.540  41.877 0.0000000000
33499  28.191  -50.805  60.145 0.0000000000
33522  26.847  -50.998  58.749 0.0000000000
34599  26.731  -49.794  59.632 0.0000000000
35560  22.042  -48.367  61.732 0.0000000000
36581  22.431  -47.502  58.600 0.0000000000
35583  20.291  -48.167  58.762 0.0000000000
34602  18.238  -49.346  59.454 0.0000000000
43859  30.192  -39.259  68.395 0.0000000000
42221  28.759  -41.026  66.703 0.0000000000
40305  29.390  -43.195  63.094 0.0000000000
40270  29.299  -44.152  64.796 0.0000000000
123337  29.541  -49.527  64.103 0.0000000000
34557  31.911  -49.952  62.717 0.0000000000
127990  30.061  -50.620  60.855 0.0000000000
34597  29.881  -49.956  59.460 0.0000000000
122699  39.351  -30.644  45.174 0.0000000000
51628  39.191  -31.231  41.919 0.0000000000
50651  36.905  -32.206  42.677 0.0000000000
32480  15.032  -51.485  64.954 0.0000000000
52575  45.537  -30.109  48.552 0.0000000000
52544  45.700  -30.711  51.564 0.0000000000
122480  42.841  -30.451  55.484 0.0000000000
52519  42.291  -30.778  53.610 0.0000000000
52510  39.590  -30.407  54.623 0.0000000000
50588  37.119  -31.839  52.875 0.0000000000
51493  37.713  -31.565  55.203 0.0000000000
46876  38.905  -36.818  58.435 0.0000000000
47865  41.461  -36.370  58.864 0.0000000000
45856  40.786  -38.073  56.746 0.0000000000
45871  41.433  -37.815  55.058 0.0000000000
45889  38.810  -37.859  54.717 0.0000000000
44907  37.927  -38.610  52.639 0.0000000000
45907  36.869  -37.218  53.236 0.0000000000
46994  32.457  -36.729  50.705 0.0000000000
40342  33.978  -43.037  58.751 0.0000000000
41354  33.517  -42.097  57.492 0.0000000000
40363  30.430  -43.006  56.929 0.0000000000
41404  25.745  -42.698  53.220 0.0000000000
60904  57.706  -21.574  39.951 0.0000000000
62716  54.188  -19.899  40.843 0.0000000000
35498  26.835  -48.797  64.567 0.0000000000
36516  26.558  -47.466  62.160 0.0000000000
35522  25.385  -48.535  63.673 0.0000000000
35524  23.669  -49.336  63.647 0.0000000000
34548  22.024  -50.192  63.914 0.0000000000
39266  26.652  -43.962  68.478 0.0000000000
38297  29.334  -45.753  66.219 0.0000000000
126908  26.900  -46.647  67.790 0.0000000000
34477  27.478  -49.238  66.635 0.0000000000
51518  47.111  -31.367  54.248 0.0000000000
130281  43.378  -29.456  57.743 0.0000000000
47781  38.537  -35.841  63.216 0.0000000000
46846  37.736  -36.278  60.649 0.0000000000
47889  36.258  -35.575  57.858 0.0000000000
46920  35.666  -36.018  55.039 0.0000000000
141850  33.790  -36.030  56.204 0.0000000000
45875  32.365  -37.647  55.424 0.0000000000
43164  31.672  -39.905  53.754 0.0000000000
39362  28.322  -45.192  58.776 0.0000000000
40356  28.080  -43.858  57.452 0.0000000000
38396  26.379  -45.762  56.692 0.0000000000
59953  51.262  -22.342  42.938 0.0000000000
61827  51.496  -20.423  41.815 0.0000000000
59963  49.321  -22.287  42.013 0.0000000000
35582  24.970  -47.744  59.268 0.0000000000
44784  31.474  -38.247  66.499 0.0000000000
43896  30.837  -38.968  63.238 0.0000000000
43921  30.785  -39.859  60.260 0.0000000000
43096  29.689  -41.041  61.668 0.0000000000
40316  32.717  -43.347  61.775 0.0000000000
39341  34.502  -44.423  61.119 0.0000000000
37435  32.051  -46.653  64.685 0.0000000000
37460  32.927  -46.830  62.173 0.0000000000
38359  30.475  -45.894  60.724 0.0000000000
141021  29.190  -47.749  59.051 0.0000000000
35595  28.699  -48.978  57.987 0.0000000000
54459  43.645  -28.754  44.593 0.0000000000
55468  41.884  -26.979  41.804 0.0000000000
54476  40.758  -28.902  42.181 0.0000000000
34501  21.519  -49.735  65.290 0.0000000000
33471  20.304  -50.248  64.099 0.0000000000
33450  18.604  -50.801  65.875 0.0000000000
34564  18.526  -49.593  62.543 0.0000000000
118965  52.214  -23.405  44.906 0.0000000000
58176  50.571  -24.156  45.395 0.0000000000
56410  47.899  -25.930  46.037 0.0000000000
55415  46.312  -28.092  46.395 0.0000000000
53535  44.783  -29.572  46.495 0.0000000000
52587  42.649  -30.128  47.493 0.0000000000
52581  39.898  -30.954  48.295 0.0000000000
139655  43.776  -31.211  52.535 0.0000000000
126101  40.874  -31.227  50.455 0.0000000000
123442  38.099  -31.651  49.038 0.0000000000
50601  35.912  -32.271  49.900 0.0000000000
47962  35.984  -34.952  50.122 0.0000000000
135788  40.118  -29.662  59.198 0.0000000000
49620  41.305  -34.310  61.419 0.0000000000
49632  39.406  -33.367  59.612 0.0000000000
49656  38.085  -32.588  57.405 0.0000000000
48815  38.208  -34.680  54.932 0.0000000000
46960  39.909  -37.224  52.906 0.0000000000
46964  34.779  -36.475  52.501 0.0000000000
43129  32.524  -40.429  57.783 0.0000000000
123246  32.883  -40.889  55.867 0.0000000000
42390  31.047  -41.285  52.862 0.0000000000
41371  27.860  -42.727  55.246 0.0000000000
42375  27.769  -41.731  53.350 0.0000000000
38313  23.560  -45.249  65.144 0.0000000000
38314  22.711  -44.881  64.895 0.0000000000
134500  32.637  -37.776  63.656 0.0000000000
45792  33.655  -37.305  64.606 0.0000000000
45808  33.685  -37.319  62.640 0.0000000000
45807  34.291  -36.885  62.383 0.0000000000
130085  32.941  -37.471  61.215 0.0000000000
129989  32.688  -37.444  60.266 0.0000000000
133997  32.253  -37.981  60.754 0.0000000000
57313  45.806  -25.913  43.918 0.0000000000
57332  45.950  -25.369  42.557 0.0000000000
57324  44.686  -25.973  43.051 0.0000000000
34582  28.669  -50.429  60.771 0.0000000000
34598  27.423  -50.342  59.955 0.0000000000
35567  27.617  -48.817  60.978 0.0000000000
121996  21.120  -48.375  61.309 0.0000000000
35570  21.236  -47.896  60.211 0.0000000000
35572  19.739  -48.622  60.477 0.0000000000
35584  19.558  -48.502  59.304 0.0000000000
34585  19.105  -49.100  60.939 0.0000000000
41240  27.931  -41.809  69.657 0.0000000000
42211  28.472  -41.618  68.341 0.0000000000
42210  28.746  -40.978  67.742 0.0000000000
42222  28.551  -41.950  67.243 0.0000000000
41267  28.503  -42.824  65.489 0.0000000000
40262  28.379  -43.274  66.207 0.0000000000
34559  29.128  -49.482  62.476 0.0000000000
34570  29.802  -50.240  62.105 0.0000000000
34571  29.148  -50.045  61.540 0.0000000000
33486  29.463  -50.653  60.742 0.0000000000
52601  37.852  -30.971  45.939 0.0000000000
52618  37.573  -30.766  44.148 0.0000000000
51603  36.475  -31.572  44.386 0.0000000000
52551  48.856  -30.426  51.252 0.0000000000
52552  47.273  -30.267  50.775 0.0000000000
52542  48.027  -30.558  51.734 0.0000000000
52482  41.002  -29.855  56.085 0.0000000000
52497  41.057  -30.161  55.382 0.0000000000
137910  39.661  -30.368  55.432 0.0000000000
51509  38.140  -31.046  54.804 0.0000000000
51492  38.260  -31.056  55.805 0.0000000000
46901  38.340  -37.061  56.843 0.0000000000
45846  40.181  -37.806  57.329 0.0000000000
45858  38.957  -37.551  56.325 0.0000000000
45872  39.750  -37.968  55.824 0.0000000000
45873  38.817  -37.622  55.546 0.0000000000
45890  37.831  -37.497  54.387 0.0000000000
46934  37.162  -36.939  54.892 0.0000000000
40333  31.974  -43.571  59.179 0.0000000000
119355  31.603  -43.255  57.784 0.0000000000
40345  31.120  -43.550  58.489 0.0000000000
61823  56.396  -21.563  42.083 0.0000000000
61805  54.993  -20.877  42.365 0.0000000000
34525  26.284  -49.167  65.020 0.0000000000
34545  25.775  -48.768  64.382 0.0000000000
34499  25.375  -48.985  65.003 0.0000000000
131661  23.799  -48.657  64.671 0.0000000000
34528  23.597  -49.574  64.095 0.0000000000
125213  23.090  -49.797  63.951 0.0000000000
34560  22.475  -49.803  63.763 0.0000000000
33459  22.290  -50.201  64.062 0.0000000000
39267  25.950  -44.307  68.695 0.0000000000
38287  27.182  -45.481  67.606 0.0000000000
38278  25.717  -45.144  68.471 0.0000000000
36467  25.898  -47.657  66.831 0.0000000000
35463  26.821  -48.377  67.315 0.0000000000
35472  26.589  -48.887  66.480 0.0000000000
137808  27.986  -49.399  65.397 0.0000000000
47754  35.497  -35.439  65.824 0.0000000000
124745  36.114  -34.275  65.798 0.0000000000
125013  37.199  -34.429  64.643 0.0000000000
48702  38.408  -34.979  63.694 0.0000000000
46778  37.248  -35.714  64.142 0.0000000000
141623  35.372  -36.117  60.594 0.0000000000
46829  37.072  -36.350  61.417 0.0000000000
47837  36.021  -35.828  60.230 0.0000000000
47868  37.486  -35.969  58.914 0.0000000000
47870  35.583  -35.496  58.474 0.0000000000
134113  35.188  -35.534  56.918 0.0000000000
47871  34.650  -35.527  58.179 0.0000000000
45849  32.611  -37.435  57.252 0.0000000000
46891  32.882  -37.065  56.690 0.0000000000
45860  32.413  -37.756  56.377 0.0000000000
125128  32.009  -38.368  54.841 0.0000000000
133032  31.853  -39.102  55.006 0.0000000000
37493  27.564  -46.564  58.084 0.0000000000
38380  27.291  -45.671  57.986 0.0000000000
37501  26.983  -46.372  57.304 0.0000000000
59942  50.871  -22.957  43.160 0.0000000000
59954  50.503  -22.575  42.684 0.0000000000
122674  49.409  -23.433  42.730 0.0000000000
59966  46.731  -23.058  41.123 0.0000000000
33529  28.432  -50.613  57.978 0.0000000000
32530  28.286  -51.365  58.317 0.0000000000
36517  25.475  -47.306  61.976 0.0000000000
35569  25.959  -47.730  60.317 0.0000000000
36565  24.516  -47.398  59.901 0.0000000000
36594  21.965  -47.766  57.827 0.0000000000
36593  23.091  -47.855  57.949 0.0000000000
43882  29.677  -39.598  65.986 0.0000000000
44785  30.826  -38.658  66.974 0.0000000000
44793  30.931  -38.681  66.035 0.0000000000
44801  30.940  -38.667  65.038 0.0000000000
43888  30.312  -39.230  64.525 0.0000000000
43907  30.453  -39.490  62.780 0.0000000000
43077  29.376  -40.731  63.372 0.0000000000
138665  30.651  -44.358  63.504 0.0000000000
41298  30.158  -43.096  61.955 0.0000000000
40302  33.411  -43.886  62.413 0.0000000000
40301  35.144  -43.979  61.693 0.0000000000
38345  34.657  -44.885  62.114 0.0000000000
36465  29.787  -47.758  66.370 0.0000000000
37420  30.741  -46.279  65.499 0.0000000000
35495  31.901  -48.486  64.946 0.0000000000
35555  31.584  -49.109  61.482 0.0000000000
35540  32.749  -48.727  62.722 0.0000000000
36534  31.661  -48.015  61.520 0.0000000000
37461  31.813  -46.855  61.632 0.0000000000
36552  30.275  -47.726  60.228 0.0000000000
37485  29.514  -46.893  59.799 0.0000000000
36561  30.210  -48.550  59.808 0.0000000000
32521  29.179  -51.048  59.329 0.0000000000
35594  29.227  -49.204  58.542 0.0000000000
34611  28.820  -49.916  58.343 0.0000000000
53546  42.611  -29.592  44.637 0.0000000000
54468  41.974  -29.025  43.132 0.0000000000
53551  41.633  -29.733  43.524 0.0000000000
51657  39.508  -31.521  40.138 0.0000000000
34480  20.436  -49.891  66.526 0.0000000000
33447  21.364  -50.272  64.977 0.0000000000
33448  20.577  -50.290  65.400 0.0000000000
32484  16.363  -50.832  64.834 0.0000000000
33464  17.732  -50.663  64.685 0.0000000000
121248  18.235  -50.350  64.268 0.0000000000
123870  17.229  -50.345  62.866 0.0000000000
33487  17.169  -49.945  61.816 0.0000000000
131352  16.621  -50.374  62.199 0.0000000000
59925  54.750  -23.038  44.902 0.0000000000
58163  52.024  -24.175  46.517 0.0000000000
58164  51.026  -24.524  46.527 0.0000000000
57297  49.198  -25.129  45.762 0.0000000000
57286  49.512  -25.509  46.605 0.0000000000
54427  48.378  -28.484  47.919 0.0000000000
55414  47.681  -27.367  46.830 0.0000000000
54429  46.985  -28.998  47.256 0.0000000000
54440  45.728  -28.840  46.258 0.0000000000
53534  45.635  -29.428  46.764 0.0000000000
125504  44.369  -30.413  49.235 0.0000000000
52586  43.609  -29.983  47.610 0.0000000000
120763  43.058  -30.439  48.836 0.0000000000
122367  41.164  -30.526  47.785 0.0000000000
52571  41.733  -30.742  49.344 0.0000000000
51505  45.787  -31.266  55.221 0.0000000000
51532  45.248  -31.344  53.307 0.0000000000
51520  44.522  -31.427  53.738 0.0000000000
51537  40.199  -30.856  52.040 0.0000000000
121277  41.875  -31.033  52.144 0.0000000000
123769  40.058  -31.190  51.191 0.0000000000
51573  39.724  -31.461  49.738 0.0000000000
51574  38.123  -31.355  49.876 0.0000000000
51576  36.528  -31.807  49.352 0.0000000000
51565  37.272  -31.438  50.577 0.0000000000
131109  36.559  -33.095  52.905 0.0000000000
49735  36.115  -33.188  51.818 0.0000000000
47953  36.748  -35.103  51.382 0.0000000000
47952  38.003  -36.043  51.823 0.0000000000
52445  40.056  -30.196  60.547 0.0000000000
47799  40.702  -35.386  62.278 0.0000000000
49602  41.017  -33.302  62.411 0.0000000000
48719  41.424  -34.875  61.656 0.0000000000
47866  41.216  -35.927  58.517 0.0000000000
48752  40.880  -34.977  59.741 0.0000000000
48766  39.897  -34.590  58.500 0.0000000000
49633  38.619  -33.025  58.853 0.0000000000
48779  38.809  -34.325  57.335 0.0000000000
49667  38.052  -33.765  56.196 0.0000000000
47902  39.153  -35.199  56.211 0.0000000000
44894  41.177  -38.967  53.888 0.0000000000
46947  40.266  -37.079  53.634 0.0000000000
45916  41.044  -38.925  53.601 0.0000000000
45932  39.959  -38.288  52.296 0.0000000000
43995  40.468  -39.910  53.123 0.0000000000
43996  40.301  -40.305  53.086 0.0000000000
44908  37.106  -38.379  52.334 0.0000000000
120178  37.245  -39.454  51.684 0.0000000000
46937  34.216  -35.870  54.069 0.0000000000
46936  35.301  -36.183  54.087 0.0000000000
46965  33.955  -36.272  52.494 0.0000000000
47008  32.864  -36.821  49.997 0.0000000000
42316  30.796  -40.586  59.958 0.0000000000
130550  31.174  -40.087  59.433 0.0000000000
42325  32.902  -41.034  58.277 0.0000000000
41367  31.613  -42.319  55.626 0.0000000000
42340  32.919  -41.459  56.429 0.0000000000
42347  32.017  -41.821  55.060 0.0000000000
42371  31.916  -41.223  53.824 0.0000000000
42359  30.808  -41.853  54.089 0.0000000000
40366  26.676  -43.871  55.935 0.0000000000
123989  28.544  -43.344  56.675 0.0000000000
138708  26.623  -43.461  55.376 0.0000000000
41402  27.295  -42.229  53.910 0.0000000000
42393  28.316  -41.455  52.579 0.0000000000
61841  50.118  -20.261  40.955 0.0000000000
62720  51.075  -20.041  41.122 0.0000000000
56467  42.256  -26.388  40.526 0.0000000000
36468  25.330  -46.855  66.261 0.0000000000
36477  24.831  -47.817  65.374 0.0000000000
37422  24.509  -46.690  65.391 0.0000000000
133740  23.115  -47.139  64.452 0.0000000000
36493  22.291  -47.294  64.603 0.0000000000
37409  25.175  -45.988  67.117 0.0000000000
45774  33.424  -36.964  66.442 0.0000000000
46732  33.973  -35.910  67.193 0.0000000000
130374  34.118  -36.769  65.782 0.0000000000
46781  34.953  -36.586  64.761 0.0000000000
127617  35.614  -36.565  64.057 0.0000000000
46799  36.211  -36.528  63.443 0.0000000000
122838  35.336  -36.721  63.272 0.0000000000
46831  34.616  -36.698  61.828 0.0000000000
135333  34.609  -36.220  60.416 0.0000000000
46878  34.024  -35.875  58.728 0.0000000000
45829  33.165  -36.960  59.760 0.0000000000
136960  32.525  -37.556  58.589 0.0000000000
45839  32.300  -37.995  57.872 0.0000000000
36599  27.259  -48.151  56.702 0.0000000000
36600  26.563  -47.650  56.327 0.0000000000
35628  26.340  -48.254  55.763 0.0000000000
58200  48.564  -24.482  43.548 0.0000000000
58208  48.276  -24.396  42.830 0.0000000000
58209  47.496  -24.638  42.627 0.0000000000
58211  45.878  -25.125  41.887 0.0000000000
32515  28.798  -51.277  59.593 0.0000000000
32523  28.082  -51.529  58.593 0.0000000000
33513  27.820  -51.048  59.621 0.0000000000
135624  27.076  -50.630  59.378 0.0000000000
34600  26.119  -49.112  59.170 0.0000000000
36541  22.560  -47.649  61.099 0.0000000000
36554  23.124  -47.356  60.400 0.0000000000
36555  22.232  -47.599  60.229 0.0000000000
36582  21.498  -47.592  58.403 0.0000000000
34627  18.775  -49.751  57.612 0.0000000000
43061  29.222  -40.326  67.275 0.0000000000
125944  29.337  -40.142  65.565 0.0000000000
42248  28.967  -41.442  63.756 0.0000000000
42249  28.761  -42.085  65.047 0.0000000000
128617  29.158  -43.495  63.784 0.0000000000
39327  31.123  -44.772  63.966 0.0000000000
34522  30.137  -49.756  64.363 0.0000000000
139160  31.799  -49.965  64.172 0.0000000000
33468  30.701  -50.238  63.223 0.0000000000
33495  31.006  -50.324  61.485 0.0000000000
34581  30.611  -50.010  60.519 0.0000000000
35578  30.093  -49.323  59.573 0.0000000000
33510  30.140  -50.500  60.380 0.0000000000
32508  29.262  -51.184  59.872 0.0000000000
52615  40.605  -30.489  44.503 0.0000000000
119188  40.345  -30.500  43.644 0.0000000000
120625  39.288  -30.590  43.575 0.0000000000
51629  38.384  -31.499  42.284 0.0000000000
125984  15.799  -51.205  65.218 0.0000000000
32485  15.581  -51.054  64.449 0.0000000000
32495  15.350  -51.275  62.645 0.0000000000
32491  14.769  -51.598  63.104 0.0000000000
53518  47.997  -29.668  49.294 0.0000000000
53526  46.837  -29.714  48.235 0.0000000000
52566  46.596  -30.013  49.826 0.0000000000
52567  45.697  -30.334  50.098 0.0000000000
52555  44.362  -30.608  50.666 0.0000000000
52495  43.976  -30.643  55.456 0.0000000000
51508  43.119  -30.803  54.008 0.0000000000
52507  42.495  -30.575  54.507 0.0000000000
142919  41.030  -30.540  53.952 0.0000000000
52534  39.434  -30.670  52.677 0.0000000000
121264  37.567  -31.286  52.501 0.0000000000
122205  37.944  -31.035  53.165 0.0000000000
124058  37.227  -31.898  54.042 0.0000000000
49696  36.998  -33.157  54.204 0.0000000000
46860  40.076  -37.098  59.545 0.0000000000
123864  41.069  -36.434  59.980 0.0000000000
45828  40.752  -37.388  58.835 0.0000000000
45844  41.307  -37.316  57.996 0.0000000000
46885  41.301  -36.816  57.206 0.0000000000
46900  40.627  -36.515  56.031 0.0000000000
45870  41.295  -37.855  55.881 0.0000000000
44883  41.082  -38.686  54.596 0.0000000000
44885  39.974  -38.746  54.293 0.0000000000
44906  39.080  -39.333  52.945 0.0000000000
44897  38.366  -38.401  53.190 0.0000000000
45919  37.417  -37.909  52.863 0.0000000000
45921  35.922  -37.296  52.276 0.0000000000
45922  32.195  -36.938  52.841 0.0000000000
46966  32.997  -36.420  52.492 0.0000000000
45938  31.835  -37.182  51.549 0.0000000000
132983  31.561  -37.565  50.093 0.0000000000
44975  31.274  -37.890  48.748 0.0000000000
42312  34.356  -42.478  59.338 0.0000000000
42324  33.830  -41.663  58.384 0.0000000000
41339  33.694  -42.558  58.258 0.0000000000
41348  32.408  -42.625  57.111 0.0000000000
41357  31.014  -42.641  56.311 0.0000000000
40390  26.313  -43.333  54.750 0.0000000000
40403  24.834  -43.776  53.061 0.0000000000
60894  57.704  -21.597  40.925 0.0000000000
61851  55.507  -20.322  40.135 0.0000000000
61852  54.585  -19.910  39.996 0.0000000000
35541  28.363  -48.623  62.759 0.0000000000
35558  27.172  -47.967  61.506 0.0000000000
36502  26.858  -47.903  62.889 0.0000000000
36503  26.011  -47.805  62.907 0.0000000000
35543  24.978  -48.059  63.040 0.0000000000
34527  24.501  -49.111  64.316 0.0000000000
35523  24.431  -49.004  63.692 0.0000000000
36539  23.720  -47.847  62.247 0.0000000000
35546  22.432  -48.993  62.887 0.0000000000
35547  21.412  -48.807  62.366 0.0000000000
34562  20.765  -49.374  62.835 0.0000000000
40256  27.715  -43.521  67.722 0.0000000000
119476  28.272  -43.813  66.926 0.0000000000
39279  27.866  -44.550  67.310 0.0000000000
37396  28.508  -47.132  66.977 0.0000000000
36466  28.960  -47.773  66.737 0.0000000000
36458  26.672  -47.653  67.693 0.0000000000
35461  27.626  -48.369  67.300 0.0000000000
34475  28.914  -49.330  65.742 0.0000000000
34523  28.757  -49.454  64.960 0.0000000000
35496  28.835  -49.087  64.217 0.0000000000
51593  35.701  -32.152  46.336 0.0000000000
50628  35.534  -32.684  44.372 0.0000000000
49768  34.551  -33.991  45.396 0.0000000000
51530  47.769  -30.959  53.653 0.0000000000
122653  45.515  -30.643  56.940 0.0000000000
52479  44.668  -30.476  57.041 0.0000000000
53452  42.458  -29.605  57.145 0.0000000000
53453  41.481  -29.510  57.352 0.0000000000
48701  39.321  -34.585  63.313 0.0000000000
46811  39.413  -36.260  62.254 0.0000000000
46812  37.796  -36.486  62.914 0.0000000000
119781  38.075  -36.478  61.683 0.0000000000
46845  38.759  -36.579  61.061 0.0000000000
140146  38.277  -36.416  58.946 0.0000000000
46877  38.069  -36.269  58.193 0.0000000000
46888  37.024  -36.132  56.691 0.0000000000
46919  36.543  -36.429  55.436 0.0000000000
46903  36.400  -36.075  56.186 0.0000000000
47914  35.072  -35.711  55.645 0.0000000000
120862  33.815  -36.055  54.862 0.0000000000
46889  33.882  -35.919  57.826 0.0000000000
46906  33.348  -36.512  56.456 0.0000000000
46939  32.682  -36.760  54.311 0.0000000000
45892  32.323  -37.497  54.549 0.0000000000
44899  31.616  -38.939  53.200 0.0000000000
43998  31.472  -40.063  52.899 0.0000000000
39361  29.045  -44.967  59.449 0.0000000000
40346  29.000  -43.741  58.130 0.0000000000
39372  28.204  -44.448  58.232 0.0000000000
39380  27.180  -44.240  57.257 0.0000000000
39403  26.062  -44.544  56.060 0.0000000000
37508  25.985  -46.207  56.299 0.0000000000
38404  25.279  -45.492  55.386 0.0000000000
60860  52.994  -22.003  43.345 0.0000000000
61807  52.899  -20.793  42.471 0.0000000000
60875  51.619  -21.692  42.717 0.0000000000
124317  50.371  -21.303  42.070 0.0000000000
60895  48.303  -21.176  40.926 0.0000000000
140998  47.726  -23.551  41.728 0.0000000000
59973  47.091  -22.258  40.919 0.0000000000
35568  26.820  -48.287  60.628 0.0000000000
35581  25.711  -48.189  59.543 0.0000000000
123535  25.161  -48.713  58.444 0.0000000000
36579  24.223  -47.468  59.036 0.0000000000
35607  24.035  -48.405  57.905 0.0000000000
45767  32.456  -37.172  67.462 0.0000000000
45785  32.140  -37.821  66.087 0.0000000000
44799  32.395  -37.841  64.431 0.0000000000
44812  31.611  -38.516  62.406 0.0000000000
44818  31.750  -38.414  61.412 0.0000000000
138023  30.579  -39.450  62.103 0.0000000000
43095  30.102  -40.685  61.117 0.0000000000
41325  30.615  -41.724  60.548 0.0000000000
42273  29.084  -41.662  62.813 0.0000000000
41313  30.639  -42.504  61.128 0.0000000000
41323  32.897  -42.389  60.418 0.0000000000
41309  35.091  -43.189  60.944 0.0000000000
39348  34.612  -44.011  60.371 0.0000000000
39359  31.678  -44.161  59.840 0.0000000000
38311  29.712  -45.250  65.541 0.0000000000
39318  30.913  -45.210  64.581 0.0000000000
38324  32.351  -46.079  64.034 0.0000000000
35518  32.840  -48.989  63.425 0.0000000000
36501  33.298  -47.693  63.433 0.0000000000
37449  34.149  -46.280  62.936 0.0000000000
38347  32.782  -45.885  61.675 0.0000000000
38357  32.012  -45.319  61.005 0.0000000000
38369  29.928  -45.252  60.143 0.0000000000
38370  29.224  -46.079  59.790 0.0000000000
36563  28.924  -47.061  59.300 0.0000000000
36578  28.051  -47.439  57.972 0.0000000000
35579  29.692  -49.301  59.069 0.0000000000
128122  28.902  -48.496  58.348 0.0000000000
36591  27.796  -47.954  57.303 0.0000000000
35606  27.658  -48.594  57.002 0.0000000000
55441  44.368  -27.614  44.636 0.0000000000
56434  43.473  -26.722  43.261 0.0000000000
138779  42.805  -27.449  43.429 0.0000000000
52650  40.094  -30.407  41.633 0.0000000000
53581  39.900  -29.858  40.301 0.0000000000
49777  36.152  -33.066  43.307 0.0000000000
38327  21.174  -45.450  64.451 0.0000000000
37437  21.651  -46.196  64.491 0.0000000000
36480  21.622  -48.072  65.043 0.0000000000
36481  20.690  -47.643  65.407 0.0000000000
35482  21.926  -49.107  65.051 0.0000000000
34530  22.012  -50.125  64.538 0.0000000000
33470  21.225  -50.157  64.149 0.0000000000
34563  19.868  -49.478  62.660 0.0000000000
33439  19.663  -50.565  66.726 0.0000000000
33462  19.832  -50.339  65.013 0.0000000000
34551  19.410  -49.800  63.334 0.0000000000
128361  19.142  -49.394  62.390 0.0000000000
34586  18.358  -49.341  60.470 0.0000000000
59937  55.892  -22.529  44.065 0.0000000000
59939  53.588  -22.444  43.839 0.0000000000
59928  52.327  -22.938  44.273 0.0000000000
59062  50.748  -23.695  44.342 0.0000000000
58162  53.086  -23.929  46.520 0.0000000000
59050  51.394  -23.663  45.108 0.0000000000
58188  50.094  -24.177  44.543 0.0000000000
58178  48.873  -24.858  44.962 0.0000000000
57299  47.732  -25.602  45.193 0.0000000000
56412  46.548  -26.496  45.296 0.0000000000
56397  48.258  -26.594  46.718 0.0000000000
56399  46.837  -26.749  45.944 0.0000000000
142711  45.515  -27.457  45.418 0.0000000000
55429  44.870  -27.997  45.313 0.0000000000
54451  44.074  -29.185  45.066 0.0000000000
53542  42.910  -29.824  45.319 0.0000000000
53532  45.069  -29.801  47.170 0.0000000000
52595  43.400  -29.900  46.774 0.0000000000
52606  41.621  -30.158  45.600 0.0000000000
52597  41.098  -30.352  46.316 0.0000000000
52599  39.375  -30.609  46.675 0.0000000000
52591  38.831  -30.896  47.288 0.0000000000
52532  46.312  -30.973  52.375 0.0000000000
51545  45.193  -31.124  52.310 0.0000000000
52546  43.823  -30.824  51.277 0.0000000000
51522  42.817  -31.151  53.150 0.0000000000
51548  42.264  -30.952  51.553 0.0000000000
51570  42.043  -30.825  50.143 0.0000000000
51572  40.554  -31.256  49.827 0.0000000000
51579  39.436  -31.419  48.841 0.0000000000
134004  37.745  -31.547  47.647 0.0000000000
51587  36.468  -32.003  47.726 0.0000000000
50610  35.103  -32.844  48.670 0.0000000000
51554  36.536  -31.875  51.236 0.0000000000
49745  35.536  -33.651  50.230 0.0000000000
53444  41.208  -29.230  58.165 0.0000000000
53455  39.730  -30.027  57.942 0.0000000000
51450  40.839  -31.698  61.842 0.0000000000
48751  41.253  -35.492  60.174 0.0000000000
124985  40.474  -33.073  61.007 0.0000000000
51456  39.505  -31.589  60.517 0.0000000000
51461  39.032  -31.574  59.769 0.0000000000
52454  38.738  -31.032  58.617 0.0000000000
142662  38.667  -30.807  57.401 0.0000000000
137679  37.676  -32.331  56.209 0.0000000000
48805  37.695  -33.864  55.401 0.0000000000
48823  38.036  -34.886  54.073 0.0000000000
47921  39.677  -36.283  54.636 0.0000000000
47930  39.438  -36.310  53.987 0.0000000000
47940  38.511  -36.192  52.445 0.0000000000
135957  38.735  -37.063  51.604 0.0000000000
44924  37.800  -39.271  52.299 0.0000000000
44012  38.017  -39.979  52.096 0.0000000000
46935  36.327  -36.465  54.515 0.0000000000
46963  35.469  -36.760  52.580 0.0000000000
46977  35.190  -36.764  51.936 0.0000000000
138004  33.584  -36.493  51.359 0.0000000000
46992  34.033  -36.732  50.942 0.0000000000
43928  31.276  -39.301  59.813 0.0000000000
43938  31.578  -39.374  58.832 0.0000000000
43948  32.357  -39.748  57.451 0.0000000000
43128  33.300  -41.215  57.733 0.0000000000
43149  32.897  -40.805  56.521 0.0000000000
128152  32.638  -40.219  55.945 0.0000000000
43163  32.129  -40.752  54.142 0.0000000000
43173  31.684  -40.724  53.439 0.0000000000
43188  30.991  -41.048  52.174 0.0000000000
40355  29.757  -43.333  57.504 0.0000000000
41359  29.107  -42.917  56.067 0.0000000000
41369  29.638  -42.513  55.445 0.0000000000
41390  26.761  -42.717  54.361 0.0000000000
41388  28.422  -42.404  54.669 0.0000000000
41400  28.911  -42.116  54.137 0.0000000000
136187  29.774  -41.653  53.074 0.0000000000
42391  30.331  -41.407  52.432 0.0000000000
61825  53.258  -20.218  41.914 0.0000000000
62733  52.449  -19.520  40.582 0.0000000000
61854  52.930  -20.107  39.057 0.0000000000
56446  43.504  -26.334  42.416 0.0000000000
45809  32.913  -37.719  62.884 0.0000000000
45817  33.031  -37.601  62.049 0.0000000000
44817  32.451  -37.877  61.553 0.0000000000
56432  45.009  -26.215  43.737 0.0000000000
34572  28.311  -49.521  61.297 0.0000000000
34583  27.833  -49.997  60.583 0.0000000000
35561  20.259  -48.622  61.324 0.0000000000
35571  20.545  -48.347  60.638 0.0000000000
35562  19.592  -48.903  61.338 0.0000000000
41248  28.144  -42.082  68.924 0.0000000000
138120  28.267  -42.283  68.088 0.0000000000
41262  28.410  -42.603  66.386 0.0000000000
125513  37.250  -31.152  45.443 0.0000000000
51597  37.053  -31.136  44.709 0.0000000000
51598  36.523  -31.533  45.337 0.0000000000
52530  48.380  -30.594  52.936 0.0000000000
52498  40.359  -30.132  55.705 0.0000000000
143675  39.767  -30.253  55.999 0.0000000000
122845  39.063  -30.531  55.982 0.0000000000
52483  39.437  -30.315  56.600 0.0000000000
45847  39.246  -37.516  57.121 0.0000000000
45874  37.899  -37.381  55.224 0.0000000000
46918  37.333  -36.886  55.538 0.0000000000
40334  31.124  -43.872  59.275 0.0000000000
119110  29.985  -43.494  58.382 0.0000000000
141910  55.832  -21.899  42.958 0.0000000000
35479  26.015  -49.008  65.694 0.0000000000
137337  25.977  -49.133  65.220 0.0000000000
35480  25.426  -48.591  65.500 0.0000000000
36492  23.126  -48.309  64.678 0.0000000000
35500  23.374  -49.300  64.517 0.0000000000
34529  22.698  -49.803  64.249 0.0000000000
131102  25.228  -43.712  69.982 0.0000000000
38279  25.160  -45.329  68.523 0.0000000000
35473  25.967  -48.454  66.286 0.0000000000
35464  26.367  -48.180  66.912 0.0000000000
34498  26.673  -49.360  65.724 0.0000000000
47765  36.011  -35.774  65.145 0.0000000000
48683  36.276  -35.051  65.415 0.0000000000
48682  36.666  -34.187  65.225 0.0000000000
48693  36.909  -34.965  64.708 0.0000000000
48692  37.629  -35.020  64.276 0.0000000000
46864  35.188  -35.752  59.909 0.0000000000
47850  35.873  -35.591  59.368 0.0000000000
125018  32.224  -38.065  57.076 0.0000000000
44870  32.178  -38.639  55.681 0.0000000000
59079  50.159  -23.196  42.912 0.0000000000
36537  25.133  -47.274  60.818 0.0000000000
36553  24.059  -47.274  60.582 0.0000000000
35608  22.449  -48.471  57.272 0.0000000000
43873  30.351  -39.199  66.498 0.0000000000
43881  30.326  -39.168  65.519 0.0000000000
43898  29.602  -39.947  64.049 0.0000000000
39336  31.495  -44.445  63.194 0.0000000000
40303  32.039  -43.852  62.518 0.0000000000
39335  32.715  -44.405  63.048 0.0000000000
140871  33.838  -44.407  62.834 0.0000000000
39324  34.294  -44.739  62.759 0.0000000000
36464  30.428  -47.709  65.955 0.0000000000
35478  30.991  -48.256  65.503 0.0000000000
35565  30.973  -49.288  60.737 0.0000000000
36535  31.171  -48.481  60.995 0.0000000000
37462  30.872  -47.506  61.053 0.0000000000
33521  28.848  -50.893  58.704 0.0000000000
53547  41.900  -29.912  44.331 0.0000000000
52624  41.225  -30.388  43.948 0.0000000000
35474  20.381  -49.253  66.460 0.0000000000
33438  20.289  -50.326  66.290 0.0000000000
33465  16.920  -50.700  64.352 0.0000000000
32483  17.177  -50.885  65.133 0.0000000000
33472  17.498  -50.441  63.860 0.0000000000
33480  16.489  -50.576  62.776 0.0000000000
59031  55.278  -23.149  46.177 0.0000000000
120834  52.046  -25.152  47.808 0.0000000000
119193  51.903  -24.620  47.266 0.0000000000
57285  50.365  -25.236  46.986 0.0000000000
54428  47.624  -28.699  47.582 0.0000000000
54439  46.420  -28.956  46.763 0.0000000000
53530  46.431  -29.445  47.410 0.0000000000
52578  42.324  -30.464  48.531 0.0000000000
52570  42.569  -30.576  49.466 0.0000000000
51519  45.472  -31.432  54.280 0.0000000000
51506  44.921  -31.175  54.750 0.0000000000
51551  39.100  -31.105  50.983 0.0000000000
120607  39.653  -31.367  50.503 0.0000000000
51564  38.171  -31.165  50.773 0.0000000000
48825  36.814  -33.669  53.232 0.0000000000
48839  36.547  -33.716  52.449 0.0000000000
48850  36.981  -34.779  52.128 0.0000000000
140196  37.424  -35.449  51.758 0.0000000000
53426  40.838  -29.440  61.023 0.0000000000
47821  40.319  -35.993  61.908 0.0000000000
48720  41.305  -34.983  62.094 0.0000000000
47820  41.221  -35.458  61.517 0.0000000000
47886  40.903  -36.125  57.605 0.0000000000
47867  40.377  -35.379  58.149 0.0000000000
47887  39.587  -34.803  57.806 0.0000000000
48767  39.002  -34.119  58.074 0.0000000000
48791  39.347  -35.041  57.035 0.0000000000
47901  40.081  -35.876  56.729 0.0000000000
44905  40.673  -39.132  52.915 0.0000000000
43983  40.569  -39.647  53.254 0.0000000000
44925  36.870  -38.760  51.812 0.0000000000
46951  33.639  -36.215  53.333 0.0000000000
42300  31.158  -41.360  59.853 0.0000000000
135648  31.286  -40.784  59.337 0.0000000000
42315  31.900  -41.218  58.967 0.0000000000
41366  32.448  -41.977  55.900 0.0000000000
41385  31.229  -42.126  54.827 0.0000000000
42358  31.723  -41.694  54.228 0.0000000000
40379  27.303  -43.247  55.711 0.0000000000
61842  49.320  -20.317  40.378 0.0000000000
139600  24.770  -46.133  66.233 0.0000000000
38326  22.954  -45.620  64.572 0.0000000000
37423  23.604  -46.300  64.700 0.0000000000
122681  23.998  -44.951  66.287 0.0000000000
38299  24.535  -45.527  66.834 0.0000000000
46762  33.991  -36.668  66.260 0.0000000000
45783  33.642  -37.114  65.611 0.0000000000
45791  34.362  -37.147  64.183 0.0000000000
45782  34.210  -36.869  65.139 0.0000000000
46780  35.688  -36.256  64.771 0.0000000000
45816  33.734  -37.079  61.717 0.0000000000
46832  34.185  -36.664  61.034 0.0000000000
46850  33.802  -36.442  60.149 0.0000000000
45830  32.542  -37.509  59.337 0.0000000000
44829  32.013  -38.267  58.813 0.0000000000
35616  26.842  -48.392  56.254 0.0000000000
58201  47.810  -24.828  43.517 0.0000000000
58202  47.120  -25.056  43.097 0.0000000000
57333  45.131  -25.491  42.379 0.0000000000
57350  45.082  -25.197  41.595 0.0000000000
57351  44.406  -25.418  41.243 0.0000000000
33512  28.469  -51.207  59.737 0.0000000000
32516  28.317  -51.348  59.235 0.0000000000
34584  27.171  -49.359  60.224 0.0000000000
34612  26.367  -50.073  58.990 0.0000000000
127761  21.806  -47.956  60.908 0.0000000000
129761  20.372  -48.167  59.798 0.0000000000
36569  20.983  -47.731  59.096 0.0000000000
36583  20.834  -47.734  58.283 0.0000000000
35599  20.405  -48.116  57.908 0.0000000000
35611  20.056  -48.694  57.490 0.0000000000
35600  19.543  -48.590  58.169 0.0000000000
34615  18.831  -48.945  58.789 0.0000000000
34616  18.316  -49.696  58.365 0.0000000000
43860  29.655  -39.734  69.006 0.0000000000
43066  29.177  -40.204  66.347 0.0000000000
42235  28.821  -40.940  65.595 0.0000000000
40283  28.795  -43.440  64.641 0.0000000000
40282  29.356  -43.992  64.291 0.0000000000
39328  30.073  -44.166  64.009 0.0000000000
39319  29.845  -44.372  64.449 0.0000000000
34543  30.185  -49.900  63.506 0.0000000000
33458  30.611  -50.068  63.903 0.0000000000
33485  29.884  -50.534  61.343 0.0000000000
139013  30.484  -50.441  61.691 0.0000000000
33496  30.607  -50.453  60.987 0.0000000000
33498  28.985  -51.223  60.166 0.0000000000
33497  29.611  -50.870  60.262 0.0000000000
122210  40.071  -30.617  45.034 0.0000000000
52616  39.723  -30.587  44.365 0.0000000000
52617  38.576  -30.594  44.423 0.0000000000
51615  37.376  -31.275  43.410 0.0000000000
51614  38.072  -31.184  42.905 0.0000000000
51630  37.479  -31.758  42.565 0.0000000000
51644  37.980  -32.027  42.020 0.0000000000
50650  37.439  -32.528  42.177 0.0000000000
32490  15.446  -51.127  63.575 0.0000000000
32486  14.728  -51.478  64.052 0.0000000000
53519  47.228  -29.870  49.054 0.0000000000
52565  47.837  -29.976  49.981 0.0000000000
52543  46.788  -30.569  51.619 0.0000000000
52553  46.192  -30.378  50.773 0.0000000000
52554  45.239  -30.515  50.745 0.0000000000
52506  43.301  -30.675  54.805 0.0000000000
131248  40.356  -30.340  55.014 0.0000000000
133632  41.033  -30.376  54.632 0.0000000000
52509  40.379  -30.397  54.202 0.0000000000
52522  39.660  -30.484  53.607 0.0000000000
52523  38.699  -30.736  53.358 0.0000000000
52511  38.759  -30.635  54.256 0.0000000000
51510  37.605  -31.514  54.360 0.0000000000
49697  37.043  -32.475  54.153 0.0000000000
50569  37.295  -32.030  54.705 0.0000000000
46875  39.785  -37.298  58.704 0.0000000000
45835  41.078  -37.466  58.224 0.0000000000
45845  41.007  -37.720  57.480 0.0000000000
46884  41.429  -37.094  57.668 0.0000000000
45855  41.192  -37.852  56.706 0.0000000000
46898  41.319  -37.404  56.694 0.0000000000
44867  41.090  -38.091  55.983 0.0000000000
45888  39.706  -38.177  55.042 0.0000000000
44869  40.490  -38.414  55.254 0.0000000000
44884  40.520  -38.679  54.625 0.0000000000
132668  40.937  -39.048  54.183 0.0000000000
44896  39.640  -39.045  53.574 0.0000000000
45905  38.676  -38.140  53.886 0.0000000000
45891  36.987  -37.065  54.046 0.0000000000
45906  37.681  -37.636  53.544 0.0000000000
45920  36.655  -37.609  52.573 0.0000000000
45909  31.763  -37.758  53.060 0.0000000000
45923  31.812  -37.446  52.209 0.0000000000
44942  31.316  -37.949  50.489 0.0000000000
44959  31.267  -37.941  49.648 0.0000000000
135606  30.916  -38.405  49.212 0.0000000000
40330  34.464  -43.103  59.505 0.0000000000
40341  34.181  -42.485  58.712 0.0000000000
40353  32.320  -42.951  57.655 0.0000000000
41349  31.496  -42.876  57.140 0.0000000000
61824  55.101  -20.455  41.487 0.0000000000
61839  55.951  -20.619  40.997 0.0000000000
61840  55.056  -20.152  40.666 0.0000000000
35520  27.629  -48.279  63.496 0.0000000000
35521  26.454  -48.272  63.680 0.0000000000
35481  24.792  -48.827  64.866 0.0000000000
34547  23.968  -49.492  63.929 0.0000000000
35544  24.065  -48.405  63.058 0.0000000000
35545  23.265  -48.685  62.968 0.0000000000
35525  23.018  -49.424  63.533 0.0000000000
34561  21.726  -49.464  63.281 0.0000000000
40249  26.488  -43.422  69.126 0.0000000000
41242  26.914  -42.317  70.234 0.0000000000
40239  27.107  -42.650  69.614 0.0000000000
40248  27.275  -43.164  68.704 0.0000000000
39280  27.193  -44.235  67.984 0.0000000000
126105  27.816  -46.594  67.334 0.0000000000
36456  28.146  -47.838  67.204 0.0000000000
37393  25.566  -46.295  68.081 0.0000000000
37392  25.686  -46.164  68.242 0.0000000000
36451  26.000  -46.993  68.019 0.0000000000
34478  27.065  -48.983  66.844 0.0000000000
34463  27.326  -48.699  67.167 0.0000000000
34462  27.800  -48.928  66.929 0.0000000000
34476  28.208  -49.337  66.336 0.0000000000
34496  28.391  -49.414  65.606 0.0000000000
34524  27.188  -49.335  65.285 0.0000000000
35497  28.077  -48.838  64.516 0.0000000000
35519  28.416  -48.664  63.680 0.0000000000
50624  34.748  -33.132  45.627 0.0000000000
52468  45.319  -30.099  57.539 0.0000000000
53442  44.168  -29.244  58.276 0.0000000000
52470  43.628  -30.060  57.079 0.0000000000
53443  42.217  -29.192  57.892 0.0000000000
47747  34.462  -35.496  66.880 0.0000000000
47780  39.186  -35.410  63.002 0.0000000000
47800  39.802  -35.760  62.494 0.0000000000
47801  39.109  -36.037  62.724 0.0000000000
46813  36.844  -36.487  62.856 0.0000000000
46847  36.763  -36.115  60.634 0.0000000000
138163  38.601  -36.532  60.294 0.0000000000
46862  38.006  -36.171  59.704 0.0000000000
47888  37.202  -35.797  58.041 0.0000000000
46887  37.691  -36.363  57.325 0.0000000000
139151  36.909  -35.783  57.338 0.0000000000
47903  36.122  -35.590  56.959 0.0000000000
47905  34.542  -35.661  56.406 0.0000000000
46921  34.183  -35.856  55.578 0.0000000000
46879  33.393  -36.474  58.354 0.0000000000
46890  33.249  -36.641  57.373 0.0000000000
46907  32.790  -37.004  55.960 0.0000000000
46922  33.350  -36.375  55.586 0.0000000000
46923  32.652  -36.847  55.116 0.0000000000
44886  31.675  -39.043  54.272 0.0000000000
44898  31.945  -38.138  53.947 0.0000000000
129714  28.778  -44.380  58.728 0.0000000000
39381  26.781  -45.125  57.274 0.0000000000
137520  26.292  -45.017  56.583 0.0000000000
39392  26.659  -44.357  56.669 0.0000000000
37513  26.052  -46.931  56.146 0.0000000000
129393  24.869  -46.032  54.941 0.0000000000
60861  52.058  -22.095  43.229 0.0000000000
60874  52.475  -21.548  42.863 0.0000000000
60877  50.056  -22.063  42.297 0.0000000000
60888  49.643  -21.498  41.753 0.0000000000
125714  48.809  -21.647  41.520 0.0000000000
59080  47.815  -23.994  42.165 0.0000000000
59091  47.140  -23.780  41.578 0.0000000000
33514  27.624  -51.300  59.013 0.0000000000
32524  27.586  -51.634  58.270 0.0000000000
36536  26.191  -47.433  61.262 0.0000000000
36564  25.226  -47.556  59.984 0.0000000000
35596  25.415  -48.482  58.833 0.0000000000
36567  22.798  -47.401  59.492 0.0000000000
36566  23.692  -47.346  59.689 0.0000000000
36580  23.385  -47.449  58.838 0.0000000000
124923  23.360  -48.761  57.317 0.0000000000
35598  23.886  -47.760  58.448 0.0000000000
44769  30.676  -38.521  68.813 0.0000000000
44776  31.317  -38.119  67.433 0.0000000000
45768  31.739  -37.511  67.887 0.0000000000
45776  31.917  -37.635  66.950 0.0000000000
45775  32.656  -37.329  66.639 0.0000000000
44807  31.042  -38.682  63.999 0.0000000000
44800  31.717  -38.311  64.691 0.0000000000
130354  31.868  -38.177  63.826 0.0000000000
44806  31.436  -38.578  63.195 0.0000000000
43906  30.959  -38.940  62.608 0.0000000000
43085  30.017  -40.140  62.039 0.0000000000
42301  30.443  -41.115  60.461 0.0000000000
42287  29.950  -41.628  61.118 0.0000000000
41286  28.895  -42.522  63.432 0.0000000000
41299  29.369  -42.616  62.425 0.0000000000
40317  31.241  -43.348  61.747 0.0000000000
41312  32.077  -42.797  61.081 0.0000000000
131977  34.183  -42.559  60.656 0.0000000000
41310  34.788  -42.924  61.084 0.0000000000
39340  34.995  -44.231  61.629 0.0000000000
39347  35.203  -43.985  60.960 0.0000000000
140077  33.586  -44.438  60.526 0.0000000000
39358  33.112  -43.933  59.809 0.0000000000
39349  32.380  -44.586  60.468 0.0000000000
39292  28.498  -44.723  66.703 0.0000000000
39291  29.071  -44.922  66.082 0.0000000000
37419  31.377  -46.440  65.172 0.0000000000
38309  31.044  -45.791  65.011 0.0000000000
38325  31.609  -45.739  64.616 0.0000000000
37434  32.751  -46.914  64.056 0.0000000000
34542  31.917  -50.085  63.573 0.0000000000
34519  32.452  -49.652  64.005 0.0000000000
34541  32.373  -49.638  63.353 0.0000000000
36515  33.015  -47.736  62.576 0.0000000000
35517  33.214  -48.162  63.120 0.0000000000
36500  33.546  -47.129  63.039 0.0000000000
37450  33.528  -46.808  62.695 0.0000000000
37459  33.784  -46.111  62.384 0.0000000000
37474  30.931  -46.411  61.208 0.0000000000
38348  31.652  -45.996  61.348 0.0000000000
38358  31.154  -45.659  61.032 0.0000000000
39350  31.107  -44.942  60.506 0.0000000000
38360  29.796  -46.336  60.332 0.0000000000
36562  29.649  -47.770  59.555 0.0000000000
37492  28.232  -46.831  58.641 0.0000000000
36577  28.749  -47.765  58.543 0.0000000000
36590  28.455  -48.203  57.862 0.0000000000
35605  28.161  -48.730  57.435 0.0000000000
55442  43.781  -27.993  44.498 0.0000000000
55452  43.770  -27.310  43.965 0.0000000000
54466  43.193  -28.091  44.149 0.0000000000
54475  41.386  -28.512  42.539 0.0000000000
54482  40.882  -28.053  41.902 0.0000000000
52626  39.906  -30.599  42.911 0.0000000000
125914  40.441  -30.299  42.970 0.0000000000
52638  39.771  -30.789  42.211 0.0000000000
52664  39.741  -30.683  40.249 0.0000000000
53594  40.033  -30.151  39.676 0.0000000000
136302  35.526  -33.393  43.980 0.0000000000
50639  35.856  -32.645  43.734 0.0000000000
48910  36.083  -33.901  43.470 0.0000000000
39320  21.154  -44.817  64.491 0.0000000000
37438  20.815  -45.876  64.571 0.0000000000
37424  21.242  -46.918  64.797 0.0000000000
35483  21.058  -48.858  65.713 0.0000000000
33461  20.939  -50.265  64.555 0.0000000000
34550  20.530  -49.845  63.617 0.0000000000
32477  18.438  -50.898  66.645 0.0000000000
33440  19.244  -50.714  66.390 0.0000000000
143258  19.361  -50.656  65.784 0.0000000000
33463  18.709  -50.553  65.027 0.0000000000
33478  18.233  -50.020  63.428 0.0000000000
120870  19.158  -50.219  64.194 0.0000000000
34575  18.670  -49.388  61.529 0.0000000000
34565  17.965  -49.581  61.922 0.0000000000
33500  16.811  -50.045  60.605 0.0000000000
33481  15.864  -50.743  62.103 0.0000000000
59938  54.732  -22.458  44.171 0.0000000000
59059  53.814  -23.247  45.083 0.0000000000
59927  53.177  -22.793  44.364 0.0000000000
59060  52.911  -23.212  44.797 0.0000000000
59061  51.572  -23.318  44.263 0.0000000000
59032  54.624  -23.519  46.522 0.0000000000
59033  54.133  -23.974  47.017 0.0000000000
58175  51.403  -24.033  45.854 0.0000000000
58177  49.641  -24.518  45.195 0.0000000000
58189  49.356  -24.405  44.083 0.0000000000
57298  48.464  -25.411  45.508 0.0000000000
57300  46.975  -25.793  44.726 0.0000000000
56411  47.226  -26.184  45.593 0.0000000000
56396  49.073  -26.292  47.054 0.0000000000
56387  48.736  -26.949  47.320 0.0000000000
136313  46.917  -27.355  46.399 0.0000000000
55427  46.238  -27.298  45.760 0.0000000000
55428  45.624  -28.100  45.832 0.0000000000
53539  45.177  -29.262  46.161 0.0000000000
53540  44.521  -29.375  45.737 0.0000000000
53541  43.679  -29.652  45.536 0.0000000000
53536  44.008  -29.791  46.194 0.0000000000
53527  45.994  -29.778  48.046 0.0000000000
52584  45.272  -29.917  47.863 0.0000000000
52596  42.585  -30.109  46.487 0.0000000000
122488  41.896  -30.146  46.232 0.0000000000
52588  41.740  -30.277  47.030 0.0000000000
52589  40.416  -30.647  47.670 0.0000000000
52590  39.635  -30.745  47.496 0.0000000000
51531  46.831  -31.203  53.273 0.0000000000
51533  44.437  -31.277  52.819 0.0000000000
51546  44.158  -30.968  52.032 0.0000000000
51549  41.420  -31.027  51.601 0.0000000000
51562  41.565  -31.025  50.827 0.0000000000
51561  42.315  -30.802  50.815 0.0000000000
51571  41.278  -30.987  49.995 0.0000000000
122368  38.874  -31.545  49.346 0.0000000000
51580  38.682  -31.542  48.551 0.0000000000
51585  38.417  -31.436  47.808 0.0000000000
123811  37.936  -31.622  48.282 0.0000000000
51586  37.218  -31.781  47.974 0.0000000000
51581  37.246  -31.630  48.784 0.0000000000
50605  35.827  -32.308  49.038 0.0000000000
50606  35.373  -32.852  49.500 0.0000000000
49753  34.683  -33.486  48.580 0.0000000000
49748  35.246  -33.467  49.686 0.0000000000
51540  36.884  -31.822  52.157 0.0000000000
120260  36.426  -32.468  51.940 0.0000000000
48865  36.181  -34.597  50.846 0.0000000000
48852  35.784  -33.565  50.986 0.0000000000
48866  35.705  -34.193  50.407 0.0000000000
48872  35.365  -34.290  49.701 0.0000000000
53430  40.964  -28.909  59.097 0.0000000000
53445  40.290  -29.604  58.479 0.0000000000
49611  41.167  -33.440  61.969 0.0000000000
50502  41.049  -32.722  62.252 0.0000000000
50503  41.035  -32.598  61.908 0.0000000000
49612  40.903  -33.326  61.462 0.0000000000
47848  41.357  -36.108  59.631 0.0000000000
46843  41.256  -35.748  60.507 0.0000000000
48753  40.130  -34.349  59.246 0.0000000000
49631  40.391  -34.116  60.103 0.0000000000
49622  40.019  -33.228  60.454 0.0000000000
50511  39.952  -32.415  60.855 0.0000000000
50518  39.350  -32.447  60.160 0.0000000000
130231  38.311  -32.771  58.084 0.0000000000
50527  38.429  -32.180  58.572 0.0000000000
51468  38.527  -31.470  58.207 0.0000000000
52462  38.721  -30.830  57.982 0.0000000000
51474  38.410  -31.293  57.358 0.0000000000
51480  38.186  -31.354  56.569 0.0000000000
50545  37.912  -31.984  56.885 0.0000000000
48804  38.442  -34.546  55.771 0.0000000000
48816  37.396  -33.937  54.457 0.0000000000
46916  41.223  -37.179  55.504 0.0000000000
46917  40.350  -36.577  55.177 0.0000000000
127776  41.182  -37.328  54.845 0.0000000000
46948  39.171  -36.387  53.124 0.0000000000
46961  39.183  -36.706  52.469 0.0000000000
47951  38.669  -36.632  51.954 0.0000000000
45918  39.439  -37.355  52.194 0.0000000000
44923  39.917  -38.855  52.028 0.0000000000
44013  37.175  -39.946  51.427 0.0000000000
120189  35.374  -36.542  53.194 0.0000000000
122910  32.877  -36.472  51.479 0.0000000000
45976  33.374  -37.293  49.431 0.0000000000
45956  33.699  -36.997  50.194 0.0000000000
45975  34.230  -37.617  49.689 0.0000000000
43920  31.176  -39.178  60.803 0.0000000000
42326  31.762  -40.435  58.615 0.0000000000
134043  32.049  -39.768  58.094 0.0000000000
43937  31.976  -38.956  58.011 0.0000000000
42333  33.778  -41.801  57.775 0.0000000000
42339  33.270  -41.769  57.187 0.0000000000
42346  32.539  -41.360  55.472 0.0000000000
43155  32.410  -40.628  55.135 0.0000000000
42372  31.306  -41.479  53.555 0.0000000000
140040  31.476  -41.135  53.277 0.0000000000
43187  31.348  -40.835  52.762 0.0000000000
135641  28.982  -43.491  57.257 0.0000000000
40378  28.142  -43.002  55.979 0.0000000000
41370  28.726  -42.617  55.362 0.0000000000
40401  26.035  -43.092  53.991 0.0000000000
41401  28.138  -42.009  54.084 0.0000000000
42360  29.757  -41.866  53.940 0.0000000000
42374  28.875  -41.794  53.376 0.0000000000
42407  28.760  -41.090  51.861 0.0000000000
42392  29.328  -41.476  52.492 0.0000000000
42406  29.760  -41.216  51.790 0.0000000000
60903  58.115  -21.500  39.620 0.0000000000
61808  51.968  -20.938  42.396 0.0000000000
61826  52.382  -20.319  41.857 0.0000000000
62734  51.592  -19.635  40.484 0.0000000000
62745  52.200  -19.655  39.722 0.0000000000
62744  53.024  -19.541  39.925 0.0000000000
56435  42.870  -26.803  42.845 0.0000000000
56447  42.643  -26.632  42.132 0.0000000000
45800  33.020  -37.582  64.246 0.0000000000
45799  33.567  -37.447  63.614 0.0000000000
45798  34.454  -36.989  63.185 0.0000000000
57312  46.468  -25.693  44.084 0.0000000000
57322  46.378  -25.438  43.272 0.0000000000
57323  45.472  -25.684  43.172 0.0000000000
57334  44.315  -25.881  42.411 0.0000000000
34601  18.900  -48.881  59.905 0.0000000000
43048  28.645  -40.972  69.422 0.0000000000
137738  29.258  -40.453  68.877 0.0000000000
42201  28.797  -41.024  68.689 0.0000000000
42236  28.578  -41.911  66.046 0.0000000000
40271  28.712  -43.685  65.402 0.0000000000
34558  29.782  -49.734  63.001 0.0000000000
52609  38.553  -30.731  45.492 0.0000000000
52610  37.774  -30.832  45.010 0.0000000000
51602  36.961  -31.201  44.051 0.0000000000
51616  36.621  -31.648  43.661 0.0000000000
31563  14.182  -51.841  64.745 0.0000000000
139793  48.178  -30.261  50.813 0.0000000000
52481  41.845  -30.253  55.884 0.0000000000
127363  38.786  -30.556  55.171 0.0000000000
46886  38.638  -36.865  57.630 0.0000000000
45837  39.534  -37.397  57.870 0.0000000000
45857  39.922  -37.930  56.607 0.0000000000
44852  40.546  -38.147  55.985 0.0000000000
40332  33.075  -43.388  58.935 0.0000000000
40343  33.020  -42.903  58.276 0.0000000000
40344  32.170  -43.297  58.307 0.0000000000
40354  30.738  -43.285  57.678 0.0000000000
132827  54.136  -20.276  41.770 0.0000000000
34526  25.415  -48.911  64.689 0.0000000000
35499  24.111  -49.145  64.515 0.0000000000
39253  25.602  -43.845  69.492 0.0000000000
38277  26.484  -44.865  68.258 0.0000000000
38288  26.301  -46.072  68.211 0.0000000000
36459  26.308  -47.596  67.499 0.0000000000
121815  27.060  -49.398  66.371 0.0000000000
34497  27.523  -49.569  65.970 0.0000000000
48684  35.643  -34.655  66.164 0.0000000000
49586  37.152  -33.805  64.841 0.0000000000
49585  37.724  -33.572  64.505 0.0000000000
48691  37.740  -34.313  64.329 0.0000000000
47782  37.940  -35.547  63.709 0.0000000000
46797  37.897  -36.163  63.358 0.0000000000
46848  36.041  -36.251  61.150 0.0000000000
46863  36.911  -35.794  59.758 0.0000000000
47869  36.545  -35.605  58.743 0.0000000000
47890  35.345  -35.424  57.624 0.0000000000
47891  34.505  -35.573  57.323 0.0000000000
38379  27.816  -45.928  58.587 0.0000000000
137948  27.725  -45.239  58.352 0.0000000000
59955  49.770  -22.810  42.446 0.0000000000
59956  49.021  -23.041  42.195 0.0000000000
138244  46.435  -23.730  41.201 0.0000000000
43865  30.332  -39.234  67.464 0.0000000000
44777  30.722  -38.621  67.925 0.0000000000
44792  31.649  -38.332  65.606 0.0000000000
43897  30.366  -39.363  63.581 0.0000000000
43076  29.856  -40.036  63.037 0.0000000000
43086  29.534  -40.900  62.465 0.0000000000
40292  29.944  -43.784  63.289 0.0000000000
140890  29.821  -43.368  62.632 0.0000000000
40304  30.677  -43.808  62.638 0.0000000000
40315  34.145  -43.443  61.676 0.0000000000
39334  34.718  -44.093  62.167 0.0000000000
39333  34.789  -44.433  62.070 0.0000000000
38346  34.352  -45.234  61.850 0.0000000000
37408  29.390  -46.785  66.432 0.0000000000
37421  30.108  -46.027  65.914 0.0000000000
37407  30.303  -46.921  66.047 0.0000000000
36475  30.981  -47.106  65.675 0.0000000000
36474  31.646  -47.400  65.139 0.0000000000
34569  31.544  -49.961  61.827 0.0000000000
34568  32.141  -49.312  62.279 0.0000000000
35554  32.304  -48.466  62.085 0.0000000000
36533  32.358  -47.599  61.976 0.0000000000
37475  30.319  -46.819  60.682 0.0000000000
37476  29.893  -47.132  60.135 0.0000000000
34610  29.429  -50.234  59.026 0.0000000000
34620  28.346  -49.608  57.649 0.0000000000
54460  42.980  -28.981  44.285 0.0000000000
54467  42.547  -28.461  43.661 0.0000000000
53550  42.335  -29.337  43.877 0.0000000000
53558  41.290  -29.385  42.799 0.0000000000
134069  39.682  -30.915  41.591 0.0000000000
51642  39.439  -31.384  41.031 0.0000000000
34479  20.803  -49.547  65.933 0.0000000000
34502  20.814  -49.992  65.730 0.0000000000
32479  16.609  -51.209  65.578 0.0000000000
33451  17.962  -50.869  65.333 0.0000000000
33479  17.769  -49.858  62.568 0.0000000000
59045  55.346  -23.045  45.362 0.0000000000
59046  54.703  -23.374  45.651 0.0000000000
59048  52.981  -23.452  45.535 0.0000000000
136626  52.762  -24.456  47.140 0.0000000000
58165  49.982  -24.732  46.122 0.0000000000
57287  48.718  -25.773  46.300 0.0000000000
55398  48.787  -27.717  47.681 0.0000000000
55413  48.269  -27.315  47.217 0.0000000000
55399  47.953  -27.948  47.405 0.0000000000
54438  47.103  -28.183  46.996 0.0000000000
141244  45.055  -30.327  49.071 0.0000000000
52576  44.777  -30.225  48.459 0.0000000000
52577  43.847  -30.280  48.501 0.0000000000
122782  43.085  -30.212  48.193 0.0000000000
122571  41.855  -30.410  47.866 0.0000000000
52579  41.438  -30.649  48.540 0.0000000000
52580  40.674  -30.810  48.445 0.0000000000
124802  46.347  -31.384  54.731 0.0000000000
126102  46.138  -31.380  53.786 0.0000000000
142172  43.913  -31.347  53.102 0.0000000000
51536  41.106  -30.837  52.440 0.0000000000
51523  42.028  -31.043  52.817 0.0000000000
135362  40.773  -31.055  51.609 0.0000000000
51550  40.844  -31.319  51.028 0.0000000000
51563  40.280  -31.343  50.462 0.0000000000
121734  38.971  -31.418  50.187 0.0000000000
51575  37.293  -31.567  49.630 0.0000000000
51566  36.544  -31.805  50.268 0.0000000000
50589  36.717  -32.452  52.766 0.0000000000
49727  36.350  -32.939  52.421 0.0000000000
48851  36.345  -34.138  51.621 0.0000000000
47961  36.643  -35.433  50.576 0.0000000000
46976  37.461  -35.868  51.075 0.0000000000
53425  41.244  -28.735  60.212 0.0000000000
53431  40.404  -29.428  59.956 0.0000000000
48700  40.186  -34.232  62.927 0.0000000000
49603  40.843  -33.839  62.599 0.0000000000
48709  40.874  -34.676  62.495 0.0000000000
48708  41.225  -34.270  62.101 0.0000000000
47849  41.238  -35.741  59.326 0.0000000000
48765  40.676  -35.184  58.924 0.0000000000
49644  39.193  -33.822  58.783 0.0000000000
50519  38.752  -32.348  59.382 0.0000000000
49645  38.614  -33.474  58.293 0.0000000000
123367  38.331  -33.467  57.559 0.0000000000
49668  37.832  -32.944  56.747 0.0000000000
124274  38.276  -33.819  56.872 0.0000000000
48792  38.642  -34.473  56.562 0.0000000000
47913  38.924  -35.316  55.391 0.0000000000
45887  41.284  -38.458  54.302 0.0000000000
46932  41.304  -37.837  54.219 0.0000000000
45903  41.291  -38.664  53.937 0.0000000000
45904  40.807  -38.039  53.494 0.0000000000
45917  40.395  -38.172  52.845 0.0000000000
130383  40.275  -39.576  52.465 0.0000000000
44939  36.650  -39.185  51.197 0.0000000000
47923  34.732  -35.872  54.867 0.0000000000
46950  34.511  -36.279  53.272 0.0000000000
45957  32.092  -37.163  50.038 0.0000000000
41355  32.883  -42.131  56.849 0.0000000000
42357  32.222  -41.297  54.557 0.0000000000
42373  30.517  -41.589  53.302 0.0000000000
40365  27.451  -43.645  56.574 0.0000000000
41403  26.490  -42.457  53.627 0.0000000000
61828  50.667  -20.562  41.722 0.0000000000
56459  42.369  -26.472  41.325 0.0000000000
56460  41.603  -26.798  40.891 0.0000000000
36478  23.949  -47.611  64.759 0.0000000000
37399  25.172  -45.979  67.815 0.0000000000
38289  24.651  -45.541  67.818 0.0000000000
46733  33.473  -36.239  67.497 0.0000000000
46748  33.726  -36.448  66.839 0.0000000000
46747  34.271  -36.198  66.568 0.0000000000
46746  34.832  -35.813  66.191 0.0000000000
46761  34.559  -36.452  65.791 0.0000000000
46760  35.301  -36.079  65.478 0.0000000000
46779  36.407  -36.154  64.309 0.0000000000
46814  35.896  -36.613  62.713 0.0000000000
46815  34.984  -36.686  62.544 0.0000000000
46830  35.553  -36.483  61.908 0.0000000000
46849  35.061  -36.496  61.176 0.0000000000
46865  34.331  -35.982  59.608 0.0000000000
46866  33.579  -36.401  59.253 0.0000000000
45838  32.950  -36.955  58.888 0.0000000000
44842  32.222  -38.864  57.271 0.0000000000
36592  27.154  -47.374  56.933 0.0000000000
35629  25.756  -48.113  55.139 0.0000000000
58199  48.998  -24.056  43.163 0.0000000000
58225  47.150  -24.433  42.009 0.0000000000
58210  46.660  -24.957  42.388 0.0000000000
58227  45.542  -24.663  41.266 0.0000000000
34613  25.639  -49.386  58.494 0.0000000000
36540  23.433  -47.455  61.301 0.0000000000
36568  21.836  -47.531  59.336 0.0000000000
36595  21.133  -47.837  57.759 0.0000000000
122161  18.895  -49.189  57.965 0.0000000000
43054  29.197  -40.387  68.109 0.0000000000
43866  29.711  -39.720  67.797 0.0000000000
43874  29.770  -39.709  66.928 0.0000000000
43071  29.349  -40.457  64.866 0.0000000000
135819  29.213  -40.688  64.121 0.0000000000
135455  28.952  -41.232  64.637 0.0000000000
41287  28.736  -42.034  64.217 0.0000000000
140938  28.625  -42.806  64.852 0.0000000000
41276  28.673  -42.797  64.288 0.0000000000
39326  32.157  -44.935  63.689 0.0000000000
139341  30.086  -49.661  65.007 0.0000000000
34521  30.953  -49.801  64.576 0.0000000000
33457  31.242  -50.219  63.794 0.0000000000
33467  31.296  -50.334  63.030 0.0000000000
33477  30.309  -50.211  62.631 0.0000000000
33476  30.770  -50.356  62.539 0.0000000000
33484  31.186  -50.321  62.196 0.0000000000
34580  31.099  -50.025  61.127 0.0000000000
35566  30.497  -49.292  60.121 0.0000000000
34596  30.231  -50.038  59.916 0.0000000000
33511  29.723  -50.629  59.744 0.0000000000
52639  38.965  -30.857  42.743 0.0000000000
52627  38.235  -30.724  43.526 0.0000000000
51643  38.677  -31.875  41.595 0.0000000000
136682  16.751  -51.381  66.628 0.0000000000
32489  16.131  -50.712  64.012 0.0000000000
33474  15.982  -50.776  63.141 0.0000000000
134312  14.244  -51.884  63.461 0.0000000000
53525  47.662  -29.526  48.584 0.0000000000
52574  46.325  -29.999  48.789 0.0000000000
138578  45.680  -30.250  49.337 0.0000000000
52568  44.916  -30.488  49.869 0.0000000000
122503  44.113  -30.410  50.031 0.0000000000
52556  43.585  -30.628  50.502 0.0000000000
51507  44.020  -30.969  54.600 0.0000000000
52496  41.801  -30.350  55.015 0.0000000000
52508  41.673  -30.551  54.180 0.0000000000
52520  41.489  -30.730  53.348 0.0000000000
52521  40.642  -30.583  53.385 0.0000000000
52533  40.212  -30.634  52.821 0.0000000000
51552  38.253  -30.969  51.688 0.0000000000
51539  38.492  -30.833  52.536 0.0000000000
51524  38.026  -31.000  53.913 0.0000000000
51525  37.463  -31.520  53.476 0.0000000000
50579  37.020  -32.156  53.478 0.0000000000
49713  36.755  -32.912  53.547 0.0000000000
120758  41.100  -29.752  61.998 0.0000000000
130043  40.302  -36.760  60.368 0.0000000000
46827  40.667  -36.281  61.009 0.0000000000
46859  40.999  -37.059  59.450 0.0000000000
46858  41.447  -36.729  59.163 0.0000000000
45836  40.419  -37.553  58.063 0.0000000000
45834  41.315  -37.208  58.712 0.0000000000
46874  41.500  -36.902  58.456 0.0000000000
47885  41.397  -36.573  58.109 0.0000000000
47900  40.937  -36.525  56.781 0.0000000000
46899  41.276  -36.993  56.295 0.0000000000
46915  41.306  -37.467  55.834 0.0000000000
44868  41.007  -38.427  55.393 0.0000000000
44882  41.252  -38.294  55.174 0.0000000000
44895  40.777  -39.215  53.736 0.0000000000
45934  36.468  -37.949  51.935 0.0000000000
46952  32.798  -36.594  53.469 0.0000000000
45937  32.278  -36.798  51.987 0.0000000000
46980  32.169  -36.795  51.301 0.0000000000
45958  31.712  -37.230  50.796 0.0000000000
45978  31.658  -37.487  49.420 0.0000000000
42313  34.228  -41.954  59.157 0.0000000000
42314  33.432  -41.569  58.999 0.0000000000
41346  33.935  -42.178  58.028 0.0000000000
41347  33.199  -42.490  57.598 0.0000000000
41356  32.039  -42.490  56.427 0.0000000000
41368  30.624  -42.458  55.511 0.0000000000
39411  24.905  -44.439  54.178 0.0000000000
40391  25.535  -43.783  54.362 0.0000000000
40402  25.392  -43.417  53.537 0.0000000000
40413  25.181  -43.148  52.727 0.0000000000
61822  56.882  -21.455  41.144 0.0000000000
61850  56.677  -21.039  40.257 0.0000000000
121096  54.993  -20.397  39.265 0.0000000000
61853  53.944  -20.101  39.175 0.0000000000
61858  48.625  -20.413  39.890 0.0000000000
35557  27.982  -48.558  61.797 0.0000000000
35542  27.457  -48.021  62.435 0.0000000000
36518  24.530  -47.668  62.359 0.0000000000
34546  24.764  -49.012  64.095 0.0000000000
35559  22.845  -48.125  62.079 0.0000000000
35548  20.629  -48.699  62.020 0.0000000000
41241  27.483  -42.062  70.075 0.0000000000
41249  27.664  -42.340  69.293 0.0000000000
40247  27.898  -42.684  68.403 0.0000000000
38298  28.752  -45.440  66.504 0.0000000000
38286  28.150  -45.516  67.030 0.0000000000
130563  28.612  -46.226  66.632 0.0000000000
133751  29.287  -48.375  66.448 0.0000000000
37397  26.364  -46.981  67.962 0.0000000000
35462  27.132  -48.231  67.592 0.0000000000
36457  27.294  -47.592  67.664 0.0000000000
35471  28.449  -48.576  66.766 0.0000000000
35470  29.089  -48.970  66.165 0.0000000000
34495  29.660  -49.354  65.604 0.0000000000
126618  29.346  -49.537  65.063 0.0000000000
34544  29.022  -49.250  63.386 0.0000000000
51592  36.329  -31.707  46.274 0.0000000000
51604  35.938  -32.114  44.790 0.0000000000
51599  35.776  -32.077  45.625 0.0000000000
50629  35.004  -33.268  44.821 0.0000000000
139570  34.994  -34.138  44.515 0.0000000000
51504  47.009  -31.205  55.128 0.0000000000
141540  46.370  -31.257  55.478 0.0000000000
51491  45.434  -31.087  55.691 0.0000000000
51479  45.731  -30.959  56.364 0.0000000000
52494  44.919  -30.837  56.242 0.0000000000
129725  43.811  -30.422  56.273 0.0000000000
52469  44.608  -29.733  57.743 0.0000000000
52480  42.723  -30.151  56.406 0.0000000000
53462  41.718  -29.815  56.572 0.0000000000
53463  40.817  -29.761  56.844 0.0000000000
48710  40.054  -35.073  62.767 0.0000000000
46828  39.842  -36.472  61.578 0.0000000000
46798  37.093  -36.284  63.513 0.0000000000
120553  37.426  -36.428  62.283 0.0000000000
135316  38.243  -36.469  62.377 0.0000000000
138050  38.586  -36.359  62.691 0.0000000000
121051  38.932  -36.523  61.861 0.0000000000
46844  39.600  -36.708  61.103 0.0000000000
122098  39.417  -36.855  60.354 0.0000000000
46861  39.007  -36.817  59.454 0.0000000000
46902  37.642  -36.670  56.550 0.0000000000
132157  37.139  -36.605  56.064 0.0000000000
46904  35.876  -35.924  55.735 0.0000000000
47904  35.523  -35.677  56.302 0.0000000000
46905  33.799  -35.948  56.937 0.0000000000
133002  33.068  -36.384  54.828 0.0000000000
45908  32.279  -37.271  53.713 0.0000000000
128935  31.447  -39.437  52.230 0.0000000000
126253  29.847  -44.464  59.507 0.0000000000
39371  29.439  -44.025  58.941 0.0000000000
39373  27.474  -44.722  57.828 0.0000000000
37507  26.526  -46.704  56.619 0.0000000000
37514  25.526  -46.331  55.678 0.0000000000
38397  25.765  -45.414  56.097 0.0000000000
39404  25.476  -44.786  55.449 0.0000000000
125666  25.327  -44.411  54.813 0.0000000000
60859  54.104  -21.997  43.481 0.0000000000
60873  53.471  -21.450  42.973 0.0000000000
61809  51.091  -20.987  42.367 0.0000000000
60876  50.812  -21.834  42.524 0.0000000000
141124  49.990  -20.818  41.544 0.0000000000
61829  49.204  -20.764  41.153 0.0000000000
135286  48.629  -23.719  42.496 0.0000000000
59090  48.292  -23.341  41.879 0.0000000000
59964  48.542  -22.570  41.701 0.0000000000
59965  47.647  -22.966  41.431 0.0000000000
60889  47.884  -21.906  41.297 0.0000000000
32531  27.876  -51.840  57.855 0.0000000000
35580  26.468  -48.687  59.870 0.0000000000
35597  24.657  -48.157  58.538 0.0000000000
34614  24.841  -48.975  58.065 0.0000000000
44768  31.186  -38.008  68.412 0.0000000000
46734  32.890  -36.615  67.854 0.0000000000
45766  33.156  -36.761  67.120 0.0000000000
45784  32.876  -37.450  65.839 0.0000000000
44791  32.295  -37.900  65.263 0.0000000000
44805  32.167  -38.188  63.034 0.0000000000
43912  31.052  -38.994  61.789 0.0000000000
43913  30.522  -39.797  61.206 0.0000000000
130534  30.483  -40.412  60.564 0.0000000000
42288  29.341  -41.731  61.896 0.0000000000
41314  29.745  -42.331  61.642 0.0000000000
41324  31.500  -42.136  60.383 0.0000000000
41333  33.810  -42.118  59.946 0.0000000000
41322  34.660  -42.708  60.521 0.0000000000
41331  34.803  -42.888  60.234 0.0000000000
40324  34.985  -43.459  60.519 0.0000000000
40331  34.179  -43.523  59.560 0.0000000000
39303  28.620  -44.096  66.087 0.0000000000
39302  29.239  -44.484  65.417 0.0000000000
38310  30.470  -45.541  65.177 0.0000000000
39301  30.021  -44.848  64.814 0.0000000000
39317  31.520  -45.182  64.215 0.0000000000
38334  32.867  -45.521  63.668 0.0000000000
34520  31.965  -49.451  64.602 0.0000000000
36490  32.396  -47.640  64.574 0.0000000000
130554  33.117  -48.292  63.654 0.0000000000
36489  33.049  -47.738  63.982 0.0000000000
130044  33.395  -47.031  63.508 0.0000000000
37445  33.335  -46.270  63.587 0.0000000000
38333  34.164  -45.571  63.263 0.0000000000
38340  34.308  -45.569  62.564 0.0000000000
39342  33.247  -44.980  61.112 0.0000000000
39360  30.648  -44.394  59.731 0.0000000000
38371  28.483  -46.024  59.206 0.0000000000
129109  29.820  -48.680  59.343 0.0000000000
36576  29.382  -48.407  58.855 0.0000000000
35615  27.324  -48.930  56.434 0.0000000000
34621  27.793  -49.317  57.050 0.0000000000
56425  44.600  -26.839  44.239 0.0000000000
56433  44.245  -26.540  43.546 0.0000000000
55462  42.255  -27.224  42.617 0.0000000000
54474  41.999  -27.974  43.012 0.0000000000
55463  41.523  -27.657  42.271 0.0000000000
52625  40.910  -30.043  43.243 0.0000000000
53559  40.656  -29.753  42.567 0.0000000000
53567  40.389  -29.555  41.671 0.0000000000
52651  39.806  -30.523  40.902 0.0000000000
53568  40.101  -29.879  41.005 0.0000000000
53580  40.225  -29.032  40.605 0.0000000000
50627  36.056  -32.097  43.975 0.0000000000
50638  36.433  -32.316  43.281 0.0000000000
49784  36.709  -32.786  42.668 0.0000000000
48924  36.630  -33.559  42.903 0.0000000000
142971  21.896  -44.653  64.729 0.0000000000
126947  21.998  -45.434  64.466 0.0000000000
36479  22.366  -48.468  64.805 0.0000000000
34500  22.187  -49.714  64.766 0.0000000000
33469  21.855  -50.299  64.084 0.0000000000
33460  21.720  -50.263  64.267 0.0000000000
34549  21.375  -49.904  63.807 0.0000000000
33449  19.911  -50.638  66.013 0.0000000000
34574  19.364  -49.137  61.814 0.0000000000
34576  17.782  -49.672  61.030 0.0000000000
34587  17.508  -49.639  59.986 0.0000000000
33489  15.725  -50.929  61.140 0.0000000000
133393  56.376  -22.262  43.513 0.0000000000
60858  55.328  -22.132  43.584 0.0000000000
59940  52.596  -22.474  43.723 0.0000000000
59926  54.007  -22.780  44.466 0.0000000000
59941  51.662  -22.737  43.590 0.0000000000
59070  51.100  -23.282  43.685 0.0000000000
123809  50.467  -23.479  43.519 0.0000000000
59063  50.126  -23.994  43.920 0.0000000000
59047  53.929  -23.600  46.050 0.0000000000
59049  52.128  -23.679  45.774 0.0000000000
58190  48.392  -24.762  44.269 0.0000000000
57311  47.697  -25.249  44.383 0.0000000000
57310  48.263  -25.203  44.845 0.0000000000
56423  46.184  -26.214  44.593 0.0000000000
57274  50.787  -25.830  47.753 0.0000000000
56398  47.439  -26.640  46.289 0.0000000000
56413  45.817  -26.826  45.099 0.0000000000
55440  45.081  -27.172  44.903 0.0000000000
54458  44.249  -28.478  44.870 0.0000000000
54449  45.126  -28.841  45.716 0.0000000000
54450  44.579  -28.848  45.320 0.0000000000
53545  43.355  -29.391  44.867 0.0000000000
52613  42.163  -30.013  45.072 0.0000000000
53531  45.671  -29.687  47.432 0.0000000000
52585  44.495  -29.982  47.734 0.0000000000
52594  44.231  -29.780  46.992 0.0000000000
52604  43.240  -30.113  45.933 0.0000000000
52605  42.447  -30.105  45.748 0.0000000000
52607  40.708  -30.333  45.460 0.0000000000
52608  39.894  -30.478  45.875 0.0000000000
122005  40.965  -30.576  47.082 0.0000000000
52598  40.272  -30.528  46.758 0.0000000000
130344  39.150  -30.646  45.956 0.0000000000
52600  38.607  -30.796  46.434 0.0000000000
51590  37.952  -31.248  46.967 0.0000000000
52531  47.374  -30.724  52.614 0.0000000000
141847  45.922  -31.216  52.978 0.0000000000
52545  44.697  -30.783  51.430 0.0000000000
123868  44.283  -31.327  54.152 0.0000000000
51521  43.703  -31.251  53.617 0.0000000000
51534  43.302  -31.267  52.783 0.0000000000
51535  42.568  -31.159  52.385 0.0000000000
51547  43.236  -31.112  51.928 0.0000000000
51560  42.993  -30.897  51.064 0.0000000000
52557  42.811  -30.629  50.292 0.0000000000
52572  40.993  -31.031  49.215 0.0000000000
51578  40.234  -31.281  49.059 0.0000000000
51584  39.140  -31.259  48.074 0.0000000000
120783  36.943  -31.568  47.122 0.0000000000
139772  36.087  -32.022  47.000 0.0000000000
51582  36.542  -31.905  48.481 0.0000000000
50609  35.857  -32.333  48.201 0.0000000000
51553  37.363  -31.355  51.518 0.0000000000
138064  36.101  -32.305  50.619 0.0000000000
50594  36.028  -32.687  51.196 0.0000000000
50602  35.616  -32.929  50.350 0.0000000000
53454  40.557  -29.635  57.636 0.0000000000
53464  39.921  -29.912  57.107 0.0000000000
52438  41.047  -30.801  62.253 0.0000000000
48735  41.534  -35.126  60.979 0.0000000000
48736  41.266  -34.707  60.570 0.0000000000
49621  40.853  -33.822  60.834 0.0000000000
50510  40.637  -32.485  61.445 0.0000000000
51455  40.122  -31.591  61.258 0.0000000000
52446  39.385  -30.835  60.142 0.0000000000
52452  39.656  -30.138  59.665 0.0000000000
52453  39.041  -30.794  59.245 0.0000000000
53432  39.491  -30.144  58.774 0.0000000000
52461  39.130  -30.397  58.166 0.0000000000
52471  39.084  -30.423  57.448 0.0000000000
52484  38.629  -30.785  56.771 0.0000000000
51481  37.792  -31.705  56.039 0.0000000000
50555  37.495  -32.213  55.493 0.0000000000
49681  37.560  -32.981  55.855 0.0000000000
121346  37.246  -32.943  54.924 0.0000000000
48824  37.370  -34.298  53.624 0.0000000000
128844  39.713  -35.884  55.772 0.0000000000
47912  39.523  -35.890  55.082 0.0000000000
46933  40.458  -36.885  54.375 0.0000000000
47922  38.871  -35.586  54.533 0.0000000000
47931  38.577  -35.694  53.657 0.0000000000
47932  37.874  -35.126  53.282 0.0000000000
47941  37.759  -35.447  52.474 0.0000000000
46975  38.150  -36.554  51.352 0.0000000000
43997  39.141  -40.038  52.682 0.0000000000
46949  36.192  -36.635  53.666 0.0000000000
46962  36.068  -37.006  52.931 0.0000000000
45935  35.743  -37.537  51.548 0.0000000000
46978  34.301  -36.463  51.722 0.0000000000
46993  33.253  -36.607  50.745 0.0000000000
45936  34.897  -37.093  51.214 0.0000000000
44824  31.597  -38.552  60.308 0.0000000000
44830  31.624  -38.681  59.490 0.0000000000
43140  33.177  -41.353  57.174 0.0000000000
43141  32.811  -40.685  57.162 0.0000000000
43960  32.539  -39.786  56.692 0.0000000000
43972  32.376  -39.416  56.063 0.0000000000
43976  32.212  -39.656  55.436 0.0000000000
43977  31.860  -39.842  54.654 0.0000000000
43198  31.265  -40.398  52.111 0.0000000000
40364  29.498  -43.182  56.736 0.0000000000
41358  30.033  -42.755  56.184 0.0000000000
40389  27.010  -42.860  55.092 0.0000000000
41389  27.579  -42.494  54.565 0.0000000000
41387  29.273  -42.310  54.694 0.0000000000
139761  30.473  -41.107  51.803 0.0000000000
61806  53.904  -20.760  42.448 0.0000000000
62717  53.493  -19.866  41.333 0.0000000000
62719  51.947  -19.779  41.265 0.0000000000
62718  52.771  -19.729  41.318 0.0000000000
62732  53.278  -19.577  40.651 0.0000000000
62743  53.747  -19.613  40.011 0.0000000000
142142  53.413  -19.788  39.529 0.0000000000
61857  49.475  -20.165  39.482 0.0000000000
56445  44.034  -26.272  42.956 0.0000000000
56458  43.165  -26.183  41.584 0.0000000000
57335  43.922  -25.800  41.756 0.0000000000
34493  31.312  -49.169  65.098 0.0000000000
34556  32.479  -49.358  62.878 0.0000000000
35469  30.011  -48.629  66.045 0.0000000000
35494  32.646  -48.658  64.250 0.0000000000
37443  34.379  -45.863  62.978 0.0000000000
37444  34.049  -46.337  63.126 0.0000000000
38335  32.012  -45.438  64.058 0.0000000000
38339  34.427  -45.193  62.607 0.0000000000
40240  26.343  -42.952  69.739 0.0000000000
40313  35.177  -43.774  61.240 0.0000000000
40314  35.084  -43.664  61.380 0.0000000000
41311  33.616  -42.842  61.134 0.0000000000
41332  34.393  -42.452  59.871 0.0000000000
41345  34.225  -42.060  58.508 0.0000000000
42202  28.380  -41.528  69.241 0.0000000000
46979  33.540  -36.362  51.888 0.0000000000
49712  37.046  -33.583  53.809 0.0000000000
49752  34.978  -33.302  49.145 0.0000000000
50536  38.271  -32.024  57.742 0.0000000000
50619  35.153  -32.575  45.963 0.0000000000
50623  35.270  -32.633  45.164 0.0000000000
50662  38.271  -32.526  41.524 0.0000000000
51462  38.636  -31.531  58.998 0.0000000000
51631  36.878  -31.795  43.039 0.0000000000
52637  40.278  -30.329  42.341 0.0000000000
124141  38.370  -35.765  52.982 0.0000000000
129505  38.974  -30.627  58.571 0.0000000000
133334  39.743  -30.927  60.838 0.0000000000
138982  41.261  -37.487  57.314 0.0000000000
139424  30.497  -44.635  64.327 0.0000000000
140887  40.465  -30.380  46.085 0.0000000000
141263  30.622  -44.508  64.007 0.0000000000
142615  27.959  -47.336  67.363 0.0000000000
143124  29.603  -39.837  68.420 0.0000000000
