#!ascii label  , from subject sub-032304 vox2ras=TkReg
1113
141182  15.426  -34.270  60.600 0.0000000000
53365  28.368  -28.864  69.186 0.0000000000
139050  38.220  -16.235  44.890 0.0000000000
58970  27.531  -23.775  51.918 0.0000000000
57181  29.546  -25.920  62.073 0.0000000000
73866  50.698  -6.885  36.773 0.0000000000
62653  38.282  -19.008  48.174 0.0000000000
59036  34.051  -23.221  46.983 0.0000000000
137781  13.189  -39.229  59.829 0.0000000000
138780  21.709  -34.193  63.909 0.0000000000
47804  25.225  -32.851  61.574 0.0000000000
49664  17.892  -33.122  57.099 0.0000000000
69357  45.377  -12.195  41.495 0.0000000000
46770  19.955  -34.604  66.257 0.0000000000
46774  14.326  -35.781  65.353 0.0000000000
68420  44.451  -12.978  44.970 0.0000000000
43081  12.111  -40.069  63.163 0.0000000000
41319  8.780  -42.387  61.697 0.0000000000
141239  32.394  -21.627  51.259 0.0000000000
58092  28.511  -24.692  57.296 0.0000000000
121341  28.063  -30.389  56.250 0.0000000000
49648  27.621  -31.909  57.906 0.0000000000
137171  38.369  -20.803  49.799 0.0000000000
60825  35.556  -21.563  47.630 0.0000000000
59887  35.484  -22.487  48.484 0.0000000000
63590  41.366  -18.358  49.862 0.0000000000
46895  15.302  -36.673  57.542 0.0000000000
44839  14.276  -38.706  58.132 0.0000000000
141817  13.884  -36.506  59.908 0.0000000000
48729  18.006  -33.237  61.889 0.0000000000
49627  19.032  -32.599  60.651 0.0000000000
48776  16.799  -33.817  58.996 0.0000000000
47909  16.475  -35.923  56.591 0.0000000000
67541  38.687  -15.298  43.089 0.0000000000
66599  41.051  -15.228  47.261 0.0000000000
68410  41.026  -14.013  45.697 0.0000000000
69342  41.738  -12.765  43.728 0.0000000000
45779  14.160  -36.768  67.151 0.0000000000
44802  12.533  -37.707  64.412 0.0000000000
43878  12.143  -39.184  66.246 0.0000000000
39311  8.301  -42.719  66.708 0.0000000000
40286  9.024  -42.015  64.598 0.0000000000
40288  7.440  -42.456  64.288 0.0000000000
39330  5.590  -43.810  63.705 0.0000000000
38305  4.374  -44.300  65.637 0.0000000000
59794  30.333  -22.546  59.290 0.0000000000
57195  29.024  -25.598  59.530 0.0000000000
55251  28.169  -27.004  57.697 0.0000000000
54338  28.629  -28.319  59.734 0.0000000000
49662  22.832  -32.827  57.542 0.0000000000
48758  25.569  -32.834  60.026 0.0000000000
48810  24.226  -33.488  55.898 0.0000000000
122486  25.622  -32.913  54.836 0.0000000000
59841  29.414  -22.295  51.655 0.0000000000
59891  30.011  -22.670  48.975 0.0000000000
58137  27.851  -23.934  49.048 0.0000000000
137754  53.747  -7.857  34.366 0.0000000000
131398  51.372  -8.281  34.371 0.0000000000
64560  38.798  -17.456  46.527 0.0000000000
62667  35.970  -18.934  46.934 0.0000000000
64551  40.661  -17.165  48.280 0.0000000000
141748  25.178  -31.587  66.985 0.0000000000
51418  26.603  -30.610  65.067 0.0000000000
46837  23.323  -33.436  62.079 0.0000000000
49651  21.793  -32.493  59.024 0.0000000000
50562  19.773  -32.585  55.469 0.0000000000
70270  48.374  -11.378  42.608 0.0000000000
71182  48.248  -10.356  40.777 0.0000000000
72101  47.892  -8.948  39.513 0.0000000000
73019  47.914  -8.508  37.128 0.0000000000
47812  17.255  -33.756  63.264 0.0000000000
47815  14.395  -35.180  62.417 0.0000000000
46772  16.575  -34.839  65.997 0.0000000000
47770  20.552  -33.756  64.595 0.0000000000
124600  44.971  -12.598  43.057 0.0000000000
45812  12.724  -37.477  62.243 0.0000000000
43916  12.380  -39.692  61.423 0.0000000000
42309  11.650  -41.237  60.530 0.0000000000
42246  10.991  -41.126  65.609 0.0000000000
41304  10.013  -41.302  61.934 0.0000000000
37404  2.129  -45.658  66.509 0.0000000000
126063  34.882  -21.876  51.177 0.0000000000
127646  29.581  -22.423  54.025 0.0000000000
59811  30.251  -22.336  56.583 0.0000000000
58105  28.125  -24.046  55.127 0.0000000000
56309  26.843  -26.401  54.986 0.0000000000
126270  27.223  -29.491  54.393 0.0000000000
50582  27.667  -31.684  53.094 0.0000000000
51430  28.056  -29.977  63.545 0.0000000000
52434  28.565  -29.363  62.166 0.0000000000
53435  28.774  -29.106  60.698 0.0000000000
50548  28.217  -31.896  57.124 0.0000000000
50584  26.548  -32.595  53.580 0.0000000000
141464  33.096  -22.633  48.683 0.0000000000
59039  31.763  -23.552  46.351 0.0000000000
60794  38.031  -21.315  50.104 0.0000000000
60812  37.174  -21.558  49.002 0.0000000000
59870  36.686  -22.335  49.700 0.0000000000
61710  39.635  -20.830  50.500 0.0000000000
47881  15.319  -35.557  58.583 0.0000000000
46872  14.660  -36.172  58.955 0.0000000000
137249  14.738  -35.257  60.037 0.0000000000
48730  17.196  -33.447  61.534 0.0000000000
48745  17.563  -33.136  60.860 0.0000000000
48762  16.131  -33.884  59.615 0.0000000000
47880  15.874  -34.863  58.112 0.0000000000
66622  38.619  -15.429  43.958 0.0000000000
66601  40.120  -15.863  46.101 0.0000000000
67517  41.203  -14.271  46.385 0.0000000000
67519  40.194  -15.074  45.732 0.0000000000
68424  40.046  -14.160  44.496 0.0000000000
141773  7.213  -42.958  66.407 0.0000000000
40279  7.830  -42.555  65.229 0.0000000000
143379  6.993  -42.558  64.921 0.0000000000
40289  6.485  -42.993  64.200 0.0000000000
39322  5.710  -43.460  64.785 0.0000000000
143626  5.012  -43.902  64.466 0.0000000000
58078  29.436  -24.360  60.881 0.0000000000
57189  29.109  -25.756  60.383 0.0000000000
120884  28.782  -26.943  59.582 0.0000000000
55233  29.101  -27.361  60.452 0.0000000000
128826  28.961  -28.302  67.615 0.0000000000
49676  22.059  -32.549  55.962 0.0000000000
49674  23.480  -33.354  56.053 0.0000000000
49688  23.346  -33.317  55.055 0.0000000000
49704  23.398  -33.479  54.114 0.0000000000
59842  28.778  -22.716  51.984 0.0000000000
59879  28.905  -22.610  50.178 0.0000000000
122087  50.587  -6.648  37.697 0.0000000000
74717  52.017  -6.107  38.162 0.0000000000
74731  52.420  -6.492  36.731 0.0000000000
73874  52.603  -7.200  35.416 0.0000000000
121323  50.661  -7.294  35.708 0.0000000000
63601  38.753  -18.247  47.723 0.0000000000
63612  36.583  -18.271  46.812 0.0000000000
63602  36.839  -18.696  47.421 0.0000000000
59911  35.144  -22.157  47.400 0.0000000000
60837  34.417  -21.457  46.146 0.0000000000
59919  34.224  -22.279  45.872 0.0000000000
62641  40.286  -18.654  49.015 0.0000000000
63599  40.410  -17.536  48.169 0.0000000000
64554  40.094  -17.287  47.492 0.0000000000
43944  13.906  -39.385  58.528 0.0000000000
43124  13.045  -40.371  59.396 0.0000000000
47749  23.360  -33.348  65.514 0.0000000000
49580  24.723  -32.159  65.282 0.0000000000
128156  21.939  -33.507  62.989 0.0000000000
49652  18.825  -32.533  59.608 0.0000000000
49641  20.584  -32.451  60.135 0.0000000000
50534  19.301  -32.434  58.539 0.0000000000
134260  20.796  -32.104  57.314 0.0000000000
50553  18.693  -32.728  56.637 0.0000000000
48800  17.734  -34.195  55.911 0.0000000000
55286  25.903  -27.885  53.072 0.0000000000
70272  46.807  -11.615  42.035 0.0000000000
70274  48.207  -11.213  41.819 0.0000000000
70276  46.751  -11.784  41.155 0.0000000000
71189  47.397  -10.378  39.578 0.0000000000
132987  47.345  -10.184  38.861 0.0000000000
73014  47.627  -8.957  38.557 0.0000000000
47772  18.262  -34.140  65.010 0.0000000000
119878  16.367  -34.632  64.610 0.0000000000
46771  17.651  -34.567  66.154 0.0000000000
135475  20.350  -34.530  65.669 0.0000000000
121511  18.675  -33.810  64.455 0.0000000000
69337  46.318  -12.597  43.476 0.0000000000
143469  44.720  -12.731  44.059 0.0000000000
142420  41.563  -12.460  42.206 0.0000000000
46807  14.169  -35.509  63.933 0.0000000000
46823  13.852  -35.707  62.997 0.0000000000
46808  13.465  -36.266  63.589 0.0000000000
43901  12.169  -39.656  63.428 0.0000000000
44815  12.293  -38.847  62.633 0.0000000000
134104  12.037  -39.992  62.380 0.0000000000
119254  12.042  -40.841  60.973 0.0000000000
42296  11.831  -40.313  61.794 0.0000000000
121607  10.452  -41.545  66.315 0.0000000000
41306  8.581  -42.323  62.863 0.0000000000
121769  10.221  -41.645  63.725 0.0000000000
41305  9.353  -41.848  62.385 0.0000000000
124278  9.994  -42.216  60.415 0.0000000000
60738  31.032  -21.573  54.376 0.0000000000
58937  29.280  -23.819  58.144 0.0000000000
59802  30.313  -22.392  58.405 0.0000000000
58943  29.206  -23.601  57.368 0.0000000000
126509  29.159  -23.234  55.892 0.0000000000
58101  28.268  -24.295  55.965 0.0000000000
57230  27.143  -25.394  54.901 0.0000000000
57216  27.965  -25.792  56.608 0.0000000000
53467  27.765  -29.483  56.684 0.0000000000
54360  27.278  -28.992  56.211 0.0000000000
122955  27.650  -29.862  55.795 0.0000000000
52514  27.955  -30.684  54.661 0.0000000000
51513  28.310  -31.111  55.151 0.0000000000
49588  25.838  -31.543  63.822 0.0000000000
51417  27.342  -30.217  64.639 0.0000000000
49597  26.500  -31.232  62.743 0.0000000000
49638  26.605  -32.258  59.539 0.0000000000
50507  27.860  -30.687  61.404 0.0000000000
50515  28.410  -30.306  60.949 0.0000000000
53423  28.808  -28.963  61.477 0.0000000000
51466  28.341  -30.519  59.649 0.0000000000
52464  28.572  -29.841  59.779 0.0000000000
50540  27.994  -31.937  57.404 0.0000000000
49717  24.602  -33.599  53.460 0.0000000000
49700  26.282  -32.641  54.443 0.0000000000
59836  34.038  -21.834  51.107 0.0000000000
121598  33.999  -22.484  49.694 0.0000000000
59853  32.185  -22.048  49.957 0.0000000000
59027  29.571  -23.533  47.490 0.0000000000
59026  30.500  -23.390  47.326 0.0000000000
73038  54.467  -8.818  33.179 0.0000000000
62643  38.725  -19.471  48.755 0.0000000000
61742  36.987  -20.185  48.336 0.0000000000
61728  36.791  -21.206  48.515 0.0000000000
59898  36.083  -21.732  48.302 0.0000000000
59006  35.028  -22.758  48.050 0.0000000000
62631  41.463  -19.241  50.619 0.0000000000
61713  39.804  -19.921  50.086 0.0000000000
45853  14.694  -37.984  57.715 0.0000000000
45842  14.336  -37.878  58.460 0.0000000000
44833  13.543  -38.529  59.678 0.0000000000
47828  19.572  -33.363  62.989 0.0000000000
48727  19.977  -33.045  62.293 0.0000000000
48744  18.493  -32.799  61.317 0.0000000000
49628  18.084  -32.782  60.270 0.0000000000
49654  17.445  -33.398  58.667 0.0000000000
123292  16.924  -34.293  57.251 0.0000000000
48789  16.544  -34.716  57.635 0.0000000000
46894  16.025  -36.353  57.064 0.0000000000
69366  44.205  -12.222  40.221 0.0000000000
141963  18.893  -34.378  66.833 0.0000000000
67505  42.466  -13.962  47.295 0.0000000000
68400  42.976  -13.477  46.503 0.0000000000
68422  42.937  -12.780  45.123 0.0000000000
69330  43.267  -12.604  44.340 0.0000000000
121709  41.497  -13.091  44.585 0.0000000000
68430  40.139  -13.423  43.206 0.0000000000
120887  14.026  -36.518  66.261 0.0000000000
45795  12.951  -36.861  64.249 0.0000000000
44796  12.777  -37.668  65.862 0.0000000000
44797  12.404  -38.326  64.963 0.0000000000
43885  12.032  -39.265  65.053 0.0000000000
40277  9.963  -41.757  66.018 0.0000000000
124711  8.999  -42.162  65.674 0.0000000000
40287  8.264  -42.295  64.459 0.0000000000
123552  7.796  -42.665  62.829 0.0000000000
40309  7.083  -43.102  62.273 0.0000000000
58933  29.227  -23.971  59.034 0.0000000000
57209  28.562  -25.204  57.919 0.0000000000
56277  28.128  -26.296  57.105 0.0000000000
56261  28.583  -25.946  58.410 0.0000000000
54344  28.174  -27.974  58.063 0.0000000000
53459  28.102  -28.992  57.649 0.0000000000
48774  23.755  -32.855  59.153 0.0000000000
128509  25.669  -32.512  61.173 0.0000000000
47895  24.143  -33.007  58.666 0.0000000000
48784  25.005  -33.453  57.894 0.0000000000
139261  25.328  -33.225  57.273 0.0000000000
49672  26.616  -32.492  56.857 0.0000000000
48809  24.793  -33.329  56.051 0.0000000000
49703  24.200  -33.674  54.115 0.0000000000
59839  30.986  -21.803  51.036 0.0000000000
59854  31.269  -21.933  50.159 0.0000000000
59878  29.802  -22.520  49.882 0.0000000000
58997  29.175  -22.867  49.281 0.0000000000
73873  53.833  -7.301  34.952 0.0000000000
73883  52.992  -7.736  34.748 0.0000000000
64573  38.318  -17.138  45.903 0.0000000000
64586  37.017  -16.835  45.043 0.0000000000
64574  37.410  -17.216  45.742 0.0000000000
62656  35.907  -19.994  47.173 0.0000000000
61758  34.231  -20.700  45.668 0.0000000000
64543  42.475  -17.251  50.598 0.0000000000
65573  41.776  -16.439  49.384 0.0000000000
66586  41.694  -15.749  48.961 0.0000000000
66596  40.623  -16.095  47.595 0.0000000000
65580  40.243  -16.435  46.787 0.0000000000
51390  26.894  -29.918  68.179 0.0000000000
52385  27.616  -29.414  67.628 0.0000000000
51408  26.417  -30.582  66.310 0.0000000000
49589  25.077  -32.076  64.289 0.0000000000
141466  24.219  -33.341  61.773 0.0000000000
48741  21.875  -33.279  61.178 0.0000000000
48760  22.067  -32.950  60.430 0.0000000000
48775  23.093  -33.218  59.642 0.0000000000
49650  22.716  -32.804  58.631 0.0000000000
50550  21.421  -32.379  56.638 0.0000000000
50572  20.766  -32.635  54.743 0.0000000000
72090  49.501  -9.250  41.543 0.0000000000
70292  47.012  -11.127  39.948 0.0000000000
72099  47.817  -9.724  40.055 0.0000000000
73002  48.798  -8.330  40.386 0.0000000000
73852  48.604  -7.783  39.324 0.0000000000
120640  48.984  -7.134  38.032 0.0000000000
73867  49.054  -7.488  36.699 0.0000000000
73876  49.748  -7.820  35.482 0.0000000000
48716  15.887  -34.097  62.144 0.0000000000
47831  14.996  -34.561  61.801 0.0000000000
47813  16.097  -34.036  63.356 0.0000000000
47775  15.328  -35.077  64.505 0.0000000000
46790  15.142  -35.344  65.147 0.0000000000
46756  16.855  -34.912  66.719 0.0000000000
45778  15.267  -35.845  66.424 0.0000000000
135251  15.017  -36.353  67.263 0.0000000000
52373  27.770  -29.455  69.622 0.0000000000
51391  26.349  -30.506  68.623 0.0000000000
49553  24.763  -31.613  67.906 0.0000000000
47750  23.110  -33.449  66.242 0.0000000000
47751  22.787  -33.559  66.648 0.0000000000
46806  21.110  -34.047  64.067 0.0000000000
47810  19.339  -33.456  63.466 0.0000000000
47830  17.703  -33.495  62.507 0.0000000000
69335  47.958  -12.085  43.940 0.0000000000
120004  46.210  -12.095  42.545 0.0000000000
69349  44.778  -12.439  42.130 0.0000000000
69340  43.539  -12.491  43.563 0.0000000000
119779  43.240  -12.168  42.032 0.0000000000
119610  43.636  -12.112  41.189 0.0000000000
47832  14.221  -35.298  61.441 0.0000000000
46857  13.563  -36.661  60.608 0.0000000000
45832  13.339  -38.240  60.327 0.0000000000
45813  12.350  -37.999  62.777 0.0000000000
136199  12.686  -38.741  61.474 0.0000000000
43924  12.786  -39.530  60.294 0.0000000000
43111  12.632  -40.159  60.230 0.0000000000
42308  12.185  -40.995  60.114 0.0000000000
43068  11.605  -39.853  65.727 0.0000000000
42269  11.718  -40.454  63.762 0.0000000000
41281  10.917  -41.360  63.884 0.0000000000
42270  11.427  -40.880  63.344 0.0000000000
41317  10.598  -41.417  61.080 0.0000000000
38306  3.665  -44.706  65.990 0.0000000000
59835  36.547  -22.277  51.261 0.0000000000
142171  31.997  -21.414  52.398 0.0000000000
60764  30.659  -21.596  52.509 0.0000000000
59822  29.960  -22.149  53.184 0.0000000000
58961  29.056  -22.686  53.476 0.0000000000
123230  30.170  -22.233  55.662 0.0000000000
58959  28.609  -23.413  54.752 0.0000000000
58963  27.648  -23.811  53.331 0.0000000000
57234  26.995  -25.205  54.030 0.0000000000
56310  26.384  -26.653  54.096 0.0000000000
54368  26.274  -28.084  54.315 0.0000000000
55256  27.229  -27.371  56.110 0.0000000000
54367  26.528  -28.226  54.869 0.0000000000
53488  26.901  -29.210  53.542 0.0000000000
52525  27.685  -30.725  53.663 0.0000000000
51543  28.022  -31.150  52.898 0.0000000000
56206  30.041  -26.408  63.224 0.0000000000
52396  27.699  -29.490  66.405 0.0000000000
53388  28.900  -28.627  65.416 0.0000000000
53396  28.821  -28.762  64.429 0.0000000000
50499  27.119  -30.886  62.466 0.0000000000
52429  28.430  -29.592  63.240 0.0000000000
53395  29.228  -28.289  64.092 0.0000000000
54307  29.326  -28.159  62.727 0.0000000000
55217  29.372  -27.732  62.101 0.0000000000
55232  29.578  -27.824  61.005 0.0000000000
54329  28.669  -28.571  60.118 0.0000000000
53458  28.342  -29.614  58.456 0.0000000000
52486  28.245  -31.095  56.766 0.0000000000
123866  26.783  -32.333  56.175 0.0000000000
50558  28.243  -31.771  56.214 0.0000000000
125223  27.954  -31.624  55.115 0.0000000000
50583  27.246  -32.204  53.334 0.0000000000
59850  35.634  -22.573  49.927 0.0000000000
58995  34.302  -22.711  48.839 0.0000000000
59023  33.895  -23.253  47.615 0.0000000000
59889  31.868  -22.659  48.524 0.0000000000
59009  32.150  -23.104  47.784 0.0000000000
59038  32.832  -23.626  46.309 0.0000000000
73024  49.758  -8.336  34.957 0.0000000000
60781  38.473  -21.526  50.722 0.0000000000
60782  37.661  -21.794  50.494 0.0000000000
60780  39.402  -21.311  50.890 0.0000000000
123489  15.317  -34.463  59.977 0.0000000000
47860  15.059  -35.422  59.389 0.0000000000
48747  15.842  -33.773  60.510 0.0000000000
48746  16.684  -33.434  60.441 0.0000000000
48763  15.618  -34.681  59.037 0.0000000000
66615  38.829  -15.806  44.844 0.0000000000
65610  38.183  -15.974  44.185 0.0000000000
65588  39.395  -16.046  45.573 0.0000000000
120650  39.574  -15.456  45.295 0.0000000000
66614  39.202  -15.190  44.489 0.0000000000
134552  7.077  -42.707  65.686 0.0000000000
40280  6.421  -43.023  65.246 0.0000000000
39314  5.781  -43.399  65.705 0.0000000000
143082  29.627  -25.489  62.285 0.0000000000
58073  29.479  -25.166  61.644 0.0000000000
57188  29.168  -25.844  61.279 0.0000000000
56225  29.070  -26.511  60.822 0.0000000000
53371  29.047  -28.343  68.687 0.0000000000
53372  28.304  -28.818  68.175 0.0000000000
49690  21.737  -32.650  54.926 0.0000000000
49689  22.705  -32.878  55.412 0.0000000000
49705  22.406  -33.033  54.196 0.0000000000
58966  28.215  -23.203  52.356 0.0000000000
58969  28.147  -23.096  51.474 0.0000000000
129085  51.232  -6.290  38.325 0.0000000000
74725  51.595  -6.468  37.406 0.0000000000
73865  51.534  -6.784  36.341 0.0000000000
125544  37.832  -18.552  47.557 0.0000000000
62654  37.380  -19.325  47.966 0.0000000000
136825  34.513  -22.876  47.041 0.0000000000
59912  34.679  -22.330  46.762 0.0000000000
59913  34.213  -22.897  46.421 0.0000000000
59920  33.835  -22.902  45.645 0.0000000000
59037  33.585  -23.435  46.211 0.0000000000
62642  39.528  -19.010  48.870 0.0000000000
63596  40.002  -18.242  48.506 0.0000000000
63597  39.148  -18.594  48.361 0.0000000000
63600  39.688  -17.880  47.910 0.0000000000
43934  13.555  -39.293  59.246 0.0000000000
135942  14.002  -40.016  58.204 0.0000000000
43945  13.532  -40.041  58.795 0.0000000000
42330  13.505  -40.743  58.767 0.0000000000
119423  13.077  -39.783  59.618 0.0000000000
46765  23.028  -33.713  64.962 0.0000000000
47769  23.386  -33.491  64.376 0.0000000000
47807  22.126  -33.658  63.345 0.0000000000
49653  18.299  -32.855  58.709 0.0000000000
50544  18.583  -32.820  57.746 0.0000000000
50543  19.367  -32.403  57.366 0.0000000000
49678  18.265  -33.528  55.985 0.0000000000
54387  26.202  -28.713  52.912 0.0000000000
69356  46.078  -11.820  41.791 0.0000000000
69364  46.066  -12.165  40.867 0.0000000000
71193  47.368  -10.394  38.272 0.0000000000
47760  18.545  -34.266  65.580 0.0000000000
47761  17.343  -34.442  65.368 0.0000000000
47752  18.829  -34.400  66.223 0.0000000000
47759  19.763  -34.328  65.548 0.0000000000
135834  19.258  -33.997  65.000 0.0000000000
68406  44.504  -13.285  45.806 0.0000000000
68419  45.201  -13.122  44.634 0.0000000000
69329  44.018  -12.615  44.242 0.0000000000
46791  14.615  -35.406  64.632 0.0000000000
46792  13.756  -35.931  64.530 0.0000000000
139027  12.197  -39.599  62.684 0.0000000000
42282  11.806  -40.368  62.828 0.0000000000
121704  10.471  -41.667  67.246 0.0000000000
41318  9.611  -41.967  61.342 0.0000000000
58091  28.826  -24.363  57.673 0.0000000000
58096  28.707  -24.039  56.994 0.0000000000
58950  28.667  -23.798  56.334 0.0000000000
58097  28.426  -24.519  56.723 0.0000000000
57224  28.095  -25.100  56.322 0.0000000000
57215  28.304  -25.359  57.144 0.0000000000
52500  28.149  -30.530  55.392 0.0000000000
48704  25.590  -32.117  62.749 0.0000000000
50492  26.433  -31.120  63.265 0.0000000000
48713  25.704  -32.090  62.142 0.0000000000
124459  27.429  -31.919  58.725 0.0000000000
49624  27.528  -31.379  60.330 0.0000000000
50523  27.910  -30.937  59.993 0.0000000000
50522  28.402  -30.313  60.322 0.0000000000
50531  28.123  -31.351  58.882 0.0000000000
132922  28.191  -31.145  58.757 0.0000000000
50532  27.706  -31.722  58.140 0.0000000000
136691  33.176  -21.763  51.196 0.0000000000
59837  32.750  -21.921  50.569 0.0000000000
61715  38.346  -20.339  49.232 0.0000000000
61727  37.547  -20.786  48.821 0.0000000000
60796  36.656  -22.082  49.213 0.0000000000
60813  36.545  -21.863  48.774 0.0000000000
59886  36.047  -22.342  48.732 0.0000000000
59899  35.483  -22.377  48.043 0.0000000000
62630  42.035  -19.177  51.115 0.0000000000
61714  39.017  -20.482  49.876 0.0000000000
62637  39.179  -19.760  49.390 0.0000000000
123105  13.989  -36.746  59.280 0.0000000000
46881  14.337  -36.980  58.643 0.0000000000
123762  13.892  -37.698  59.122 0.0000000000
45825  13.609  -37.449  59.917 0.0000000000
47829  18.598  -33.346  62.787 0.0000000000
48728  18.980  -32.888  62.206 0.0000000000
48761  17.311  -33.264  59.777 0.0000000000
49642  17.925  -32.939  59.418 0.0000000000
48788  16.871  -34.064  58.090 0.0000000000
47897  15.607  -35.814  57.780 0.0000000000
66594  41.651  -14.696  47.765 0.0000000000
119403  41.637  -14.375  47.202 0.0000000000
67511  41.886  -13.785  46.652 0.0000000000
68409  41.641  -13.540  45.886 0.0000000000
68408  42.498  -13.237  45.870 0.0000000000
118931  42.012  -13.048  45.238 0.0000000000
136040  41.375  -13.412  45.262 0.0000000000
67535  39.072  -14.869  43.728 0.0000000000
128770  40.257  -13.678  43.987 0.0000000000
68431  39.614  -14.134  43.606 0.0000000000
44795  13.367  -36.903  65.775 0.0000000000
44787  13.377  -37.159  66.497 0.0000000000
43877  12.452  -38.569  65.991 0.0000000000
40268  8.935  -42.489  66.790 0.0000000000
129801  9.514  -42.110  66.348 0.0000000000
40296  7.986  -42.377  63.624 0.0000000000
40297  7.143  -42.678  63.348 0.0000000000
40298  6.317  -43.318  62.979 0.0000000000
39315  4.996  -43.792  65.270 0.0000000000
38320  4.521  -44.486  64.767 0.0000000000
58079  29.298  -24.982  60.080 0.0000000000
58082  29.326  -24.101  59.903 0.0000000000
58083  28.946  -24.746  59.298 0.0000000000
58087  28.851  -24.612  58.450 0.0000000000
57203  28.707  -25.367  58.769 0.0000000000
55245  28.596  -27.428  59.278 0.0000000000
55250  28.413  -27.144  58.515 0.0000000000
54343  28.462  -28.029  58.913 0.0000000000
136467  28.356  -28.680  58.449 0.0000000000
48787  23.392  -33.069  58.302 0.0000000000
47877  24.398  -32.928  59.271 0.0000000000
48786  23.839  -33.309  58.121 0.0000000000
48799  23.967  -33.573  56.493 0.0000000000
119245  24.103  -33.536  57.387 0.0000000000
48798  24.348  -33.507  56.718 0.0000000000
48783  25.613  -33.110  57.984 0.0000000000
48797  24.855  -33.350  57.001 0.0000000000
59840  30.160  -22.019  51.318 0.0000000000
59855  30.403  -22.170  50.465 0.0000000000
59856  29.567  -22.342  50.775 0.0000000000
58998  28.371  -23.173  49.606 0.0000000000
59013  28.666  -23.593  48.747 0.0000000000
73884  51.951  -7.643  34.771 0.0000000000
73031  52.310  -8.333  34.237 0.0000000000
64561  37.910  -17.623  46.367 0.0000000000
63622  36.001  -18.162  45.972 0.0000000000
62679  35.286  -18.923  45.944 0.0000000000
143072  34.871  -19.384  45.865 0.0000000000
127009  36.190  -20.728  47.829 0.0000000000
62655  36.537  -19.611  47.640 0.0000000000
61743  35.410  -20.704  47.104 0.0000000000
61757  34.674  -20.624  46.389 0.0000000000
61772  33.968  -20.404  44.971 0.0000000000
63589  41.891  -18.573  50.533 0.0000000000
64544  41.692  -17.692  49.998 0.0000000000
64550  40.877  -17.118  48.758 0.0000000000
64547  41.342  -17.089  49.298 0.0000000000
65574  41.205  -16.509  48.823 0.0000000000
66591  41.169  -15.937  48.481 0.0000000000
65576  40.778  -16.510  48.234 0.0000000000
64555  39.269  -17.648  47.221 0.0000000000
64558  40.286  -16.803  47.257 0.0000000000
64559  39.691  -17.052  46.777 0.0000000000
65582  39.057  -16.973  46.158 0.0000000000
50451  25.868  -30.900  67.938 0.0000000000
51399  26.304  -30.497  67.543 0.0000000000
50461  25.677  -31.105  66.903 0.0000000000
48698  24.210  -32.823  64.344 0.0000000000
48706  24.582  -32.666  63.488 0.0000000000
48697  24.780  -32.412  63.873 0.0000000000
46836  23.804  -33.418  61.988 0.0000000000
48743  19.483  -32.731  61.547 0.0000000000
48726  21.117  -33.313  62.248 0.0000000000
48742  20.616  -32.885  61.533 0.0000000000
50524  20.881  -32.215  59.357 0.0000000000
49625  21.218  -32.722  60.737 0.0000000000
49640  21.591  -32.515  59.993 0.0000000000
48759  22.743  -33.309  60.358 0.0000000000
49639  22.549  -32.931  59.643 0.0000000000
50551  20.430  -32.214  56.224 0.0000000000
50560  21.135  -32.402  55.653 0.0000000000
50561  20.399  -32.485  55.354 0.0000000000
48802  16.655  -35.022  56.839 0.0000000000
48801  17.190  -34.590  56.363 0.0000000000
47908  16.907  -35.325  55.957 0.0000000000
70269  49.070  -11.002  42.954 0.0000000000
71177  48.549  -10.578  41.517 0.0000000000
71176  49.215  -10.115  41.894 0.0000000000
72091  48.781  -9.793  41.228 0.0000000000
69378  45.971  -12.220  40.026 0.0000000000
70282  46.525  -11.788  40.382 0.0000000000
72102  47.552  -9.619  39.138 0.0000000000
72098  48.258  -8.905  40.261 0.0000000000
73003  48.309  -8.277  39.835 0.0000000000
73847  48.746  -7.817  40.021 0.0000000000
73013  47.908  -8.331  37.973 0.0000000000
73859  48.465  -7.709  38.388 0.0000000000
73863  48.467  -7.705  37.402 0.0000000000
73862  49.172  -7.224  37.413 0.0000000000
73868  48.433  -8.147  36.519 0.0000000000
48715  16.757  -33.688  62.356 0.0000000000
47762  16.325  -34.822  65.185 0.0000000000
47792  15.868  -34.696  64.309 0.0000000000
47774  15.737  -35.004  64.845 0.0000000000
46789  15.715  -35.266  65.683 0.0000000000
46755  17.919  -34.685  66.799 0.0000000000
119483  16.442  -35.566  67.277 0.0000000000
45771  15.755  -36.057  67.243 0.0000000000
137012  14.651  -36.308  66.620 0.0000000000
52381  27.146  -30.107  69.173 0.0000000000
49554  24.162  -32.318  67.476 0.0000000000
125207  21.224  -33.942  65.291 0.0000000000
131878  21.843  -33.955  65.399 0.0000000000
46805  21.687  -33.884  64.796 0.0000000000
46787  21.098  -33.805  64.715 0.0000000000
47788  20.175  -33.583  64.002 0.0000000000
47790  17.955  -33.896  63.879 0.0000000000
47811  18.333  -33.564  63.289 0.0000000000
64587  36.333  -17.342  44.639 0.0000000000
69338  45.479  -12.785  43.822 0.0000000000
131831  45.707  -12.589  43.006 0.0000000000
69348  45.495  -12.298  42.308 0.0000000000
69341  42.697  -12.539  43.645 0.0000000000
69360  41.683  -12.414  41.436 0.0000000000
123372  42.338  -12.226  42.085 0.0000000000
69359  42.581  -12.218  41.158 0.0000000000
119611  44.073  -12.460  42.030 0.0000000000
47814  15.235  -34.573  62.875 0.0000000000
46824  13.203  -36.501  62.594 0.0000000000
46839  13.585  -35.829  62.009 0.0000000000
46840  13.153  -36.801  61.551 0.0000000000
45826  13.229  -37.599  60.796 0.0000000000
45820  12.832  -37.967  61.489 0.0000000000
45804  12.462  -37.771  63.615 0.0000000000
44821  12.482  -39.237  61.897 0.0000000000
44820  12.616  -39.216  61.008 0.0000000000
43925  12.534  -39.810  60.829 0.0000000000
41327  11.905  -41.523  59.729 0.0000000000
141113  11.435  -41.550  59.844 0.0000000000
42231  11.313  -40.631  66.304 0.0000000000
42258  11.334  -40.504  65.390 0.0000000000
121864  11.613  -40.053  64.725 0.0000000000
42259  11.308  -40.766  64.650 0.0000000000
40285  9.697  -41.853  65.231 0.0000000000
41283  9.736  -41.875  64.307 0.0000000000
41294  10.085  -41.415  62.781 0.0000000000
42271  10.878  -41.222  63.087 0.0000000000
42283  11.368  -40.604  62.432 0.0000000000
42284  10.655  -40.828  62.119 0.0000000000
38292  3.535  -44.588  66.723 0.0000000000
38293  2.778  -45.135  66.968 0.0000000000
38307  2.979  -45.289  66.383 0.0000000000
60761  34.196  -21.429  52.551 0.0000000000
122181  32.327  -21.211  52.974 0.0000000000
60763  31.427  -21.315  52.789 0.0000000000
60750  31.634  -21.343  53.630 0.0000000000
59818  30.202  -21.982  54.128 0.0000000000
59807  30.292  -22.353  57.471 0.0000000000
58955  28.643  -23.613  55.592 0.0000000000
58954  29.080  -22.973  55.194 0.0000000000
58108  27.944  -23.762  54.138 0.0000000000
58109  27.316  -24.425  53.680 0.0000000000
58106  27.471  -24.551  54.597 0.0000000000
57231  26.713  -25.893  54.304 0.0000000000
55277  26.112  -27.548  53.860 0.0000000000
55276  26.461  -27.383  54.563 0.0000000000
55255  27.733  -27.239  56.882 0.0000000000
53483  27.109  -29.381  55.345 0.0000000000
54361  26.868  -28.408  55.640 0.0000000000
143652  26.729  -28.958  54.928 0.0000000000
54376  26.842  -28.766  54.218 0.0000000000
52526  27.308  -29.996  53.668 0.0000000000
52515  27.481  -30.236  54.285 0.0000000000
51527  27.785  -31.213  54.125 0.0000000000
130574  27.492  -32.335  52.269 0.0000000000
51398  26.885  -29.883  67.000 0.0000000000
51407  27.097  -30.028  65.742 0.0000000000
52416  27.934  -29.767  64.243 0.0000000000
52406  27.768  -29.566  65.221 0.0000000000
52405  28.379  -29.179  64.784 0.0000000000
52415  28.438  -29.403  63.929 0.0000000000
48739  25.781  -32.636  60.622 0.0000000000
49606  26.626  -31.395  62.233 0.0000000000
143369  26.770  -31.541  61.774 0.0000000000
51453  28.296  -30.239  61.550 0.0000000000
51448  28.163  -30.188  62.279 0.0000000000
52435  28.407  -29.726  62.513 0.0000000000
53408  28.824  -29.009  63.618 0.0000000000
53407  29.148  -28.550  63.224 0.0000000000
54298  29.671  -27.709  63.691 0.0000000000
53417  28.852  -28.728  62.303 0.0000000000
53428  28.959  -28.978  60.975 0.0000000000
53422  29.038  -28.798  61.230 0.0000000000
54319  29.291  -28.601  61.115 0.0000000000
55224  29.428  -28.259  61.290 0.0000000000
54320  29.145  -28.718  60.830 0.0000000000
55239  29.187  -28.372  60.626 0.0000000000
54328  28.881  -28.939  60.704 0.0000000000
51476  27.945  -31.216  58.080 0.0000000000
52465  28.414  -30.223  58.821 0.0000000000
51483  28.225  -31.652  57.124 0.0000000000
52474  28.003  -30.772  57.775 0.0000000000
51484  28.429  -31.773  56.590 0.0000000000
49685  25.494  -33.033  55.742 0.0000000000
50559  27.484  -32.068  55.627 0.0000000000
50571  27.187  -32.247  54.497 0.0000000000
121044  27.521  -31.737  54.060 0.0000000000
138412  35.722  -22.173  51.293 0.0000000000
125564  36.131  -22.506  50.544 0.0000000000
122307  35.410  -22.314  50.647 0.0000000000
59874  33.458  -22.577  49.063 0.0000000000
58996  33.658  -23.015  48.295 0.0000000000
59007  34.464  -23.021  48.137 0.0000000000
59877  30.642  -22.304  49.567 0.0000000000
59876  31.569  -22.252  49.312 0.0000000000
59890  30.901  -22.577  48.712 0.0000000000
59025  31.477  -23.323  47.177 0.0000000000
59024  32.451  -23.352  47.037 0.0000000000
73037  55.146  -8.441  33.042 0.0000000000
73044  54.454  -8.841  32.587 0.0000000000
73043  55.044  -8.238  32.622 0.0000000000
73034  49.455  -9.180  34.775 0.0000000000
61716  37.772  -21.074  49.456 0.0000000000
60795  37.297  -21.839  49.736 0.0000000000
59871  36.279  -22.428  49.321 0.0000000000
60793  38.808  -21.026  50.318 0.0000000000
123602  14.991  -36.383  58.255 0.0000000000
47861  14.416  -35.971  59.652 0.0000000000
140707  16.700  -33.489  59.716 0.0000000000
133491  16.566  -34.371  58.213 0.0000000000
48777  16.204  -34.324  58.764 0.0000000000
66600  40.616  -15.828  46.904 0.0000000000
67513  40.851  -14.993  46.733 0.0000000000
66604  40.523  -15.289  46.394 0.0000000000
67518  40.701  -14.687  46.130 0.0000000000
67528  40.445  -14.385  45.341 0.0000000000
68423  40.750  -13.622  44.797 0.0000000000
67529  39.756  -14.764  44.938 0.0000000000
123265  39.495  -14.591  44.265 0.0000000000
44781  13.858  -37.310  67.951 0.0000000000
121689  13.417  -37.349  67.206 0.0000000000
43869  13.117  -37.873  67.574 0.0000000000
119270  5.083  -43.750  66.126 0.0000000000
127183  29.680  -24.436  61.745 0.0000000000
127044  29.273  -25.199  60.832 0.0000000000
56248  28.871  -26.161  59.090 0.0000000000
56236  28.987  -26.394  59.916 0.0000000000
55240  28.790  -27.867  60.037 0.0000000000
49675  22.869  -32.858  56.490 0.0000000000
49661  23.571  -33.266  57.175 0.0000000000
48811  23.822  -33.488  55.752 0.0000000000
49687  23.949  -33.591  55.032 0.0000000000
59857  28.779  -22.540  51.061 0.0000000000
58982  28.154  -22.981  50.511 0.0000000000
74719  50.343  -6.569  38.606 0.0000000000
141962  50.976  -6.196  39.053 0.0000000000
132560  52.759  -6.714  36.003 0.0000000000
74737  52.177  -6.790  35.929 0.0000000000
73875  51.647  -7.175  35.454 0.0000000000
73885  51.002  -7.608  34.813 0.0000000000
63610  38.347  -17.941  47.041 0.0000000000
63611  37.371  -18.025  47.014 0.0000000000
60836  34.997  -21.507  46.938 0.0000000000
132854  33.767  -22.197  45.100 0.0000000000
63592  40.955  -18.310  49.196 0.0000000000
127720  41.183  -17.701  49.200 0.0000000000
63595  40.787  -17.608  48.690 0.0000000000
42322  13.063  -40.875  59.255 0.0000000000
132015  24.487  -32.261  66.162 0.0000000000
50462  25.072  -31.677  66.105 0.0000000000
49581  24.093  -32.616  65.704 0.0000000000
46802  23.189  -33.604  63.692 0.0000000000
47825  22.689  -33.447  62.379 0.0000000000
126159  19.652  -32.534  60.159 0.0000000000
50525  19.869  -32.368  59.423 0.0000000000
50533  20.209  -32.199  58.746 0.0000000000
50541  20.973  -32.163  58.398 0.0000000000
50542  20.098  -32.184  57.893 0.0000000000
128374  19.990  -31.980  57.003 0.0000000000
50552  19.498  -32.374  56.338 0.0000000000
49677  19.050  -32.955  55.648 0.0000000000
56322  26.252  -26.808  53.095 0.0000000000
70271  47.668  -11.600  42.294 0.0000000000
70275  47.518  -11.465  41.470 0.0000000000
71178  48.007  -11.083  41.039 0.0000000000
70293  46.571  -11.714  39.562 0.0000000000
70302  47.167  -11.045  39.051 0.0000000000
72107  47.426  -9.611  38.323 0.0000000000
73020  47.513  -9.011  37.697 0.0000000000
47791  16.787  -34.192  64.031 0.0000000000
47773  17.416  -34.274  64.583 0.0000000000
142890  16.785  -34.572  64.896 0.0000000000
46788  20.615  -33.975  65.214 0.0000000000
47771  19.743  -33.693  64.478 0.0000000000
141035  20.116  -33.918  64.962 0.0000000000
68418  45.962  -13.087  44.371 0.0000000000
69339  44.242  -12.553  43.427 0.0000000000
69352  42.042  -12.463  42.875 0.0000000000
47794  14.642  -35.119  63.438 0.0000000000
131317  12.367  -38.538  63.972 0.0000000000
132377  12.235  -38.465  63.223 0.0000000000
44809  12.199  -39.114  63.313 0.0000000000
137184  12.194  -39.668  62.011 0.0000000000
43102  12.286  -40.235  61.087 0.0000000000
43091  12.116  -39.960  61.709 0.0000000000
42297  11.440  -40.814  61.449 0.0000000000
42232  10.967  -41.203  66.654 0.0000000000
41295  9.365  -41.880  63.560 0.0000000000
142188  31.826  -21.351  54.270 0.0000000000
60737  31.655  -21.366  54.924 0.0000000000
124767  30.333  -21.880  54.891 0.0000000000
58936  29.752  -23.158  58.723 0.0000000000
125432  29.638  -22.983  57.856 0.0000000000
58942  29.619  -22.896  57.013 0.0000000000
58948  29.628  -22.793  56.202 0.0000000000
58949  29.175  -23.412  56.593 0.0000000000
58102  27.722  -24.830  55.494 0.0000000000
57225  27.469  -25.768  55.839 0.0000000000
54349  27.729  -28.262  57.118 0.0000000000
54350  27.339  -28.080  56.404 0.0000000000
53482  27.687  -30.040  54.967 0.0000000000
121765  26.198  -31.143  64.471 0.0000000000
51432  26.811  -30.624  64.109 0.0000000000
50483  26.932  -30.646  63.456 0.0000000000
51431  27.501  -30.319  63.822 0.0000000000
48757  26.422  -32.353  60.363 0.0000000000
49615  27.302  -31.371  61.243 0.0000000000
50516  27.727  -30.999  60.740 0.0000000000
51452  28.486  -30.138  61.007 0.0000000000
52442  28.672  -29.472  61.222 0.0000000000
52449  28.608  -29.758  60.867 0.0000000000
52458  28.566  -29.797  60.255 0.0000000000
52457  28.590  -29.279  60.279 0.0000000000
51471  28.558  -30.072  59.949 0.0000000000
49702  24.982  -33.391  54.328 0.0000000000
49701  25.739  -32.947  53.908 0.0000000000
49715  26.049  -33.147  52.858 0.0000000000
59851  34.640  -22.241  50.338 0.0000000000
132999  33.613  -22.131  50.461 0.0000000000
59852  33.111  -22.352  49.872 0.0000000000
59875  32.571  -22.454  49.094 0.0000000000
59011  30.222  -22.944  48.100 0.0000000000
73029  54.150  -8.373  33.826 0.0000000000
61726  37.840  -19.860  48.580 0.0000000000
59900  34.897  -22.643  47.512 0.0000000000
59022  34.499  -23.023  47.573 0.0000000000
62635  41.100  -18.946  49.867 0.0000000000
62632  40.711  -19.623  50.378 0.0000000000
62636  40.518  -19.159  49.612 0.0000000000
138127  39.852  -19.331  49.389 0.0000000000
45841  14.732  -37.188  57.994 0.0000000000
44832  13.936  -38.618  58.908 0.0000000000
47809  20.816  -33.683  63.647 0.0000000000
47826  21.349  -33.464  63.085 0.0000000000
47827  20.516  -33.408  63.094 0.0000000000
129978  17.927  -33.247  58.000 0.0000000000
49679  17.495  -33.836  56.710 0.0000000000
49665  17.301  -33.550  57.628 0.0000000000
47896  16.271  -35.485  57.321 0.0000000000
69365  45.253  -12.200  40.596 0.0000000000
46754  19.602  -34.323  67.241 0.0000000000
68393  43.453  -13.905  47.526 0.0000000000
143419  43.407  -13.605  46.988 0.0000000000
67512  41.259  -14.548  46.855 0.0000000000
139684  43.899  -13.372  46.428 0.0000000000
68407  43.626  -13.069  45.672 0.0000000000
68421  43.708  -12.745  44.889 0.0000000000
69331  42.382  -12.758  44.451 0.0000000000
68429  40.883  -13.230  43.859 0.0000000000
45788  13.950  -36.292  65.747 0.0000000000
45794  13.436  -36.448  65.167 0.0000000000
120417  12.742  -37.236  65.115 0.0000000000
43892  12.242  -39.219  64.109 0.0000000000
43073  12.039  -39.806  63.957 0.0000000000
119919  8.523  -42.355  65.158 0.0000000000
40295  8.652  -42.123  63.835 0.0000000000
40308  7.925  -42.684  61.946 0.0000000000
58926  29.845  -23.451  60.473 0.0000000000
58932  29.814  -23.305  59.583 0.0000000000
56262  28.392  -26.012  57.777 0.0000000000
125979  28.602  -26.619  58.817 0.0000000000
136640  28.452  -26.473  58.252 0.0000000000
46871  24.222  -33.302  60.078 0.0000000000
134431  25.376  -32.668  61.204 0.0000000000
47857  24.544  -33.143  59.709 0.0000000000
47876  24.688  -32.997  59.352 0.0000000000
47875  25.137  -32.997  59.656 0.0000000000
47894  24.525  -33.019  58.750 0.0000000000
48773  25.030  -33.022  58.797 0.0000000000
48771  26.003  -32.496  59.293 0.0000000000
48782  26.193  -32.632  58.354 0.0000000000
48795  26.425  -32.704  57.597 0.0000000000
49660  27.053  -32.357  57.882 0.0000000000
48796  25.885  -32.957  57.091 0.0000000000
48808  25.371  -33.136  56.564 0.0000000000
139732  25.077  -33.284  55.262 0.0000000000
49686  24.542  -33.477  55.132 0.0000000000
60775  31.572  -21.575  51.819 0.0000000000
59838  31.854  -21.690  50.776 0.0000000000
59012  29.428  -23.223  48.421 0.0000000000
142874  53.205  -7.323  35.243 0.0000000000
73040  52.641  -9.079  33.682 0.0000000000
65589  38.749  -16.474  45.528 0.0000000000
65590  37.811  -16.632  45.299 0.0000000000
64562  36.950  -17.715  46.306 0.0000000000
64575  36.532  -17.431  45.498 0.0000000000
62668  35.220  -19.770  46.488 0.0000000000
62669  34.507  -19.910  45.619 0.0000000000
64546  41.975  -17.028  49.764 0.0000000000
66590  41.678  -15.174  48.409 0.0000000000
66595  40.971  -15.599  47.993 0.0000000000
64553  40.510  -16.895  47.721 0.0000000000
65578  40.465  -16.435  47.288 0.0000000000
65581  39.600  -16.509  46.131 0.0000000000
52380  27.651  -29.426  68.728 0.0000000000
50471  25.914  -31.165  65.583 0.0000000000
49599  25.376  -32.053  63.441 0.0000000000
47824  24.720  -33.159  61.623 0.0000000000
47844  22.140  -33.351  62.112 0.0000000000
47843  22.969  -33.403  61.579 0.0000000000
119118  23.443  -33.409  60.860 0.0000000000
47859  23.362  -33.406  60.256 0.0000000000
47858  23.880  -33.349  60.139 0.0000000000
47879  23.702  -33.239  59.795 0.0000000000
139973  23.281  -32.926  59.166 0.0000000000
49663  21.859  -32.482  57.783 0.0000000000
134415  22.236  -32.607  56.862 0.0000000000
49706  21.275  -32.916  53.957 0.0000000000
58112  27.221  -24.337  52.741 0.0000000000
72996  50.087  -8.496  41.569 0.0000000000
70281  47.219  -11.380  40.711 0.0000000000
71183  47.538  -10.658  40.303 0.0000000000
72097  48.897  -9.069  40.801 0.0000000000
72997  49.484  -8.499  40.923 0.0000000000
73843  50.003  -7.963  41.010 0.0000000000
73846  49.413  -7.709  40.421 0.0000000000
74703  49.937  -7.038  40.033 0.0000000000
74712  49.784  -6.927  39.216 0.0000000000
73006  48.096  -8.327  38.929 0.0000000000
73858  49.115  -7.329  38.843 0.0000000000
140177  49.599  -6.907  38.509 0.0000000000
74720  49.685  -6.832  37.879 0.0000000000
73861  49.832  -7.052  37.108 0.0000000000
122812  49.811  -7.363  36.244 0.0000000000
73877  49.025  -7.910  35.919 0.0000000000
48732  15.587  -34.111  61.183 0.0000000000
47793  15.357  -34.786  63.855 0.0000000000
47776  14.855  -35.171  64.123 0.0000000000
120211  17.162  -34.989  67.281 0.0000000000
46773  15.035  -35.595  65.705 0.0000000000
45787  14.554  -36.031  66.012 0.0000000000
44780  14.819  -37.018  68.138 0.0000000000
53364  28.951  -28.357  69.522 0.0000000000
50441  25.694  -30.830  68.444 0.0000000000
50452  25.282  -31.353  67.754 0.0000000000
49567  24.088  -32.608  66.643 0.0000000000
48678  23.535  -33.039  66.180 0.0000000000
46785  22.667  -33.832  64.825 0.0000000000
47758  22.805  -33.658  65.944 0.0000000000
46786  22.218  -33.852  64.982 0.0000000000
137906  21.454  -34.131  64.259 0.0000000000
125047  20.128  -33.503  63.535 0.0000000000
47789  19.087  -33.542  63.934 0.0000000000
48731  16.331  -33.659  61.342 0.0000000000
65602  37.600  -16.427  44.540 0.0000000000
70265  48.517  -11.531  43.435 0.0000000000
70266  47.807  -11.867  43.098 0.0000000000
69336  47.211  -12.374  43.657 0.0000000000
69347  47.009  -12.009  42.853 0.0000000000
69351  42.969  -12.342  42.840 0.0000000000
69350  43.794  -12.427  42.781 0.0000000000
138893  44.339  -12.498  42.700 0.0000000000
69358  44.554  -12.175  41.277 0.0000000000
47845  14.878  -34.744  60.774 0.0000000000
140004  14.166  -35.749  60.493 0.0000000000
124510  13.684  -36.022  61.216 0.0000000000
45803  12.785  -37.124  63.169 0.0000000000
44814  12.608  -38.463  62.046 0.0000000000
121204  12.902  -38.469  60.884 0.0000000000
44826  13.019  -38.886  60.321 0.0000000000
42307  12.610  -40.648  59.810 0.0000000000
138489  12.354  -40.592  60.490 0.0000000000
41335  12.595  -41.384  59.387 0.0000000000
41273  10.400  -41.542  65.359 0.0000000000
124724  10.876  -41.262  64.642 0.0000000000
41282  10.308  -41.655  64.505 0.0000000000
135664  11.347  -41.054  64.026 0.0000000000
39299  4.447  -44.161  66.545 0.0000000000
38322  3.252  -45.414  65.726 0.0000000000
59834  37.256  -22.138  51.285 0.0000000000
60773  33.606  -21.540  51.873 0.0000000000
60774  32.620  -21.474  52.028 0.0000000000
60776  30.643  -21.724  51.774 0.0000000000
59828  29.941  -21.861  52.157 0.0000000000
60751  30.794  -21.530  53.415 0.0000000000
59829  29.321  -22.426  52.538 0.0000000000
59830  28.703  -22.781  52.740 0.0000000000
59819  29.644  -22.361  54.851 0.0000000000
136582  29.520  -22.691  55.556 0.0000000000
58958  29.089  -22.822  54.396 0.0000000000
129105  28.648  -23.225  54.011 0.0000000000
58962  28.278  -23.275  53.270 0.0000000000
58967  27.733  -23.627  52.749 0.0000000000
58110  26.715  -25.092  53.200 0.0000000000
57235  26.516  -25.889  53.572 0.0000000000
54377  26.260  -28.375  53.682 0.0000000000
56278  27.579  -26.507  56.424 0.0000000000
56294  27.205  -26.656  55.754 0.0000000000
55266  26.891  -27.355  55.309 0.0000000000
124815  27.142  -29.790  53.022 0.0000000000
52538  27.602  -30.392  52.914 0.0000000000
52537  28.190  -30.963  52.505 0.0000000000
56216  29.740  -26.575  62.488 0.0000000000
53378  28.368  -28.943  67.034 0.0000000000
53377  29.031  -28.545  66.513 0.0000000000
52395  28.399  -29.107  65.880 0.0000000000
53387  29.395  -28.198  65.057 0.0000000000
49607  26.037  -31.716  62.465 0.0000000000
50491  26.996  -30.713  62.957 0.0000000000
51443  27.614  -30.422  63.240 0.0000000000
122198  27.740  -30.558  62.068 0.0000000000
51442  28.130  -30.136  62.958 0.0000000000
54287  29.772  -27.628  64.714 0.0000000000
53416  28.998  -28.379  62.025 0.0000000000
54306  29.276  -27.993  62.213 0.0000000000
127487  29.680  -27.453  63.006 0.0000000000
55218  29.765  -27.048  62.772 0.0000000000
55225  29.476  -27.421  61.833 0.0000000000
56224  29.407  -26.597  61.647 0.0000000000
126564  29.317  -27.190  61.167 0.0000000000
53436  28.580  -28.981  60.145 0.0000000000
53446  28.589  -29.550  59.700 0.0000000000
125895  28.551  -28.922  59.360 0.0000000000
53466  28.128  -30.106  57.203 0.0000000000
52487  28.390  -31.078  55.948 0.0000000000
49659  27.859  -31.997  57.412 0.0000000000
49671  27.553  -32.074  56.657 0.0000000000
50549  28.455  -32.016  56.959 0.0000000000
49684  26.421  -32.625  55.352 0.0000000000
51496  28.305  -31.492  55.906 0.0000000000
50592  26.810  -32.727  52.481 0.0000000000
59848  36.942  -22.273  50.415 0.0000000000
59849  36.277  -22.583  49.800 0.0000000000
59872  35.737  -22.544  49.128 0.0000000000
59873  34.913  -22.492  49.386 0.0000000000
58994  35.064  -22.637  48.597 0.0000000000
59010  31.214  -23.070  47.971 0.0000000000
59888  32.745  -22.778  48.316 0.0000000000
59008  33.079  -23.212  47.662 0.0000000000
123642  33.359  -23.399  46.980 0.0000000000
73886  50.283  -7.824  35.044 0.0000000000
73033  50.403  -8.492  34.530 0.0000000000
46766  22.455  -33.829  65.555 0.0000000000
46784  22.975  -33.809  64.430 0.0000000000
46803  22.673  -34.015  64.031 0.0000000000
46804  22.280  -34.063  64.424 0.0000000000
46819  23.521  -33.411  62.798 0.0000000000
46820  22.976  -33.606  63.253 0.0000000000
46821  22.331  -34.006  63.773 0.0000000000
46822  21.858  -34.212  64.180 0.0000000000
46835  24.322  -33.306  61.491 0.0000000000
46838  22.788  -33.521  62.874 0.0000000000
46854  24.666  -33.081  60.966 0.0000000000
46855  24.331  -33.283  60.909 0.0000000000
46856  23.873  -33.396  60.833 0.0000000000
46870  24.647  -33.211  60.388 0.0000000000
47738  23.066  -33.398  66.992 0.0000000000
47757  23.052  -33.584  65.517 0.0000000000
47768  23.671  -33.250  64.781 0.0000000000
47786  24.036  -33.040  63.943 0.0000000000
47787  23.731  -33.304  63.291 0.0000000000
47805  24.919  -33.091  62.176 0.0000000000
47806  24.190  -33.282  62.306 0.0000000000
47808  21.494  -33.806  63.606 0.0000000000
47840  25.396  -32.745  60.742 0.0000000000
47841  25.088  -32.970  60.582 0.0000000000
47842  23.411  -33.426  61.552 0.0000000000
47855  25.276  -32.942  60.309 0.0000000000
47856  24.982  -33.190  60.033 0.0000000000
47878  24.109  -33.070  59.598 0.0000000000
48688  24.446  -32.565  64.768 0.0000000000
48689  23.827  -32.971  65.225 0.0000000000
48705  25.112  -32.401  63.080 0.0000000000
48714  25.395  -32.455  62.391 0.0000000000
48723  26.131  -32.313  61.070 0.0000000000
48724  25.964  -31.985  61.663 0.0000000000
48725  25.569  -32.440  61.768 0.0000000000
48740  22.827  -33.367  61.006 0.0000000000
48756  26.838  -31.888  60.815 0.0000000000
48772  25.451  -32.731  59.058 0.0000000000
48785  24.453  -33.460  57.663 0.0000000000
49566  24.702  -32.015  67.064 0.0000000000
49598  25.974  -31.681  63.074 0.0000000000
49616  26.469  -31.859  61.430 0.0000000000
49617  26.147  -31.760  61.918 0.0000000000
49626  20.095  -32.618  60.847 0.0000000000
49636  27.759  -31.586  59.289 0.0000000000
49637  27.139  -31.979  59.913 0.0000000000
49649  26.761  -32.240  58.654 0.0000000000
49673  26.057  -32.830  56.292 0.0000000000
50472  25.448  -31.637  64.868 0.0000000000
50484  26.445  -31.025  63.760 0.0000000000
50498  27.681  -30.505  62.706 0.0000000000
50508  27.265  -31.092  61.904 0.0000000000
50539  27.825  -31.640  57.904 0.0000000000
51447  28.376  -29.993  61.835 0.0000000000
51459  28.516  -30.109  60.759 0.0000000000
51465  28.548  -30.034  60.287 0.0000000000
51472  28.391  -30.554  59.321 0.0000000000
52428  28.715  -29.183  62.827 0.0000000000
52441  28.828  -29.198  61.088 0.0000000000
52448  28.684  -29.309  60.622 0.0000000000
53437  28.573  -28.856  59.749 0.0000000000
54313  29.244  -28.359  61.513 0.0000000000
73851  49.217  -7.430  39.686 0.0000000000
120331  20.103  -34.114  67.958 0.0000000000
123643  24.433  -32.954  62.974 0.0000000000
124059  27.084  -32.296  57.288 0.0000000000
124260  23.865  -33.420  61.514 0.0000000000
126275  22.826  -33.710  65.354 0.0000000000
131675  23.324  -33.492  65.122 0.0000000000
132359  25.093  -32.832  61.094 0.0000000000
133582  26.045  -32.635  60.056 0.0000000000
137985  25.006  -32.688  62.699 0.0000000000
140022  48.425  -9.608  40.608 0.0000000000
141186  37.434  -21.995  50.838 0.0000000000
142196  23.287  -33.452  62.561 0.0000000000
142588  25.301  -32.786  62.066 0.0000000000
143079  25.532  -32.772  60.459 0.0000000000
143111  24.312  -33.065  59.526 0.0000000000
143188  29.106  -28.833  60.922 0.0000000000
