#!ascii label  , from subject sub-032304 vox2ras=TkReg
702
39305  22.251  -44.206  65.374 0.0000000000
56300  41.802  -27.658  54.933 0.0000000000
52529  49.221  -30.340  53.298 0.0000000000
52411  38.955  -30.030  64.280 0.0000000000
133180  26.580  -40.833  66.604 0.0000000000
38273  24.857  -44.729  69.005 0.0000000000
54373  45.703  -27.797  53.872 0.0000000000
54332  45.671  -27.954  58.917 0.0000000000
51415  35.344  -30.931  65.984 0.0000000000
46722  29.456  -36.845  68.381 0.0000000000
60831  55.192  -21.390  46.872 0.0000000000
57240  51.418  -25.852  51.963 0.0000000000
54318  36.534  -27.548  60.256 0.0000000000
135973  40.751  -26.146  61.112 0.0000000000
42198  22.863  -41.992  68.986 0.0000000000
39281  23.594  -44.308  67.951 0.0000000000
56298  44.009  -27.037  54.305 0.0000000000
54347  45.771  -28.027  56.679 0.0000000000
121386  44.171  -26.310  57.439 0.0000000000
46746  34.832  -35.813  66.191 0.0000000000
42186  27.025  -41.036  70.696 0.0000000000
44778  27.814  -38.699  67.755 0.0000000000
43047  29.027  -40.274  69.604 0.0000000000
61724  52.988  -20.843  48.326 0.0000000000
58151  53.589  -24.372  47.521 0.0000000000
58989  53.251  -23.715  49.290 0.0000000000
54391  48.965  -28.548  52.476 0.0000000000
56356  49.213  -26.717  50.275 0.0000000000
54380  50.887  -28.274  52.507 0.0000000000
54409  50.487  -28.710  50.145 0.0000000000
52564  48.669  -30.037  50.488 0.0000000000
52392  36.616  -30.190  66.281 0.0000000000
52426  36.644  -30.066  63.177 0.0000000000
54296  37.379  -28.208  63.769 0.0000000000
137307  38.578  -26.737  61.393 0.0000000000
55202  40.121  -26.996  63.464 0.0000000000
55215  42.260  -27.005  62.827 0.0000000000
52422  41.169  -30.158  63.142 0.0000000000
132095  24.744  -41.703  70.345 0.0000000000
55290  45.886  -27.838  52.050 0.0000000000
53487  48.415  -29.686  53.872 0.0000000000
53474  46.503  -30.161  56.212 0.0000000000
52468  45.319  -30.099  57.539 0.0000000000
49552  32.278  -34.170  67.324 0.0000000000
50450  34.108  -32.796  67.720 0.0000000000
49561  36.035  -32.851  66.434 0.0000000000
49585  37.724  -33.572  64.505 0.0000000000
49592  40.383  -33.506  62.992 0.0000000000
47766  30.717  -35.761  65.172 0.0000000000
46704  31.043  -36.410  69.214 0.0000000000
132849  55.475  -22.696  44.697 0.0000000000
58992  50.745  -23.283  50.414 0.0000000000
57255  52.449  -26.015  49.710 0.0000000000
56386  49.529  -27.039  47.677 0.0000000000
56254  41.703  -26.818  57.702 0.0000000000
57185  43.895  -25.812  60.742 0.0000000000
54324  42.910  -27.791  60.115 0.0000000000
39304  23.158  -44.502  65.743 0.0000000000
39293  23.365  -44.415  66.966 0.0000000000
38300  24.134  -45.001  67.487 0.0000000000
55270  43.199  -27.410  54.187 0.0000000000
56285  44.417  -26.717  55.668 0.0000000000
125025  43.091  -26.982  56.246 0.0000000000
43033  27.950  -40.468  70.453 0.0000000000
61725  52.190  -20.723  48.110 0.0000000000
60804  53.240  -21.829  48.534 0.0000000000
139101  51.840  -21.829  48.856 0.0000000000
54370  49.730  -29.356  53.410 0.0000000000
54390  50.132  -28.497  52.750 0.0000000000
53492  50.068  -29.466  53.252 0.0000000000
53507  49.728  -29.824  51.132 0.0000000000
52402  37.611  -29.706  65.528 0.0000000000
54278  37.139  -29.309  65.336 0.0000000000
138936  38.280  -28.498  64.418 0.0000000000
55204  38.558  -27.202  63.437 0.0000000000
54284  39.274  -28.132  63.923 0.0000000000
130548  41.007  -28.161  63.433 0.0000000000
53404  39.961  -29.767  63.864 0.0000000000
41243  23.522  -42.415  70.115 0.0000000000
39244  24.724  -43.676  70.035 0.0000000000
40231  26.072  -42.532  70.221 0.0000000000
55280  45.216  -27.300  53.547 0.0000000000
55307  45.254  -27.437  51.453 0.0000000000
55279  45.825  -27.723  53.060 0.0000000000
54384  46.917  -28.391  52.673 0.0000000000
122303  46.151  -28.626  54.302 0.0000000000
52505  46.929  -30.357  55.194 0.0000000000
54363  45.938  -28.800  55.165 0.0000000000
55242  45.713  -27.893  58.515 0.0000000000
53449  45.659  -29.403  57.795 0.0000000000
53440  45.406  -29.103  58.340 0.0000000000
52469  44.608  -29.733  57.743 0.0000000000
54333  45.040  -28.750  58.869 0.0000000000
48648  32.466  -34.345  68.366 0.0000000000
49563  33.426  -33.321  67.368 0.0000000000
48646  33.775  -33.962  68.212 0.0000000000
48684  35.643  -34.655  66.164 0.0000000000
135268  36.653  -33.170  65.611 0.0000000000
45761  28.617  -37.569  68.640 0.0000000000
46750  29.361  -37.136  66.693 0.0000000000
46735  29.790  -36.532  67.496 0.0000000000
47737  30.536  -35.778  67.703 0.0000000000
47713  30.305  -36.532  69.175 0.0000000000
62663  54.370  -19.399  47.178 0.0000000000
59915  55.706  -22.610  45.839 0.0000000000
119193  51.903  -24.620  47.266 0.0000000000
56354  50.768  -26.003  51.810 0.0000000000
57257  49.251  -24.933  49.534 0.0000000000
58129  50.509  -24.436  50.899 0.0000000000
58981  49.946  -23.494  50.234 0.0000000000
58128  51.105  -24.488  51.353 0.0000000000
58126  52.401  -24.999  50.763 0.0000000000
56336  52.003  -25.921  51.685 0.0000000000
54417  49.322  -28.943  48.998 0.0000000000
55376  49.768  -28.173  48.657 0.0000000000
50481  34.519  -32.282  65.178 0.0000000000
125877  35.468  -31.421  63.961 0.0000000000
53420  36.681  -28.948  61.891 0.0000000000
52440  36.395  -30.581  61.411 0.0000000000
56219  39.944  -26.400  60.802 0.0000000000
56243  38.390  -27.210  59.333 0.0000000000
128515  40.202  -26.631  59.801 0.0000000000
121031  40.798  -27.020  57.990 0.0000000000
56228  41.161  -26.380  59.543 0.0000000000
57199  43.088  -26.262  59.144 0.0000000000
120820  42.299  -25.977  60.352 0.0000000000
53413  41.485  -28.732  62.313 0.0000000000
54309  42.638  -27.260  62.040 0.0000000000
121150  41.502  -28.656  61.066 0.0000000000
54325  42.016  -28.409  59.592 0.0000000000
40250  23.192  -43.361  69.182 0.0000000000
39269  24.474  -44.577  68.954 0.0000000000
37394  25.203  -45.707  68.236 0.0000000000
38289  24.651  -45.541  67.818 0.0000000000
141411  45.004  -27.139  53.935 0.0000000000
54357  45.584  -27.988  55.586 0.0000000000
56284  44.935  -27.018  55.350 0.0000000000
56264  45.059  -26.741  56.231 0.0000000000
56250  45.384  -26.655  58.403 0.0000000000
43861  26.598  -39.919  69.138 0.0000000000
43867  27.416  -39.441  67.390 0.0000000000
44765  27.352  -39.340  69.671 0.0000000000
44755  27.916  -38.753  70.156 0.0000000000
44753  29.056  -38.278  70.153 0.0000000000
44762  30.153  -37.510  69.594 0.0000000000
43860  29.655  -39.734  69.006 0.0000000000
61734  54.347  -20.838  47.528 0.0000000000
59906  54.950  -23.040  46.960 0.0000000000
59895  54.109  -22.443  48.163 0.0000000000
59003  53.818  -23.947  48.574 0.0000000000
58142  53.109  -24.970  48.846 0.0000000000
55330  47.814  -27.670  50.451 0.0000000000
55329  48.978  -27.570  50.749 0.0000000000
55328  50.123  -27.018  51.402 0.0000000000
55302  51.123  -26.962  52.386 0.0000000000
55327  51.696  -27.638  50.937 0.0000000000
54401  50.891  -28.783  51.091 0.0000000000
53516  49.452  -29.621  50.352 0.0000000000
52394  35.809  -30.491  66.431 0.0000000000
52414  35.805  -30.582  64.610 0.0000000000
53394  36.326  -30.073  65.101 0.0000000000
54297  36.948  -28.765  63.692 0.0000000000
137538  37.086  -27.858  62.291 0.0000000000
126822  37.203  -27.136  60.799 0.0000000000
141690  38.083  -27.064  62.507 0.0000000000
56204  39.042  -26.624  62.639 0.0000000000
57170  40.740  -26.001  62.345 0.0000000000
56202  42.050  -26.189  62.662 0.0000000000
55201  41.826  -26.679  63.069 0.0000000000
53402  41.428  -28.704  63.004 0.0000000000
125283  41.278  -29.875  62.678 0.0000000000
42213  23.823  -41.777  67.752 0.0000000000
43057  24.618  -41.479  68.382 0.0000000000
43050  25.180  -40.912  68.960 0.0000000000
42187  26.296  -41.431  70.614 0.0000000000
40239  27.107  -42.650  69.614 0.0000000000
54392  47.678  -28.416  51.998 0.0000000000
54383  48.400  -28.783  53.044 0.0000000000
53486  49.261  -29.781  53.692 0.0000000000
52504  47.656  -30.559  54.526 0.0000000000
51503  47.141  -30.958  55.194 0.0000000000
51490  46.056  -31.218  55.914 0.0000000000
54356  45.990  -29.103  56.245 0.0000000000
52467  46.001  -30.162  57.395 0.0000000000
48686  31.751  -34.857  65.261 0.0000000000
49578  32.717  -33.911  65.837 0.0000000000
50460  33.838  -32.717  66.675 0.0000000000
51406  34.916  -31.743  66.809 0.0000000000
48675  34.667  -34.663  67.335 0.0000000000
49548  35.020  -32.770  67.586 0.0000000000
51396  35.755  -31.630  67.046 0.0000000000
51404  36.206  -31.388  66.917 0.0000000000
51414  37.210  -31.327  65.857 0.0000000000
51426  38.373  -32.137  64.141 0.0000000000
51440  39.066  -31.695  63.710 0.0000000000
50479  38.431  -33.152  64.064 0.0000000000
48677  31.321  -35.121  66.478 0.0000000000
48649  31.779  -34.727  68.368 0.0000000000
120370  32.549  -35.589  68.560 0.0000000000
44761  30.908  -37.691  69.247 0.0000000000
45768  31.739  -37.511  67.887 0.0000000000
60841  56.302  -21.909  44.677 0.0000000000
60792  50.359  -22.127  49.176 0.0000000000
136471  51.769  -22.880  49.803 0.0000000000
58134  52.829  -24.869  49.764 0.0000000000
57265  51.993  -25.964  49.045 0.0000000000
55374  51.607  -27.137  49.543 0.0000000000
56373  51.023  -27.154  48.793 0.0000000000
56385  50.419  -26.658  48.090 0.0000000000
51446  35.847  -31.442  62.832 0.0000000000
56269  40.373  -27.255  56.322 0.0000000000
56288  41.549  -27.316  55.754 0.0000000000
56267  42.930  -26.669  56.939 0.0000000000
57197  44.496  -25.951  58.845 0.0000000000
55227  44.920  -26.376  59.897 0.0000000000
56211  43.070  -26.398  61.750 0.0000000000
55229  44.331  -26.885  60.526 0.0000000000
55236  44.755  -27.481  59.760 0.0000000000
54335  43.007  -28.317  59.225 0.0000000000
51438  40.767  -32.051  63.056 0.0000000000
51445  41.017  -31.860  62.394 0.0000000000
39294  22.556  -43.845  66.394 0.0000000000
141382  42.716  -27.568  54.783 0.0000000000
56299  43.486  -27.174  54.921 0.0000000000
56287  42.691  -27.368  55.568 0.0000000000
60805  52.349  -21.420  48.545 0.0000000000
60806  51.539  -21.409  48.509 0.0000000000
52528  49.627  -29.835  53.509 0.0000000000
52540  49.756  -30.187  52.857 0.0000000000
52541  49.022  -30.511  52.295 0.0000000000
52412  38.152  -30.316  64.910 0.0000000000
53392  38.291  -29.313  64.912 0.0000000000
53391  39.112  -29.070  64.157 0.0000000000
52424  39.586  -30.887  63.658 0.0000000000
39255  24.593  -44.150  69.526 0.0000000000
40241  24.121  -43.488  70.018 0.0000000000
39254  24.963  -44.285  69.613 0.0000000000
39268  25.171  -44.689  68.974 0.0000000000
125171  46.526  -28.477  53.519 0.0000000000
54364  45.607  -27.828  54.702 0.0000000000
54331  45.537  -28.480  58.597 0.0000000000
134341  45.444  -28.641  58.654 0.0000000000
47723  33.215  -35.211  68.424 0.0000000000
48647  33.173  -34.453  68.387 0.0000000000
47722  33.767  -34.794  68.117 0.0000000000
136225  29.000  -37.266  68.347 0.0000000000
45777  28.831  -37.687  66.966 0.0000000000
46736  29.221  -37.210  67.660 0.0000000000
46749  29.828  -36.611  66.371 0.0000000000
47726  30.076  -36.393  68.435 0.0000000000
46706  29.732  -36.750  69.067 0.0000000000
61748  54.736  -20.248  47.036 0.0000000000
60830  55.871  -21.914  46.179 0.0000000000
59905  55.394  -22.400  46.603 0.0000000000
57250  50.550  -25.259  51.245 0.0000000000
57249  51.021  -25.319  51.706 0.0000000000
58116  51.544  -25.234  51.663 0.0000000000
54418  48.055  -29.105  48.212 0.0000000000
135883  48.705  -28.906  48.457 0.0000000000
51429  34.973  -31.566  65.501 0.0000000000
51441  34.980  -31.892  64.695 0.0000000000
51428  35.407  -31.098  65.088 0.0000000000
54312  36.414  -28.315  60.903 0.0000000000
132243  36.166  -28.224  60.096 0.0000000000
56229  40.906  -26.316  60.419 0.0000000000
57194  41.651  -26.238  60.153 0.0000000000
57187  41.557  -25.986  60.929 0.0000000000
53419  41.360  -28.912  61.708 0.0000000000
54310  41.956  -27.977  61.699 0.0000000000
53426  40.838  -29.440  61.023 0.0000000000
39271  22.963  -43.557  68.478 0.0000000000
39270  23.755  -44.170  68.775 0.0000000000
38290  24.377  -44.977  68.330 0.0000000000
55281  43.713  -27.282  53.576 0.0000000000
55293  44.078  -27.156  53.011 0.0000000000
56312  44.246  -27.141  53.668 0.0000000000
55292  44.698  -27.123  53.316 0.0000000000
129993  44.540  -27.100  54.118 0.0000000000
56296  44.867  -27.169  54.611 0.0000000000
56297  44.470  -26.987  54.812 0.0000000000
56265  44.501  -26.535  56.615 0.0000000000
136055  45.057  -26.576  57.385 0.0000000000
56251  44.665  -26.253  58.203 0.0000000000
43848  26.548  -40.539  70.300 0.0000000000
43853  26.862  -39.734  69.481 0.0000000000
43847  26.948  -39.973  70.151 0.0000000000
43041  28.330  -40.762  70.163 0.0000000000
133044  28.003  -39.743  70.497 0.0000000000
43032  28.559  -39.933  70.293 0.0000000000
45743  28.588  -38.206  70.004 0.0000000000
131060  28.831  -39.022  70.409 0.0000000000
44763  29.596  -38.327  69.815 0.0000000000
131470  52.865  -20.307  47.885 0.0000000000
61735  53.521  -20.420  47.887 0.0000000000
60817  53.839  -21.296  48.153 0.0000000000
59881  53.499  -22.958  48.754 0.0000000000
58141  53.532  -24.506  48.327 0.0000000000
58133  53.326  -24.373  49.121 0.0000000000
55304  48.326  -28.171  51.374 0.0000000000
55289  50.525  -28.328  52.587 0.0000000000
55303  50.764  -27.575  52.426 0.0000000000
122466  50.960  -26.694  52.280 0.0000000000
55288  50.991  -27.646  52.521 0.0000000000
54379  51.276  -27.919  52.246 0.0000000000
54389  51.076  -28.617  52.086 0.0000000000
53508  49.214  -30.128  50.867 0.0000000000
53517  49.042  -29.752  50.240 0.0000000000
136933  48.869  -29.578  49.751 0.0000000000
124269  48.578  -29.706  49.813 0.0000000000
53376  36.180  -30.206  66.252 0.0000000000
53386  36.183  -30.092  65.875 0.0000000000
53385  36.579  -29.820  65.859 0.0000000000
54286  37.143  -28.867  64.463 0.0000000000
54305  36.958  -28.629  62.736 0.0000000000
55206  37.295  -28.116  63.008 0.0000000000
139499  37.551  -27.447  62.407 0.0000000000
55205  37.866  -27.455  63.230 0.0000000000
55203  39.259  -26.982  63.456 0.0000000000
56192  39.107  -26.669  63.117 0.0000000000
56191  39.841  -26.571  63.124 0.0000000000
56212  39.775  -26.350  62.336 0.0000000000
56203  40.356  -26.230  62.849 0.0000000000
57158  41.316  -26.135  62.862 0.0000000000
122813  41.114  -27.197  63.407 0.0000000000
53403  40.817  -29.352  63.436 0.0000000000
52432  41.160  -30.975  62.894 0.0000000000
42214  22.657  -41.662  68.040 0.0000000000
42204  22.877  -41.872  68.674 0.0000000000
42190  23.931  -41.876  70.259 0.0000000000
42196  23.968  -41.697  69.515 0.0000000000
137762  24.489  -41.374  69.079 0.0000000000
43043  25.223  -41.352  69.633 0.0000000000
43037  25.605  -41.475  70.433 0.0000000000
42188  25.352  -41.661  70.643 0.0000000000
55306  45.942  -27.608  51.119 0.0000000000
54393  46.634  -28.114  51.764 0.0000000000
119393  47.801  -29.009  53.477 0.0000000000
54371  49.091  -29.333  53.492 0.0000000000
52503  48.495  -30.270  54.044 0.0000000000
53478  47.755  -29.981  54.451 0.0000000000
52493  46.630  -30.713  55.853 0.0000000000
51489  46.566  -31.024  55.872 0.0000000000
52477  46.288  -30.558  56.590 0.0000000000
53450  45.561  -29.566  57.813 0.0000000000
137407  45.844  -30.253  57.335 0.0000000000
52478  45.986  -30.620  56.881 0.0000000000
122653  45.515  -30.643  56.940 0.0000000000
49579  32.183  -34.532  65.717 0.0000000000
48685  32.382  -34.461  65.005 0.0000000000
49564  32.774  -33.837  66.861 0.0000000000
49550  33.531  -33.417  67.892 0.0000000000
50469  34.452  -32.082  66.348 0.0000000000
50459  34.515  -32.338  67.071 0.0000000000
48673  35.711  -33.680  66.480 0.0000000000
138351  35.267  -33.375  67.324 0.0000000000
49562  35.528  -32.725  67.138 0.0000000000
50448  35.384  -32.172  67.227 0.0000000000
50458  35.877  -32.095  67.002 0.0000000000
50468  36.414  -32.235  66.421 0.0000000000
49575  37.241  -33.168  65.106 0.0000000000
135689  37.031  -32.359  65.672 0.0000000000
140295  37.452  -32.020  65.379 0.0000000000
51427  37.784  -31.459  64.855 0.0000000000
50480  37.679  -32.623  64.815 0.0000000000
43883  27.719  -39.314  65.796 0.0000000000
44786  27.960  -38.850  66.625 0.0000000000
46782  30.029  -36.352  64.911 0.0000000000
47767  30.521  -36.083  64.227 0.0000000000
48687  31.352  -35.256  65.558 0.0000000000
47755  30.955  -35.597  65.976 0.0000000000
47712  31.373  -35.451  68.604 0.0000000000
48650  31.211  -35.216  67.990 0.0000000000
48637  31.914  -34.926  68.674 0.0000000000
46703  31.859  -36.069  68.760 0.0000000000
45767  32.456  -37.172  67.462 0.0000000000
130571  56.019  -22.261  45.343 0.0000000000
59924  56.000  -22.525  44.560 0.0000000000
59938  54.732  -22.458  44.171 0.0000000000
59017  54.476  -23.624  47.349 0.0000000000
56362  48.409  -26.485  49.519 0.0000000000
57258  48.494  -25.566  48.984 0.0000000000
124917  50.096  -22.769  49.694 0.0000000000
59868  49.450  -22.185  49.178 0.0000000000
59867  51.049  -22.555  49.847 0.0000000000
58991  51.496  -23.316  50.316 0.0000000000
58978  52.191  -24.159  50.442 0.0000000000
57254  52.546  -25.556  50.138 0.0000000000
57264  52.679  -25.494  49.323 0.0000000000
54408  51.244  -28.222  50.542 0.0000000000
55349  50.835  -28.095  49.726 0.0000000000
55397  49.461  -27.771  48.098 0.0000000000
55396  50.129  -27.471  48.360 0.0000000000
52427  35.997  -30.661  63.546 0.0000000000
52433  36.277  -30.731  62.467 0.0000000000
56215  37.562  -26.916  61.134 0.0000000000
56242  38.758  -27.205  58.377 0.0000000000
137168  40.893  -27.037  57.143 0.0000000000
120841  40.806  -27.243  55.788 0.0000000000
56268  41.339  -27.031  56.613 0.0000000000
123192  42.268  -27.059  56.408 0.0000000000
56253  42.721  -26.582  57.747 0.0000000000
139981  43.673  -25.793  59.785 0.0000000000
57198  43.839  -25.856  58.912 0.0000000000
57192  44.425  -25.845  59.368 0.0000000000
57191  44.828  -26.037  59.206 0.0000000000
57184  44.459  -25.915  60.055 0.0000000000
138498  42.279  -26.637  62.686 0.0000000000
57168  42.387  -25.901  61.965 0.0000000000
55214  42.632  -26.909  62.342 0.0000000000
54315  42.822  -27.455  61.166 0.0000000000
55222  43.192  -26.915  61.650 0.0000000000
138434  43.823  -27.198  60.697 0.0000000000
54323  44.033  -27.891  59.673 0.0000000000
53430  40.964  -28.909  59.097 0.0000000000
50487  40.195  -32.797  63.207 0.0000000000
51439  39.937  -31.891  63.443 0.0000000000
39282  22.749  -43.705  67.529 0.0000000000
122681  23.998  -44.951  66.287 0.0000000000
121789  43.955  -26.799  55.083 0.0000000000
56286  43.645  -26.873  55.618 0.0000000000
56266  43.824  -26.552  56.580 0.0000000000
42195  27.610  -41.494  70.345 0.0000000000
43034  27.438  -40.511  70.494 0.0000000000
42194  28.159  -41.332  69.976 0.0000000000
59882  52.526  -22.207  48.883 0.0000000000
59865  52.510  -22.937  49.311 0.0000000000
54382  49.656  -28.962  53.298 0.0000000000
54381  50.121  -28.907  53.150 0.0000000000
53491  50.539  -28.934  52.694 0.0000000000
53499  50.519  -29.310  51.685 0.0000000000
53500  50.106  -29.752  52.307 0.0000000000
52550  49.488  -30.232  51.747 0.0000000000
52403  37.154  -30.268  66.066 0.0000000000
53384  37.106  -29.626  65.829 0.0000000000
53383  37.654  -29.149  65.248 0.0000000000
54285  37.615  -28.794  64.686 0.0000000000
55194  37.848  -27.904  64.122 0.0000000000
55193  38.723  -27.618  63.832 0.0000000000
55192  39.488  -27.436  63.668 0.0000000000
54294  40.219  -27.721  63.645 0.0000000000
54295  40.110  -28.716  63.825 0.0000000000
52423  40.683  -30.455  63.426 0.0000000000
42197  23.378  -41.990  69.500 0.0000000000
41236  24.118  -42.392  70.550 0.0000000000
41235  24.798  -42.281  70.782 0.0000000000
41234  25.662  -42.044  70.643 0.0000000000
40232  25.184  -42.963  70.439 0.0000000000
120934  44.403  -27.259  52.385 0.0000000000
55291  45.138  -27.343  52.512 0.0000000000
54372  47.227  -29.236  54.076 0.0000000000
53479  46.683  -29.484  54.797 0.0000000000
134002  46.436  -29.629  55.565 0.0000000000
55247  45.771  -27.998  57.790 0.0000000000
54346  45.817  -28.901  57.429 0.0000000000
54340  45.699  -28.524  57.883 0.0000000000
53439  45.444  -29.027  58.324 0.0000000000
53451  45.405  -29.448  58.028 0.0000000000
53441  45.162  -29.206  58.428 0.0000000000
53442  44.168  -29.244  58.276 0.0000000000
48661  32.058  -34.317  67.982 0.0000000000
49551  32.809  -33.866  67.816 0.0000000000
49539  33.256  -33.834  68.163 0.0000000000
49538  33.851  -33.270  68.091 0.0000000000
47746  35.050  -35.092  66.590 0.0000000000
49576  36.230  -33.636  65.873 0.0000000000
49586  37.152  -33.805  64.841 0.0000000000
45770  28.225  -38.089  68.191 0.0000000000
123776  28.189  -38.058  67.266 0.0000000000
135588  28.952  -37.394  64.981 0.0000000000
46764  29.378  -37.042  65.693 0.0000000000
124306  30.253  -36.110  66.859 0.0000000000
47748  30.711  -35.573  66.738 0.0000000000
47725  30.692  -35.919  68.516 0.0000000000
122811  30.801  -36.109  69.014 0.0000000000
61747  55.522  -20.775  46.222 0.0000000000
137459  56.039  -21.614  45.577 0.0000000000
133668  55.747  -22.684  45.125 0.0000000000
56355  50.026  -26.070  50.696 0.0000000000
56361  49.270  -25.834  49.818 0.0000000000
57256  49.966  -25.022  50.434 0.0000000000
58135  49.610  -24.079  50.192 0.0000000000
58980  50.731  -23.889  50.797 0.0000000000
58979  51.275  -23.890  50.901 0.0000000000
58127  51.772  -24.604  51.276 0.0000000000
58115  52.063  -25.233  51.425 0.0000000000
56352  52.267  -26.248  50.599 0.0000000000
54416  50.103  -28.518  49.354 0.0000000000
54426  49.090  -28.373  48.264 0.0000000000
50482  33.932  -33.021  64.966 0.0000000000
53414  36.808  -29.351  62.755 0.0000000000
53415  36.639  -29.905  62.141 0.0000000000
53421  36.431  -29.511  61.143 0.0000000000
56220  38.844  -26.774  60.799 0.0000000000
56231  38.161  -26.850  60.075 0.0000000000
56230  39.137  -26.805  60.040 0.0000000000
124345  39.451  -26.913  59.085 0.0000000000
124560  39.821  -27.133  58.183 0.0000000000
122547  40.478  -26.636  58.831 0.0000000000
56241  41.454  -26.534  58.660 0.0000000000
56240  42.450  -26.481  58.536 0.0000000000
57200  42.167  -26.255  59.452 0.0000000000
57193  42.853  -25.937  59.833 0.0000000000
57186  43.096  -25.771  60.582 0.0000000000
54304  42.099  -27.595  62.581 0.0000000000
54316  42.103  -28.151  60.623 0.0000000000
53425  41.244  -28.735  60.212 0.0000000000
42205  22.180  -41.831  68.467 0.0000000000
40251  22.438  -42.857  68.717 0.0000000000
40243  22.898  -42.843  69.298 0.0000000000
39256  23.914  -43.842  69.400 0.0000000000
38279  25.160  -45.329  68.523 0.0000000000
38280  24.825  -45.187  68.551 0.0000000000
123076  24.822  -45.497  68.224 0.0000000000
55269  45.225  -27.340  54.320 0.0000000000
55261  45.199  -27.354  55.077 0.0000000000
125512  45.379  -27.211  55.951 0.0000000000
55253  45.517  -27.223  57.030 0.0000000000
55248  45.668  -27.215  58.117 0.0000000000
55243  45.699  -27.048  58.888 0.0000000000
47736  33.657  -35.593  67.838 0.0000000000
43055  26.145  -40.690  68.593 0.0000000000
43876  26.962  -40.221  67.052 0.0000000000
43868  26.794  -39.962  68.181 0.0000000000
44779  27.319  -39.268  68.324 0.0000000000
44770  27.840  -38.711  68.654 0.0000000000
43846  27.341  -40.092  70.404 0.0000000000
44764  27.850  -38.770  69.325 0.0000000000
45762  28.322  -38.176  68.938 0.0000000000
45752  28.770  -37.698  69.336 0.0000000000
129665  29.520  -37.211  69.424 0.0000000000
45751  29.582  -37.640  69.675 0.0000000000
43851  30.099  -38.957  69.280 0.0000000000
43859  30.192  -39.259  68.395 0.0000000000
60816  54.680  -22.051  47.433 0.0000000000
139223  54.591  -22.982  47.612 0.0000000000
59002  54.317  -23.524  48.097 0.0000000000
59018  54.189  -24.178  47.841 0.0000000000
58152  52.798  -24.793  47.932 0.0000000000
120834  52.046  -25.152  47.808 0.0000000000
55351  47.418  -27.115  49.643 0.0000000000
55350  48.365  -27.148  50.037 0.0000000000
121776  49.671  -27.951  52.022 0.0000000000
56338  51.110  -26.238  52.125 0.0000000000
56337  51.447  -26.522  52.082 0.0000000000
126981  51.349  -27.203  52.255 0.0000000000
54400  51.388  -28.182  51.444 0.0000000000
53506  50.159  -29.320  50.628 0.0000000000
54410  49.761  -29.164  49.817 0.0000000000
53524  49.158  -29.459  49.714 0.0000000000
142008  48.584  -29.401  49.058 0.0000000000
52404  35.765  -30.419  65.680 0.0000000000
53406  36.254  -29.914  64.138 0.0000000000
129625  36.642  -29.574  65.261 0.0000000000
53393  36.599  -29.384  64.408 0.0000000000
53405  36.695  -29.274  63.607 0.0000000000
54311  36.755  -27.998  61.737 0.0000000000
54317  36.818  -27.486  60.911 0.0000000000
55230  37.100  -27.100  60.201 0.0000000000
55223  37.239  -27.311  61.558 0.0000000000
55216  37.810  -26.989  61.894 0.0000000000
56214  38.094  -26.792  61.641 0.0000000000
56193  38.509  -26.871  62.907 0.0000000000
56205  38.388  -26.836  62.288 0.0000000000
56213  38.873  -26.707  62.021 0.0000000000
57180  40.286  -26.159  61.644 0.0000000000
57179  41.095  -25.923  61.652 0.0000000000
57178  41.843  -25.772  61.674 0.0000000000
57169  41.611  -25.890  62.288 0.0000000000
54293  41.808  -27.434  63.097 0.0000000000
42203  23.671  -41.727  68.688 0.0000000000
42212  24.914  -41.603  67.387 0.0000000000
43056  25.592  -41.255  68.066 0.0000000000
43062  26.329  -40.742  67.604 0.0000000000
43049  26.021  -40.743  69.318 0.0000000000
43042  26.076  -40.914  70.092 0.0000000000
43036  26.254  -41.065  70.606 0.0000000000
41233  26.490  -41.958  70.519 0.0000000000
41232  27.062  -41.687  70.531 0.0000000000
55305  47.116  -28.021  51.130 0.0000000000
52517  49.147  -30.123  53.741 0.0000000000
52518  48.536  -30.473  53.768 0.0000000000
51517  47.732  -30.868  54.385 0.0000000000
53461  46.185  -29.853  57.129 0.0000000000
51478  46.147  -30.930  56.349 0.0000000000
49587  33.234  -33.935  64.775 0.0000000000
125737  33.234  -33.392  66.471 0.0000000000
49577  33.460  -33.202  65.720 0.0000000000
50470  34.074  -32.464  65.772 0.0000000000
139612  34.548  -31.881  65.762 0.0000000000
51416  34.935  -31.482  66.130 0.0000000000
47735  34.177  -35.174  67.572 0.0000000000
48660  34.254  -34.275  67.897 0.0000000000
49549  34.381  -32.925  67.845 0.0000000000
48674  35.210  -34.216  67.039 0.0000000000
48659  34.706  -33.633  67.659 0.0000000000
50449  34.836  -32.319  67.402 0.0000000000
51397  35.360  -31.635  67.034 0.0000000000
51405  35.460  -31.149  66.600 0.0000000000
52384  35.856  -31.013  67.013 0.0000000000
52393  36.214  -30.630  66.747 0.0000000000
51403  36.699  -30.882  66.560 0.0000000000
140783  36.692  -31.642  66.387 0.0000000000
52413  37.569  -30.575  65.458 0.0000000000
52425  38.605  -31.081  64.183 0.0000000000
50488  39.195  -32.560  63.611 0.0000000000
49593  39.468  -33.584  63.444 0.0000000000
49594  38.465  -34.062  63.906 0.0000000000
48701  39.321  -34.585  63.313 0.0000000000
43875  27.457  -39.736  66.430 0.0000000000
44794  28.129  -38.687  65.538 0.0000000000
48676  31.786  -34.819  66.059 0.0000000000
48662  31.701  -34.548  67.116 0.0000000000
48663  31.191  -35.097  67.390 0.0000000000
138473  31.570  -34.681  67.902 0.0000000000
47724  32.531  -34.853  68.644 0.0000000000
46719  33.140  -35.991  68.176 0.0000000000
120881  29.998  -36.969  69.566 0.0000000000
45750  30.563  -36.960  69.456 0.0000000000
45749  31.171  -37.012  69.310 0.0000000000
45760  31.475  -37.313  68.756 0.0000000000
46721  31.620  -36.655  68.826 0.0000000000
46720  32.389  -36.347  68.404 0.0000000000
59923  56.365  -22.332  43.875 0.0000000000
60791  51.187  -21.918  49.116 0.0000000000
59866  51.774  -22.342  49.313 0.0000000000
58990  52.328  -23.527  49.788 0.0000000000
130908  52.941  -24.193  49.723 0.0000000000
57272  52.411  -25.380  48.479 0.0000000000
57273  51.633  -25.648  48.136 0.0000000000
56353  51.862  -26.886  51.512 0.0000000000
128221  51.950  -27.070  50.369 0.0000000000
56360  52.101  -26.571  49.687 0.0000000000
139296  51.115  -27.585  49.403 0.0000000000
136281  51.667  -26.670  49.095 0.0000000000
56384  51.265  -26.328  48.459 0.0000000000
57275  49.876  -26.008  47.431 0.0000000000
55272  41.104  -27.372  54.094 0.0000000000
56255  40.094  -27.305  57.301 0.0000000000
119940  40.220  -27.254  55.288 0.0000000000
56301  40.771  -27.359  54.924 0.0000000000
56252  43.541  -26.387  57.626 0.0000000000
57205  43.342  -26.306  58.402 0.0000000000
57204  43.956  -26.100  58.250 0.0000000000
56239  45.147  -26.301  58.870 0.0000000000
55235  45.371  -27.178  59.453 0.0000000000
127387  42.405  -25.791  61.170 0.0000000000
57177  43.146  -25.903  61.288 0.0000000000
56210  43.757  -26.104  61.240 0.0000000000
55221  43.741  -26.598  61.139 0.0000000000
56218  44.301  -26.289  60.584 0.0000000000
55228  44.815  -26.831  60.090 0.0000000000
54322  45.395  -28.183  59.135 0.0000000000
122035  44.980  -28.308  59.276 0.0000000000
54334  44.337  -28.654  58.871 0.0000000000
139080  43.147  -28.873  58.426 0.0000000000
54336  41.968  -28.644  58.668 0.0000000000
132680  40.500  -31.299  63.350 0.0000000000
122225  41.028  -31.133  63.121 0.0000000000
50486  40.800  -33.006  62.831 0.0000000000
50485  40.931  -32.446  62.651 0.0000000000
51437  40.989  -31.690  62.860 0.0000000000
40233  24.406  -43.012  70.523 0.0000000000
40234  23.788  -42.959  70.397 0.0000000000
41250  22.633  -42.331  68.836 0.0000000000
42185  27.736  -40.966  70.456 0.0000000000
42189  24.554  -41.962  70.648 0.0000000000
43035  26.876  -40.528  70.504 0.0000000000
43852  29.363  -39.396  69.853 0.0000000000
43854  26.496  -40.274  69.747 0.0000000000
44754  28.401  -38.853  70.378 0.0000000000
44771  27.194  -39.278  69.087 0.0000000000
45742  29.116  -37.786  69.778 0.0000000000
45753  28.315  -38.302  69.558 0.0000000000
45759  32.119  -36.950  68.211 0.0000000000
45769  28.628  -37.590  67.905 0.0000000000
46705  30.296  -36.626  69.334 0.0000000000
46707  29.128  -37.154  68.887 0.0000000000
47756  30.400  -36.165  65.936 0.0000000000
48694  32.552  -34.537  64.072 0.0000000000
49565  32.211  -34.315  66.471 0.0000000000
55301  51.542  -27.570  51.710 0.0000000000
55348  51.455  -27.645  50.059 0.0000000000
55375  50.514  -27.851  49.012 0.0000000000
56190  40.803  -26.529  63.208 0.0000000000
56201  42.488  -26.375  62.307 0.0000000000
56238  45.171  -26.435  59.305 0.0000000000
57248  52.312  -25.594  50.945 0.0000000000
119080  39.383  -26.524  61.514 0.0000000000
124565  31.431  -35.663  68.792 0.0000000000
125987  42.167  -26.793  57.088 0.0000000000
128322  56.623  -21.989  43.836 0.0000000000
128765  34.208  -33.539  68.042 0.0000000000
128842  25.691  -43.221  69.963 0.0000000000
136083  44.809  -26.028  59.550 0.0000000000
136564  39.639  -26.472  62.850 0.0000000000
136584  32.017  -35.328  68.753 0.0000000000
138812  49.314  -29.859  50.626 0.0000000000
139236  30.038  -36.795  69.446 0.0000000000
139271  27.596  -39.534  70.292 0.0000000000
139961  30.370  -38.226  69.419 0.0000000000
140959  27.954  -39.215  70.408 0.0000000000
142485  26.912  -39.521  68.763 0.0000000000
