#!ascii label  , from subject sub-032304 vox2ras=TkReg
1154
87473  44.659  8.844  39.559 0.0000000000
87515  47.633  8.136  30.780 0.0000000000
126266  56.904  14.465  29.717 0.0000000000
87636  52.909  8.025  16.682 0.0000000000
135180  52.235  6.005  43.887 0.0000000000
91161  56.692  12.913  38.161 0.0000000000
88416  50.998  9.457  21.505 0.0000000000
92761  45.409  15.344  25.878 0.0000000000
90406  51.405  12.427  35.345 0.0000000000
87486  49.895  8.476  37.760 0.0000000000
84947  53.337  5.214  36.810 0.0000000000
91929  51.660  13.996  31.405 0.0000000000
119677  49.456  14.816  23.716 0.0000000000
120958  53.345  11.804  28.635 0.0000000000
92052  53.930  14.571  19.979 0.0000000000
92718  47.062  15.185  30.399 0.0000000000
89027  47.248  10.980  37.320 0.0000000000
86632  47.891  7.647  39.568 0.0000000000
86603  56.438  7.022  41.774 0.0000000000
91895  56.801  14.632  34.085 0.0000000000
120767  54.056  15.598  35.310 0.0000000000
91926  54.504  14.356  31.092 0.0000000000
91970  51.125  13.811  28.141 0.0000000000
91250  52.972  13.802  26.349 0.0000000000
88343  49.600  9.697  32.850 0.0000000000
89047  52.414  10.639  32.842 0.0000000000
89075  50.083  10.734  29.103 0.0000000000
128238  54.192  10.966  16.505 0.0000000000
90526  52.777  12.680  20.529 0.0000000000
90552  53.648  13.077  15.994 0.0000000000
90533  50.709  12.774  19.167 0.0000000000
87629  50.590  8.789  18.324 0.0000000000
84258  49.260  5.147  21.979 0.0000000000
87409  45.213  8.779  43.472 0.0000000000
87406  48.989  8.466  44.203 0.0000000000
90410  58.356  13.061  34.010 0.0000000000
85043  49.883  5.995  28.874 0.0000000000
88392  49.603  8.989  25.678 0.0000000000
85934  51.716  6.937  23.372 0.0000000000
87603  54.276  8.258  19.734 0.0000000000
91855  51.520  14.393  39.620 0.0000000000
91168  49.149  13.307  37.537 0.0000000000
89035  49.731  10.477  35.389 0.0000000000
138723  48.170  7.358  35.011 0.0000000000
139308  51.718  8.188  41.536 0.0000000000
85798  51.675  6.396  38.765 0.0000000000
84981  49.465  5.330  33.678 0.0000000000
119554  51.934  5.304  31.967 0.0000000000
87412  42.603  8.435  43.825 0.0000000000
93378  51.678  16.634  35.500 0.0000000000
134176  49.587  14.618  32.508 0.0000000000
91961  49.080  14.435  29.509 0.0000000000
136491  47.882  15.306  24.819 0.0000000000
89790  48.229  12.153  24.096 0.0000000000
91172  54.074  13.181  36.892 0.0000000000
89715  55.412  11.891  33.193 0.0000000000
136291  56.683  12.771  28.407 0.0000000000
142053  51.340  10.974  24.697 0.0000000000
90486  54.481  12.429  24.957 0.0000000000
92017  56.278  13.983  24.340 0.0000000000
92038  51.878  14.810  22.216 0.0000000000
90514  49.319  12.695  21.859 0.0000000000
140452  46.090  15.606  30.951 0.0000000000
91916  46.981  15.198  31.990 0.0000000000
88322  45.593  9.548  38.250 0.0000000000
87456  46.080  8.157  39.971 0.0000000000
91907  57.246  14.458  32.575 0.0000000000
91908  55.440  14.553  32.186 0.0000000000
91941  55.606  14.386  29.956 0.0000000000
91217  54.133  13.753  28.847 0.0000000000
91216  55.341  14.245  28.371 0.0000000000
88349  48.451  9.300  31.514 0.0000000000
89060  49.621  10.215  31.403 0.0000000000
139313  48.674  9.458  29.346 0.0000000000
88455  54.515  10.166  15.466 0.0000000000
89842  54.133  12.207  15.777 0.0000000000
88456  52.760  10.436  16.168 0.0000000000
88439  51.586  10.250  17.539 0.0000000000
87638  51.178  8.555  17.758 0.0000000000
85985  50.273  6.294  19.060 0.0000000000
85993  51.624  6.285  18.063 0.0000000000
136585  47.467  7.227  44.993 0.0000000000
91878  58.389  13.996  36.361 0.0000000000
90400  57.918  12.422  35.643 0.0000000000
85844  51.344  5.746  28.025 0.0000000000
85898  50.411  6.674  25.639 0.0000000000
85896  52.293  6.237  25.205 0.0000000000
86744  54.492  7.705  21.085 0.0000000000
87613  57.051  9.301  18.501 0.0000000000
87626  55.515  9.403  17.490 0.0000000000
88327  49.070  9.330  36.989 0.0000000000
89032  48.518  10.866  36.362 0.0000000000
88331  49.376  9.422  36.377 0.0000000000
87492  49.548  8.943  35.437 0.0000000000
86642  49.666  7.597  37.268 0.0000000000
86564  51.718  7.205  45.006 0.0000000000
87421  50.762  8.170  42.798 0.0000000000
86586  53.125  7.316  44.134 0.0000000000
84923  55.026  6.289  39.467 0.0000000000
85785  53.690  7.193  40.518 0.0000000000
84930  52.911  5.560  38.485 0.0000000000
120594  50.394  5.357  36.960 0.0000000000
84960  51.743  4.808  35.919 0.0000000000
119558  50.679  5.295  32.783 0.0000000000
84970  52.677  5.068  34.485 0.0000000000
84987  54.768  5.486  32.970 0.0000000000
91899  53.092  14.926  33.129 0.0000000000
92665  53.346  15.915  35.418 0.0000000000
92682  52.071  15.480  33.918 0.0000000000
92671  50.736  15.701  34.209 0.0000000000
91913  50.438  14.512  32.364 0.0000000000
91931  49.251  14.244  31.057 0.0000000000
119913  50.415  13.902  30.138 0.0000000000
138828  50.197  14.491  25.983 0.0000000000
91999  49.464  14.616  26.300 0.0000000000
92022  48.588  15.138  24.697 0.0000000000
91273  47.439  14.313  24.192 0.0000000000
91281  48.284  14.046  23.246 0.0000000000
91166  51.402  13.648  37.250 0.0000000000
91150  52.843  13.969  38.262 0.0000000000
90394  52.711  13.064  36.013 0.0000000000
138117  52.980  11.655  30.406 0.0000000000
121917  53.952  11.232  33.307 0.0000000000
89738  54.452  12.181  30.417 0.0000000000
90441  56.157  12.499  30.794 0.0000000000
90459  55.143  12.323  28.815 0.0000000000
132783  50.129  9.386  24.089 0.0000000000
89103  50.425  10.344  25.615 0.0000000000
89115  51.079  10.768  23.121 0.0000000000
91301  53.873  14.394  19.900 0.0000000000
90513  53.304  12.704  22.202 0.0000000000
90512  54.409  13.363  22.502 0.0000000000
90494  56.157  13.225  24.347 0.0000000000
91280  54.757  14.031  22.441 0.0000000000
91272  54.238  14.174  23.234 0.0000000000
92045  53.048  14.961  20.693 0.0000000000
89146  49.808  10.133  19.853 0.0000000000
90528  50.114  12.842  20.559 0.0000000000
88417  49.091  9.857  21.085 0.0000000000
88410  48.246  9.696  22.202 0.0000000000
91128  55.302  13.565  40.087 0.0000000000
127200  46.095  15.536  28.943 0.0000000000
92739  46.299  15.349  28.097 0.0000000000
90371  47.303  12.702  38.332 0.0000000000
89697  46.075  11.075  37.801 0.0000000000
88320  47.388  9.067  37.891 0.0000000000
86637  49.228  8.255  38.912 0.0000000000
84894  54.657  6.724  43.447 0.0000000000
92663  55.444  15.405  35.690 0.0000000000
91898  54.024  14.788  33.377 0.0000000000
91928  52.864  14.265  31.615 0.0000000000
91944  51.335  13.775  29.888 0.0000000000
91957  52.884  13.794  29.958 0.0000000000
91251  51.979  13.859  26.791 0.0000000000
92008  51.093  14.317  25.241 0.0000000000
89040  50.860  10.045  34.319 0.0000000000
89038  52.343  10.605  34.058 0.0000000000
89048  51.490  10.383  32.851 0.0000000000
89731  51.473  11.107  31.213 0.0000000000
89750  51.672  11.414  29.326 0.0000000000
89144  51.881  10.110  19.401 0.0000000000
89819  51.564  11.067  20.720 0.0000000000
89835  53.038  11.958  17.960 0.0000000000
91316  53.526  13.934  17.812 0.0000000000
92068  53.171  14.651  17.703 0.0000000000
92061  51.758  15.219  19.028 0.0000000000
90539  52.319  13.101  17.118 0.0000000000
89153  50.752  10.389  18.567 0.0000000000
87619  49.522  8.340  19.444 0.0000000000
84269  49.931  5.112  20.668 0.0000000000
87426  45.208  8.925  42.372 0.0000000000
87440  46.998  8.396  42.392 0.0000000000
124573  47.068  8.660  43.920 0.0000000000
85747  49.039  6.654  45.026 0.0000000000
121350  50.452  5.618  44.290 0.0000000000
91876  57.473  14.773  37.430 0.0000000000
91888  57.675  14.426  34.268 0.0000000000
91197  58.116  14.059  31.438 0.0000000000
85831  48.507  6.983  29.159 0.0000000000
87533  48.535  8.291  28.218 0.0000000000
86689  49.016  7.671  26.966 0.0000000000
86707  49.805  7.925  24.917 0.0000000000
87580  51.120  8.240  22.143 0.0000000000
85949  53.176  6.790  22.735 0.0000000000
86746  52.360  7.540  21.450 0.0000000000
87605  52.404  8.537  20.191 0.0000000000
87628  53.423  9.548  18.034 0.0000000000
88445  55.836  10.036  15.831 0.0000000000
86792  54.468  8.564  15.982 0.0000000000
86000  52.824  6.857  17.167 0.0000000000
91152  50.257  13.932  38.704 0.0000000000
91176  50.305  13.158  36.262 0.0000000000
89694  48.192  11.955  37.086 0.0000000000
89698  49.141  11.858  35.839 0.0000000000
89706  50.449  11.550  35.131 0.0000000000
88338  49.727  9.254  34.548 0.0000000000
122116  48.564  8.541  33.777 0.0000000000
86653  47.583  7.442  33.055 0.0000000000
130785  48.016  7.558  41.206 0.0000000000
86620  49.627  7.797  40.632 0.0000000000
87468  51.189  8.128  39.654 0.0000000000
86605  54.112  7.577  42.124 0.0000000000
86618  52.491  7.651  40.252 0.0000000000
86636  50.728  7.469  38.451 0.0000000000
84941  49.629  5.877  36.838 0.0000000000
84974  48.594  5.728  34.818 0.0000000000
85819  48.326  6.146  32.325 0.0000000000
136377  49.149  5.848  31.065 0.0000000000
124019  50.989  5.542  30.313 0.0000000000
85011  51.926  5.443  30.437 0.0000000000
119563  53.831  5.308  33.539 0.0000000000
84997  53.410  5.492  31.293 0.0000000000
87444  43.376  9.094  41.699 0.0000000000
87410  44.343  8.451  43.871 0.0000000000
126274  43.094  6.864  45.323 0.0000000000
93999  52.348  17.204  37.338 0.0000000000
94013  51.040  17.157  36.030 0.0000000000
91932  48.350  14.572  31.115 0.0000000000
91962  48.255  14.838  29.534 0.0000000000
92747  47.995  15.353  27.921 0.0000000000
91971  50.306  14.072  28.681 0.0000000000
91987  48.743  14.886  27.590 0.0000000000
92767  46.377  15.194  25.099 0.0000000000
90382  55.070  13.062  36.998 0.0000000000
89711  53.607  11.423  34.476 0.0000000000
89701  55.136  11.796  34.883 0.0000000000
90390  56.721  12.356  36.070 0.0000000000
90416  57.445  12.548  33.428 0.0000000000
90429  57.919  13.547  30.865 0.0000000000
90448  57.782  14.047  28.613 0.0000000000
89090  49.627  10.123  27.743 0.0000000000
89088  51.057  11.053  27.028 0.0000000000
89767  52.683  11.655  27.164 0.0000000000
89796  51.609  11.481  23.397 0.0000000000
127470  52.634  11.904  24.559 0.0000000000
134274  53.673  12.055  26.628 0.0000000000
90469  55.782  12.626  26.751 0.0000000000
90476  57.071  13.521  26.663 0.0000000000
91982  56.459  14.352  26.654 0.0000000000
91248  55.020  14.258  25.962 0.0000000000
92018  52.534  14.075  23.781 0.0000000000
122678  50.436  14.688  23.493 0.0000000000
132152  50.510  14.675  20.225 0.0000000000
92055  50.004  14.445  20.975 0.0000000000
91289  49.157  14.421  22.256 0.0000000000
89805  48.691  11.649  22.743 0.0000000000
120194  48.104  5.701  22.902 0.0000000000
91904  47.694  14.963  32.835 0.0000000000
87483  44.991  8.986  38.735 0.0000000000
87457  45.236  8.478  40.229 0.0000000000
91924  56.963  14.390  31.110 0.0000000000
128713  56.238  14.422  30.556 0.0000000000
91954  56.055  14.369  29.106 0.0000000000
87507  47.891  8.728  31.165 0.0000000000
88358  48.285  9.220  30.654 0.0000000000
87514  48.191  8.893  29.738 0.0000000000
86793  53.845  8.840  15.862 0.0000000000
135068  53.728  10.478  15.605 0.0000000000
88447  53.131  9.369  16.024 0.0000000000
88448  51.927  9.312  17.100 0.0000000000
87637  52.052  8.323  17.161 0.0000000000
86774  51.570  6.894  17.777 0.0000000000
86784  52.092  7.314  17.352 0.0000000000
91127  56.452  13.327  39.728 0.0000000000
90369  57.505  12.845  38.238 0.0000000000
91160  57.997  12.919  37.946 0.0000000000
90380  57.635  12.618  37.340 0.0000000000
85861  51.870  5.783  27.076 0.0000000000
85879  51.032  6.132  26.262 0.0000000000
85878  52.056  5.928  26.070 0.0000000000
87602  56.333  8.761  19.834 0.0000000000
87612  57.952  9.210  18.546 0.0000000000
135806  57.405  9.129  17.974 0.0000000000
91265  45.580  14.688  25.571 0.0000000000
87487  49.488  8.751  37.626 0.0000000000
88326  49.675  8.970  37.033 0.0000000000
128096  49.694  8.601  36.963 0.0000000000
85765  51.909  6.699  44.977 0.0000000000
85744  52.610  7.075  44.708 0.0000000000
84877  52.761  6.633  44.379 0.0000000000
84929  54.107  5.711  38.643 0.0000000000
122064  53.607  5.341  37.877 0.0000000000
84948  52.112  4.992  36.791 0.0000000000
119569  52.680  5.040  36.082 0.0000000000
84971  51.762  4.895  34.923 0.0000000000
84959  52.636  4.955  35.320 0.0000000000
136165  52.148  14.309  32.079 0.0000000000
137220  52.658  15.244  33.634 0.0000000000
91900  52.032  14.793  33.058 0.0000000000
91901  50.951  14.746  33.028 0.0000000000
91912  51.323  14.429  32.268 0.0000000000
91930  50.726  14.182  31.586 0.0000000000
120539  50.991  13.840  30.770 0.0000000000
92009  50.185  14.455  25.252 0.0000000000
92010  49.434  14.688  25.430 0.0000000000
92021  49.433  14.757  24.592 0.0000000000
92030  48.168  14.924  23.477 0.0000000000
92029  48.706  14.956  23.264 0.0000000000
91175  51.122  13.368  36.415 0.0000000000
91174  52.115  13.505  36.672 0.0000000000
90405  52.280  12.488  35.409 0.0000000000
89748  53.263  11.795  29.617 0.0000000000
89739  53.674  11.858  30.462 0.0000000000
141936  53.986  12.164  29.872 0.0000000000
90451  54.744  12.334  29.678 0.0000000000
90452  54.088  12.081  29.134 0.0000000000
88409  50.605  9.263  22.643 0.0000000000
89123  50.739  10.019  22.828 0.0000000000
89131  50.775  9.770  22.061 0.0000000000
90519  53.987  13.593  21.709 0.0000000000
138171  54.287  14.227  20.956 0.0000000000
90511  55.065  13.771  22.894 0.0000000000
92037  54.283  14.138  21.532 0.0000000000
136014  53.471  14.499  21.597 0.0000000000
88425  49.347  9.547  20.356 0.0000000000
89139  49.550  10.386  20.615 0.0000000000
88426  48.737  9.076  20.704 0.0000000000
88418  48.471  9.388  21.445 0.0000000000
92719  46.321  15.525  30.393 0.0000000000
128951  45.821  15.642  29.727 0.0000000000
92729  46.628  15.512  29.686 0.0000000000
131187  46.946  15.542  28.905 0.0000000000
89688  46.111  11.743  38.174 0.0000000000
89689  45.413  11.115  38.097 0.0000000000
87481  46.846  8.464  38.410 0.0000000000
88321  46.493  9.191  38.093 0.0000000000
87470  47.343  7.873  38.872 0.0000000000
87480  47.908  8.480  38.296 0.0000000000
86631  48.728  7.839  39.421 0.0000000000
91885  56.368  15.042  35.656 0.0000000000
92658  55.972  15.352  36.509 0.0000000000
91890  55.957  15.201  34.743 0.0000000000
91909  54.578  14.559  31.914 0.0000000000
127445  54.737  14.602  32.794 0.0000000000
91927  53.716  14.457  31.653 0.0000000000
91910  53.717  14.589  32.502 0.0000000000
136719  53.532  14.098  30.724 0.0000000000
142388  53.609  13.802  27.675 0.0000000000
91241  52.914  13.811  27.783 0.0000000000
127815  52.626  13.757  27.189 0.0000000000
91997  52.053  14.042  25.814 0.0000000000
88342  50.387  9.714  33.535 0.0000000000
89045  51.103  10.030  33.682 0.0000000000
89049  50.512  10.168  32.715 0.0000000000
124852  50.122  10.707  30.025 0.0000000000
89059  50.395  10.628  31.056 0.0000000000
138881  50.904  11.033  30.433 0.0000000000
89741  51.604  11.350  30.220 0.0000000000
89760  50.942  11.103  28.772 0.0000000000
131094  52.697  10.276  18.210 0.0000000000
89143  52.446  10.928  18.757 0.0000000000
89151  53.318  11.244  17.402 0.0000000000
90551  53.919  12.764  15.764 0.0000000000
90544  54.034  12.868  15.888 0.0000000000
91323  53.635  13.143  16.242 0.0000000000
92067  53.348  14.349  17.674 0.0000000000
90545  53.351  13.494  16.627 0.0000000000
92074  52.987  14.353  17.127 0.0000000000
88449  51.125  9.277  17.849 0.0000000000
89152  51.333  11.132  18.151 0.0000000000
88440  50.700  9.553  18.410 0.0000000000
88432  50.274  9.804  19.176 0.0000000000
87618  50.123  8.988  18.952 0.0000000000
86767  49.643  7.568  19.186 0.0000000000
85127  50.534  5.483  19.276 0.0000000000
85128  49.733  5.907  19.648 0.0000000000
124005  45.756  8.813  43.046 0.0000000000
87425  46.611  8.729  43.186 0.0000000000
87408  46.107  8.658  43.770 0.0000000000
86568  48.245  7.510  44.746 0.0000000000
131241  49.310  5.755  45.044 0.0000000000
85746  49.966  6.280  45.040 0.0000000000
84879  49.562  5.309  43.888 0.0000000000
91183  58.449  13.385  34.854 0.0000000000
91883  58.082  14.316  35.560 0.0000000000
91185  58.457  13.839  33.907 0.0000000000
91906  58.078  14.159  32.398 0.0000000000
91189  58.290  13.612  32.584 0.0000000000
124284  49.157  6.501  28.991 0.0000000000
85865  48.814  7.186  28.043 0.0000000000
85846  49.335  6.610  28.143 0.0000000000
85917  50.834  6.803  24.729 0.0000000000
86696  50.112  7.246  25.217 0.0000000000
86718  51.025  7.136  23.883 0.0000000000
86719  50.599  7.759  23.599 0.0000000000
123238  51.146  7.408  23.125 0.0000000000
85932  53.599  6.613  23.388 0.0000000000
85948  54.088  6.776  22.810 0.0000000000
86757  54.925  8.164  20.283 0.0000000000
86745  53.448  7.469  21.373 0.0000000000
86758  53.836  7.819  20.494 0.0000000000
86759  52.804  7.793  20.662 0.0000000000
87604  53.340  8.298  19.860 0.0000000000
87616  52.735  8.879  19.239 0.0000000000
87615  53.582  8.697  18.889 0.0000000000
87634  56.307  9.274  16.620 0.0000000000
88437  56.037  9.586  16.419 0.0000000000
87643  55.907  9.742  15.859 0.0000000000
87644  55.168  9.333  15.660 0.0000000000
86791  55.253  8.745  16.094 0.0000000000
85999  53.764  6.925  17.098 0.0000000000
91153  49.262  13.628  38.538 0.0000000000
91130  49.685  13.991  39.506 0.0000000000
91167  49.942  13.600  37.716 0.0000000000
91177  49.736  13.290  36.855 0.0000000000
89695  47.459  11.627  37.473 0.0000000000
90385  47.707  12.302  37.725 0.0000000000
89031  49.250  10.234  35.912 0.0000000000
89699  48.580  11.569  36.354 0.0000000000
89708  48.997  11.144  35.741 0.0000000000
89707  49.696  11.341  35.429 0.0000000000
88335  50.208  9.801  34.766 0.0000000000
88336  49.778  9.609  35.273 0.0000000000
87493  48.713  8.039  35.270 0.0000000000
87496  49.020  8.605  34.611 0.0000000000
86649  48.175  7.833  34.350 0.0000000000
86652  47.885  8.048  33.398 0.0000000000
85810  47.839  7.076  34.420 0.0000000000
87423  48.478  8.462  43.514 0.0000000000
86599  48.012  8.033  42.336 0.0000000000
119197  49.273  8.390  43.668 0.0000000000
87437  51.605  8.141  42.499 0.0000000000
87439  50.132  7.949  42.130 0.0000000000
129947  50.962  8.168  41.745 0.0000000000
87455  50.536  8.141  40.042 0.0000000000
87454  51.293  8.118  40.690 0.0000000000
85771  55.953  6.949  42.591 0.0000000000
85763  54.966  7.034  43.447 0.0000000000
86604  55.511  7.300  42.299 0.0000000000
85794  53.029  6.694  39.753 0.0000000000
85795  52.078  7.015  39.446 0.0000000000
86628  51.626  7.801  39.583 0.0000000000
85799  50.932  6.456  38.399 0.0000000000
85802  50.372  6.616  37.926 0.0000000000
84940  50.070  5.935  37.440 0.0000000000
84961  49.858  5.143  35.300 0.0000000000
84962  49.073  5.513  35.472 0.0000000000
84973  49.233  5.315  34.592 0.0000000000
85815  48.222  6.156  33.271 0.0000000000
84993  48.935  5.606  32.884 0.0000000000
85002  48.972  5.662  31.884 0.0000000000
84992  49.518  5.479  32.256 0.0000000000
119559  51.521  5.278  32.719 0.0000000000
85000  50.603  5.447  31.538 0.0000000000
84999  51.344  5.429  31.185 0.0000000000
85022  51.459  5.566  29.683 0.0000000000
84968  54.699  5.433  34.101 0.0000000000
119556  54.011  5.539  32.064 0.0000000000
85009  53.802  5.588  30.609 0.0000000000
88300  43.141  9.136  40.781 0.0000000000
87428  43.092  8.828  43.142 0.0000000000
122058  43.816  8.904  43.237 0.0000000000
87411  43.399  8.418  43.866 0.0000000000
87395  44.423  7.882  44.735 0.0000000000
87396  43.683  7.949  44.726 0.0000000000
93377  52.594  16.315  35.374 0.0000000000
93376  53.101  16.333  36.056 0.0000000000
93373  52.653  16.841  36.673 0.0000000000
94003  51.959  17.288  36.874 0.0000000000
94004  51.332  17.516  36.694 0.0000000000
92684  50.420  15.252  33.513 0.0000000000
92685  49.439  15.096  33.332 0.0000000000
91903  48.630  14.719  32.684 0.0000000000
91914  48.950  14.496  31.852 0.0000000000
91945  49.574  14.173  30.248 0.0000000000
91946  48.702  14.471  30.300 0.0000000000
91973  47.771  15.301  28.790 0.0000000000
136677  48.711  14.787  28.638 0.0000000000
91958  51.230  13.765  28.985 0.0000000000
91959  50.622  13.867  29.437 0.0000000000
91985  50.326  14.305  27.716 0.0000000000
92011  48.624  14.915  25.603 0.0000000000
92000  48.704  14.841  26.620 0.0000000000
92765  47.835  15.023  25.870 0.0000000000
92758  47.928  15.039  26.935 0.0000000000
92766  47.039  15.422  25.072 0.0000000000
92024  46.485  15.020  24.836 0.0000000000
92023  47.131  14.999  24.438 0.0000000000
90507  47.890  13.362  23.927 0.0000000000
124016  51.834  14.428  40.307 0.0000000000
91164  53.548  13.583  37.539 0.0000000000
91149  53.554  14.122  39.147 0.0000000000
122586  53.977  13.790  38.358 0.0000000000
91163  54.507  13.428  37.675 0.0000000000
89043  52.644  10.605  33.649 0.0000000000
89037  53.099  10.769  34.070 0.0000000000
89042  53.255  10.878  33.367 0.0000000000
89720  54.526  11.573  32.713 0.0000000000
89716  54.548  11.456  33.636 0.0000000000
89709  55.281  11.709  34.118 0.0000000000
90402  55.890  12.163  35.433 0.0000000000
90413  56.027  11.983  34.649 0.0000000000
90412  56.963  12.331  34.387 0.0000000000
90417  56.267  12.174  33.736 0.0000000000
124743  56.367  12.599  30.067 0.0000000000
90430  57.106  12.852  31.316 0.0000000000
90449  57.110  12.853  29.430 0.0000000000
90439  57.697  13.576  29.942 0.0000000000
142426  57.356  13.076  28.810 0.0000000000
87541  48.896  8.404  27.161 0.0000000000
88374  48.803  9.022  28.033 0.0000000000
88386  49.383  9.144  26.546 0.0000000000
89102  51.276  10.847  25.365 0.0000000000
89096  50.334  10.413  26.506 0.0000000000
89095  51.211  10.836  26.169 0.0000000000
89768  51.831  11.378  27.552 0.0000000000
89782  51.979  11.289  25.854 0.0000000000
89818  52.158  11.779  20.194 0.0000000000
89811  51.532  11.225  21.679 0.0000000000
89802  52.154  12.094  21.983 0.0000000000
90497  53.628  12.390  23.814 0.0000000000
90487  53.553  12.221  24.785 0.0000000000
89774  53.514  12.062  25.697 0.0000000000
90478  54.321  12.282  25.775 0.0000000000
90477  54.938  12.445  26.233 0.0000000000
90485  55.357  12.617  25.160 0.0000000000
91269  56.232  13.772  24.017 0.0000000000
90484  56.407  13.362  25.150 0.0000000000
91258  56.636  13.806  25.608 0.0000000000
91981  57.122  14.058  26.414 0.0000000000
91995  56.569  14.110  25.776 0.0000000000
91996  55.962  14.307  26.029 0.0000000000
91260  55.545  14.205  24.706 0.0000000000
92027  53.065  14.271  22.730 0.0000000000
137210  53.261  13.972  24.285 0.0000000000
92028  51.589  14.499  23.215 0.0000000000
124200  50.586  14.953  22.509 0.0000000000
91310  51.518  14.586  18.722 0.0000000000
92062  51.061  14.851  19.485 0.0000000000
91311  50.755  13.971  19.514 0.0000000000
90521  49.696  12.724  21.197 0.0000000000
91304  49.867  13.538  20.925 0.0000000000
91296  49.500  13.802  21.576 0.0000000000
92048  49.694  14.850  21.775 0.0000000000
133579  49.130  13.453  22.164 0.0000000000
90515  48.891  12.689  22.467 0.0000000000
89804  49.066  11.940  22.130 0.0000000000
88411  47.592  9.237  22.499 0.0000000000
89125  48.071  9.964  22.999 0.0000000000
85113  48.685  5.682  21.613 0.0000000000
85103  48.729  5.374  22.411 0.0000000000
92704  46.674  15.241  31.075 0.0000000000
91933  47.468  14.855  31.172 0.0000000000
89022  45.117  10.367  38.260 0.0000000000
87482  45.935  8.749  38.596 0.0000000000
86633  46.958  7.718  39.731 0.0000000000
138435  56.732  14.588  33.343 0.0000000000
91896  55.915  14.797  33.844 0.0000000000
126719  56.501  14.446  31.958 0.0000000000
91925  55.599  14.405  31.366 0.0000000000
91942  54.567  14.074  30.274 0.0000000000
91956  53.858  13.725  29.725 0.0000000000
91955  54.880  14.119  29.407 0.0000000000
91228  54.300  13.850  27.981 0.0000000000
91239  54.340  14.011  27.071 0.0000000000
88344  48.699  9.284  32.423 0.0000000000
89050  49.838  10.055  32.133 0.0000000000
88357  48.876  9.839  31.015 0.0000000000
89068  49.451  10.281  30.514 0.0000000000
89076  49.307  10.157  29.464 0.0000000000
88446  54.864  10.629  15.695 0.0000000000
89150  54.297  11.846  16.071 0.0000000000
89163  54.348  11.172  15.637 0.0000000000
89164  53.700  11.301  15.646 0.0000000000
89165  53.034  11.659  15.966 0.0000000000
89843  52.563  12.352  16.516 0.0000000000
140742  52.426  10.889  16.648 0.0000000000
86775  50.385  7.559  18.537 0.0000000000
86785  51.195  7.625  17.854 0.0000000000
85994  50.838  6.769  18.364 0.0000000000
85136  51.037  5.843  18.597 0.0000000000
87394  45.305  8.173  44.394 0.0000000000
87393  46.430  8.178  44.436 0.0000000000
86569  46.670  7.445  45.016 0.0000000000
91875  58.221  14.113  38.009 0.0000000000
91144  58.202  13.327  38.216 0.0000000000
91171  58.424  13.109  36.792 0.0000000000
133442  58.107  12.657  34.864 0.0000000000
85845  50.321  6.108  28.045 0.0000000000
85863  49.734  6.575  27.260 0.0000000000
85862  50.714  6.115  27.144 0.0000000000
85897  51.359  6.341  25.445 0.0000000000
85916  51.542  6.709  24.053 0.0000000000
132039  55.077  7.616  21.642 0.0000000000
86743  55.506  8.135  20.923 0.0000000000
119456  55.423  8.648  19.269 0.0000000000
87614  54.525  8.679  18.747 0.0000000000
131868  55.933  9.229  18.291 0.0000000000
87624  56.954  9.082  17.421 0.0000000000
91169  48.504  13.262  38.169 0.0000000000
88328  47.927  9.719  37.303 0.0000000000
88333  47.876  10.527  36.976 0.0000000000
88332  48.649  10.061  36.593 0.0000000000
121532  49.578  9.474  35.793 0.0000000000
87490  49.641  9.049  36.338 0.0000000000
86646  49.290  8.310  36.114 0.0000000000
86644  49.163  7.435  36.527 0.0000000000
86565  50.740  7.512  44.813 0.0000000000
87405  49.833  8.352  44.121 0.0000000000
86588  51.201  7.836  44.393 0.0000000000
87420  51.492  8.086  43.626 0.0000000000
86597  52.387  7.799  43.391 0.0000000000
85792  55.732  6.633  40.313 0.0000000000
85784  55.010  7.074  40.740 0.0000000000
85793  54.204  6.586  39.974 0.0000000000
84924  53.519  6.045  39.224 0.0000000000
120380  51.937  5.605  38.334 0.0000000000
84931  51.221  5.765  38.235 0.0000000000
84939  51.350  5.311  37.550 0.0000000000
119568  50.616  4.911  36.005 0.0000000000
119564  50.807  4.976  35.046 0.0000000000
84980  50.261  5.234  33.429 0.0000000000
119560  51.142  4.909  34.317 0.0000000000
119561  51.880  5.060  34.005 0.0000000000
84978  51.937  5.194  33.302 0.0000000000
119557  55.375  5.724  31.993 0.0000000000
92669  53.540  15.561  34.679 0.0000000000
127272  52.759  15.561  34.291 0.0000000000
92666  52.862  15.943  34.858 0.0000000000
92670  52.118  16.113  34.656 0.0000000000
93388  51.186  16.256  34.757 0.0000000000
124907  51.484  15.744  34.264 0.0000000000
91902  50.178  14.776  32.977 0.0000000000
127299  49.842  14.318  31.730 0.0000000000
120538  50.112  13.950  30.959 0.0000000000
91960  49.903  14.113  29.480 0.0000000000
91984  51.134  14.055  27.247 0.0000000000
91998  50.293  14.448  26.804 0.0000000000
141516  48.034  15.439  24.200 0.0000000000
92773  47.542  15.265  24.378 0.0000000000
92031  47.630  15.076  23.851 0.0000000000
91282  47.819  14.473  23.626 0.0000000000
91151  51.762  13.902  38.136 0.0000000000
91871  52.080  14.248  38.971 0.0000000000
132254  52.160  13.750  37.498 0.0000000000
91165  52.764  13.650  37.338 0.0000000000
90393  53.648  12.817  36.186 0.0000000000
89722  53.166  11.156  32.341 0.0000000000
89721  53.753  11.278  32.729 0.0000000000
120415  53.923  11.543  31.994 0.0000000000
89728  54.194  11.767  31.160 0.0000000000
90432  54.794  11.858  31.811 0.0000000000
90431  55.814  12.363  31.663 0.0000000000
90442  55.084  12.161  31.017 0.0000000000
120736  55.367  12.423  30.252 0.0000000000
90450  55.876  12.482  29.454 0.0000000000
87562  49.814  8.708  24.863 0.0000000000
88398  50.066  9.612  25.141 0.0000000000
89109  50.606  10.371  24.635 0.0000000000
89108  51.107  10.895  23.964 0.0000000000
91302  53.322  13.458  20.029 0.0000000000
90520  53.059  12.733  21.397 0.0000000000
90525  53.792  13.593  20.788 0.0000000000
90504  54.792  13.012  23.095 0.0000000000
139849  55.514  12.804  24.315 0.0000000000
90503  55.494  13.460  23.410 0.0000000000
91279  55.556  13.987  23.276 0.0000000000
91270  56.001  14.035  23.689 0.0000000000
91271  55.362  14.044  23.165 0.0000000000
92046  51.967  15.167  21.269 0.0000000000
89828  50.494  11.592  19.357 0.0000000000
90527  50.442  13.079  19.960 0.0000000000
89138  50.017  11.112  20.102 0.0000000000
125505  49.748  11.105  20.927 0.0000000000
89812  49.469  11.694  21.485 0.0000000000
89813  48.986  11.091  22.025 0.0000000000
89133  48.749  10.216  21.780 0.0000000000
88419  47.854  8.901  21.767 0.0000000000
91147  56.111  13.333  38.771 0.0000000000
92720  45.607  15.751  30.480 0.0000000000
92750  45.555  15.447  26.933 0.0000000000
143075  46.520  15.370  27.398 0.0000000000
90386  46.955  12.016  38.007 0.0000000000
89696  46.687  11.351  37.665 0.0000000000
89029  45.829  10.433  37.915 0.0000000000
88329  46.396  9.912  37.766 0.0000000000
124163  47.156  10.220  37.449 0.0000000000
87488  48.546  9.075  37.661 0.0000000000
87479  49.075  8.656  38.293 0.0000000000
87478  49.857  8.398  38.520 0.0000000000
84876  53.816  6.656  43.790 0.0000000000
123450  54.184  6.088  43.027 0.0000000000
84893  55.337  6.589  42.861 0.0000000000
84906  56.212  6.281  42.025 0.0000000000
85782  56.760  6.611  41.223 0.0000000000
85791  56.922  6.444  40.747 0.0000000000
84928  55.798  5.955  38.877 0.0000000000
119571  54.644  5.495  37.355 0.0000000000
92656  54.972  15.726  36.518 0.0000000000
92667  54.833  15.427  34.962 0.0000000000
91891  55.219  15.162  34.287 0.0000000000
91897  55.026  14.865  33.593 0.0000000000
92668  54.301  15.239  34.217 0.0000000000
91911  52.838  14.540  32.425 0.0000000000
142150  52.265  14.085  31.500 0.0000000000
127524  51.727  13.776  30.590 0.0000000000
91943  52.446  13.878  30.841 0.0000000000
91219  52.176  13.709  29.277 0.0000000000
91231  51.841  13.703  28.515 0.0000000000
91218  53.181  13.645  29.103 0.0000000000
91230  52.587  13.700  28.441 0.0000000000
91242  52.023  13.744  27.735 0.0000000000
123302  51.084  14.303  26.265 0.0000000000
141418  50.645  14.419  25.704 0.0000000000
92020  50.315  14.497  24.448 0.0000000000
89714  51.024  10.959  34.586 0.0000000000
89704  51.995  11.880  34.841 0.0000000000
89039  51.574  10.378  34.115 0.0000000000
89044  51.936  10.412  33.546 0.0000000000
127813  50.269  10.359  31.855 0.0000000000
89057  51.739  10.831  32.143 0.0000000000
89730  52.380  11.211  31.781 0.0000000000
139145  52.327  11.482  30.809 0.0000000000
89740  52.390  11.555  29.891 0.0000000000
89749  52.492  11.595  28.992 0.0000000000
130613  51.622  9.591  20.191 0.0000000000
89130  51.159  10.270  21.360 0.0000000000
89827  51.772  10.918  19.747 0.0000000000
89826  52.435  11.794  19.247 0.0000000000
89834  53.950  12.273  16.386 0.0000000000
90538  53.000  12.889  18.487 0.0000000000
90532  52.748  12.684  19.633 0.0000000000
91309  53.360  13.761  19.071 0.0000000000
123518  53.578  14.613  18.737 0.0000000000
143210  53.626  15.235  18.930 0.0000000000
92796  53.145  15.535  19.102 0.0000000000
92069  52.568  14.922  18.128 0.0000000000
91317  52.179  14.029  17.773 0.0000000000
90540  51.488  12.897  18.212 0.0000000000
89836  51.734  12.090  17.641 0.0000000000
89837  51.051  11.884  18.634 0.0000000000
89145  50.355  10.655  19.344 0.0000000000
88433  49.670  9.254  19.636 0.0000000000
87620  48.861  7.906  19.891 0.0000000000
85975  49.040  6.346  20.055 0.0000000000
85995  50.067  6.984  18.888 0.0000000000
85120  49.470  5.643  20.356 0.0000000000
85112  49.471  5.339  21.239 0.0000000000
87442  44.925  8.594  41.240 0.0000000000
120782  45.797  8.165  40.903 0.0000000000
121539  46.113  8.609  42.371 0.0000000000
87424  47.527  8.579  43.329 0.0000000000
87407  48.018  8.729  44.045 0.0000000000
87392  47.489  8.184  44.436 0.0000000000
87391  48.413  8.396  44.316 0.0000000000
86567  49.131  7.959  44.691 0.0000000000
86566  50.022  7.291  44.947 0.0000000000
84878  51.239  6.060  44.888 0.0000000000
118893  51.304  5.565  43.605 0.0000000000
92655  56.610  15.338  37.326 0.0000000000
91884  57.210  14.655  35.668 0.0000000000
129462  58.123  14.243  37.151 0.0000000000
142363  57.668  14.457  34.996 0.0000000000
91894  57.779  14.383  33.347 0.0000000000
123054  57.758  14.256  31.609 0.0000000000
91923  57.920  14.273  30.769 0.0000000000
86659  47.788  7.515  30.359 0.0000000000
87525  48.143  8.223  29.109 0.0000000000
86674  48.453  7.571  28.574 0.0000000000
86682  48.722  7.728  27.697 0.0000000000
143408  49.017  8.012  26.635 0.0000000000
85881  49.489  7.088  26.722 0.0000000000
86697  49.600  7.712  25.658 0.0000000000
87555  49.594  8.304  25.438 0.0000000000
87561  50.145  8.294  24.177 0.0000000000
87581  50.712  8.586  22.557 0.0000000000
87591  51.344  8.638  21.342 0.0000000000
85915  52.343  6.533  24.210 0.0000000000
85950  52.287  6.994  22.743 0.0000000000
143700  54.281  7.446  21.739 0.0000000000
86733  52.787  7.196  22.112 0.0000000000
125827  51.953  7.345  22.166 0.0000000000
86747  51.616  7.842  21.697 0.0000000000
87590  51.963  8.084  20.916 0.0000000000
87606  51.689  8.870  20.512 0.0000000000
87617  52.035  9.252  19.742 0.0000000000
88438  55.350  10.277  16.326 0.0000000000
88454  55.389  10.109  15.566 0.0000000000
87645  54.680  9.401  15.587 0.0000000000
86783  53.652  7.746  16.556 0.0000000000
85991  53.182  6.127  17.754 0.0000000000
91872  51.180  14.137  38.827 0.0000000000
119166  50.834  13.799  37.909 0.0000000000
122877  50.530  13.514  37.019 0.0000000000
91181  50.853  12.930  35.761 0.0000000000
91154  47.796  13.299  38.750 0.0000000000
90370  47.953  12.822  38.108 0.0000000000
90384  48.478  12.706  37.416 0.0000000000
89700  47.975  11.264  36.939 0.0000000000
90397  48.797  12.300  36.539 0.0000000000
90383  49.133  12.886  36.877 0.0000000000
90396  49.567  12.645  36.183 0.0000000000
90408  49.871  12.130  35.517 0.0000000000
88340  50.470  9.579  34.130 0.0000000000
88341  49.823  9.352  33.800 0.0000000000
87495  49.287  8.935  34.035 0.0000000000
87499  48.966  9.171  33.319 0.0000000000
87500  48.300  8.656  32.908 0.0000000000
87504  47.682  8.157  32.559 0.0000000000
87508  47.585  8.169  31.668 0.0000000000
86611  46.649  7.797  40.702 0.0000000000
86622  47.537  7.579  40.497 0.0000000000
86598  49.169  7.828  42.544 0.0000000000
86608  49.619  7.732  41.556 0.0000000000
86621  48.588  7.611  40.321 0.0000000000
86630  49.696  8.123  39.530 0.0000000000
87469  50.588  8.278  39.119 0.0000000000
85764  54.428  6.952  43.665 0.0000000000
86596  53.440  7.538  42.947 0.0000000000
86606  53.088  7.831  41.784 0.0000000000
86617  54.504  7.437  41.335 0.0000000000
119052  53.324  7.741  41.106 0.0000000000
86619  52.327  8.162  40.989 0.0000000000
125535  51.768  8.009  40.186 0.0000000000
86629  51.072  8.141  38.969 0.0000000000
87477  50.393  8.201  38.501 0.0000000000
86641  50.235  7.751  37.896 0.0000000000
85806  49.289  6.578  36.712 0.0000000000
85807  48.739  6.522  36.000 0.0000000000
84950  49.680  5.398  36.156 0.0000000000
84951  49.049  5.896  36.162 0.0000000000
85808  48.286  6.580  35.153 0.0000000000
85814  47.711  6.847  33.617 0.0000000000
85816  47.710  6.736  32.740 0.0000000000
86657  47.628  7.443  31.271 0.0000000000
85824  47.955  6.793  30.862 0.0000000000
85014  48.632  6.370  30.522 0.0000000000
85013  49.452  6.091  30.313 0.0000000000
84991  50.261  5.414  32.158 0.0000000000
85012  50.481  5.529  30.894 0.0000000000
85023  50.523  5.786  29.614 0.0000000000
85042  50.930  5.873  28.943 0.0000000000
85041  51.895  5.589  28.989 0.0000000000
85843  52.312  5.524  28.093 0.0000000000
84958  53.553  5.202  35.686 0.0000000000
84969  53.546  5.225  34.244 0.0000000000
119562  52.828  5.245  33.592 0.0000000000
84988  53.452  5.333  32.819 0.0000000000
119555  52.901  5.412  32.015 0.0000000000
85010  52.918  5.424  30.564 0.0000000000
85040  52.839  5.556  29.026 0.0000000000
87458  44.475  8.715  40.430 0.0000000000
87459  43.952  8.914  41.064 0.0000000000
87443  44.279  9.126  42.021 0.0000000000
87427  44.537  9.101  42.935 0.0000000000
125084  43.650  9.111  42.567 0.0000000000
86571  44.809  7.421  45.181 0.0000000000
87397  42.842  7.944  44.656 0.0000000000
85734  43.470  7.047  45.422 0.0000000000
84866  44.159  6.118  44.699 0.0000000000
94014  50.202  17.326  35.815 0.0000000000
93379  50.692  16.762  35.345 0.0000000000
93380  49.780  16.793  35.245 0.0000000000
91915  47.998  14.665  31.977 0.0000000000
91947  47.869  14.835  30.353 0.0000000000
92728  47.432  15.276  29.613 0.0000000000
92738  47.173  15.401  28.099 0.0000000000
92749  46.287  15.419  26.459 0.0000000000
136120  49.494  14.370  28.881 0.0000000000
91986  49.517  14.637  27.212 0.0000000000
91972  49.519  14.568  28.117 0.0000000000
92759  47.048  15.263  26.183 0.0000000000
92760  46.262  15.337  25.563 0.0000000000
92012  45.928  15.020  25.223 0.0000000000
91263  47.306  13.269  24.760 0.0000000000
91870  52.784  14.273  39.217 0.0000000000
125160  54.539  13.810  39.188 0.0000000000
91148  54.986  13.534  38.497 0.0000000000
90381  56.082  12.771  37.265 0.0000000000
89703  52.860  11.984  34.852 0.0000000000
127040  53.228  12.458  35.512 0.0000000000
90404  54.086  12.287  35.593 0.0000000000
89717  53.788  11.070  33.990 0.0000000000
89702  54.343  11.763  35.002 0.0000000000
90392  54.561  12.635  36.267 0.0000000000
90391  55.653  12.507  36.329 0.0000000000
136167  56.465  12.538  36.779 0.0000000000
127544  57.385  12.333  35.666 0.0000000000
127098  57.579  12.368  35.021 0.0000000000
90415  58.265  12.891  33.269 0.0000000000
90420  56.658  12.515  32.514 0.0000000000
120626  58.038  12.848  32.699 0.0000000000
91205  58.063  14.095  30.418 0.0000000000
91952  57.637  14.152  29.121 0.0000000000
88366  48.454  8.900  28.823 0.0000000000
88373  48.937  9.607  28.695 0.0000000000
89083  49.514  10.220  28.544 0.0000000000
89097  49.696  9.932  26.910 0.0000000000
89089  50.317  10.518  27.393 0.0000000000
89082  50.246  10.608  28.240 0.0000000000
89769  51.005  11.106  27.900 0.0000000000
89758  52.593  11.602  28.080 0.0000000000
89122  51.077  10.569  22.265 0.0000000000
89803  51.542  11.404  22.555 0.0000000000
89789  51.802  11.446  24.243 0.0000000000
89795  52.310  12.117  22.807 0.0000000000
89788  52.506  12.027  23.665 0.0000000000
138444  51.985  11.311  25.066 0.0000000000
89775  52.725  11.675  26.272 0.0000000000
89757  53.466  11.919  27.702 0.0000000000
90460  54.268  12.175  28.276 0.0000000000
131411  55.443  12.512  27.826 0.0000000000
90468  56.652  12.878  27.190 0.0000000000
125837  56.183  12.898  25.617 0.0000000000
141482  56.627  13.004  26.388 0.0000000000
90467  57.360  13.532  27.487 0.0000000000
91227  57.683  14.085  27.734 0.0000000000
91967  57.597  14.218  28.210 0.0000000000
91969  56.755  14.483  28.193 0.0000000000
133941  56.350  14.485  27.535 0.0000000000
134448  55.374  14.288  26.639 0.0000000000
91249  53.885  13.975  26.458 0.0000000000
125481  54.662  14.165  24.141 0.0000000000
91261  54.105  13.953  25.505 0.0000000000
91262  53.140  13.899  25.220 0.0000000000
92007  52.194  14.162  24.830 0.0000000000
92019  51.317  14.345  24.208 0.0000000000
92791  52.217  15.435  19.483 0.0000000000
92784  51.976  15.374  20.417 0.0000000000
135261  51.108  15.326  20.879 0.0000000000
91303  50.252  13.795  20.365 0.0000000000
132609  50.304  15.098  21.011 0.0000000000
92047  50.850  15.153  21.637 0.0000000000
92039  49.887  15.096  21.972 0.0000000000
129708  49.559  15.035  22.760 0.0000000000
92040  49.270  14.937  22.483 0.0000000000
92041  48.727  14.654  22.868 0.0000000000
90506  48.485  12.760  23.246 0.0000000000
89797  48.415  11.710  23.530 0.0000000000
89124  48.541  10.541  22.532 0.0000000000
89117  48.332  10.862  23.307 0.0000000000
86001  52.099  6.626  17.556 0.0000000000
85135  51.818  5.542  18.328 0.0000000000
84859  50.570  5.973  45.023 0.0000000000
84860  49.819  5.705  44.721 0.0000000000
84905  56.856  6.375  41.192 0.0000000000
84907  55.104  5.818  42.168 0.0000000000
84922  56.904  6.363  39.918 0.0000000000
84932  50.638  5.767  37.820 0.0000000000
84937  54.713  5.584  38.124 0.0000000000
84938  52.490  5.267  37.663 0.0000000000
84949  51.197  4.888  36.690 0.0000000000
84952  48.643  5.972  35.576 0.0000000000
84972  50.233  5.080  34.273 0.0000000000
84979  51.087  5.052  33.539 0.0000000000
84982  48.722  5.550  33.916 0.0000000000
84989  52.416  5.291  32.725 0.0000000000
84990  51.070  5.390  32.050 0.0000000000
84998  52.397  5.431  31.238 0.0000000000
85001  49.818  5.539  31.486 0.0000000000
85021  52.506  5.460  29.766 0.0000000000
85024  49.693  6.100  29.620 0.0000000000
85121  48.850  6.077  20.844 0.0000000000
85745  51.004  6.682  45.235 0.0000000000
85748  47.976  6.432  45.137 0.0000000000
85772  55.258  6.989  43.333 0.0000000000
85776  56.514  6.805  41.806 0.0000000000
85783  56.244  6.972  41.039 0.0000000000
85797  52.502  6.138  39.013 0.0000000000
85803  49.788  6.635  37.402 0.0000000000
85813  48.176  6.297  34.198 0.0000000000
85820  47.813  6.703  31.793 0.0000000000
85830  48.909  6.470  29.720 0.0000000000
85847  48.774  6.948  28.535 0.0000000000
85864  49.144  7.140  27.448 0.0000000000
85880  50.075  6.596  26.440 0.0000000000
85899  49.770  7.075  25.968 0.0000000000
85933  52.603  6.726  23.426 0.0000000000
85992  52.341  6.094  17.737 0.0000000000
86572  43.964  7.344  45.274 0.0000000000
86573  43.123  7.329  45.259 0.0000000000
86585  54.143  7.090  43.698 0.0000000000
86587  52.163  7.584  44.440 0.0000000000
86593  56.164  7.020  42.356 0.0000000000
86594  55.594  7.079  43.007 0.0000000000
86595  54.827  7.340  43.127 0.0000000000
86607  52.406  7.948  42.145 0.0000000000
86609  48.811  7.574  41.429 0.0000000000
86610  47.251  7.786  41.461 0.0000000000
86616  55.663  7.223  41.460 0.0000000000
86635  51.397  7.444  38.924 0.0000000000
86638  48.342  8.030  38.870 0.0000000000
86647  48.615  7.328  35.731 0.0000000000
86650  47.769  7.445  33.766 0.0000000000
86656  47.553  7.435  32.189 0.0000000000
86667  47.816  8.176  29.959 0.0000000000
86706  50.409  7.497  24.427 0.0000000000
86731  54.640  7.269  22.275 0.0000000000
86732  53.738  7.177  22.168 0.0000000000
86734  51.330  7.638  22.422 0.0000000000
86735  50.775  7.963  22.797 0.0000000000
86782  54.474  7.789  16.612 0.0000000000
86790  55.939  8.990  16.284 0.0000000000
87390  49.868  8.091  44.571 0.0000000000
87404  50.619  8.208  43.789 0.0000000000
87422  49.935  8.050  43.177 0.0000000000
87438  50.372  7.937  41.103 0.0000000000
87441  46.421  8.191  41.576 0.0000000000
87445  42.669  8.910  42.328 0.0000000000
87471  46.405  8.151  39.033 0.0000000000
87472  45.527  8.538  39.257 0.0000000000
87503  48.070  8.720  32.018 0.0000000000
87548  49.310  8.315  26.199 0.0000000000
87570  50.397  8.636  23.267 0.0000000000
87592  50.866  9.011  22.012 0.0000000000
87625  56.638  9.259  17.439 0.0000000000
87627  54.309  9.198  18.005 0.0000000000
87630  50.119  8.237  18.768 0.0000000000
87635  56.207  9.538  16.264 0.0000000000
88348  49.177  9.736  31.869 0.0000000000
88365  48.760  9.670  30.114 0.0000000000
88385  49.800  9.798  26.033 0.0000000000
88404  50.460  9.518  23.285 0.0000000000
88424  51.300  9.487  20.862 0.0000000000
88431  52.418  9.592  18.963 0.0000000000
88444  56.179  9.710  16.053 0.0000000000
89028  46.530  10.670  37.592 0.0000000000
89034  50.349  10.682  34.945 0.0000000000
89058  50.974  10.600  31.977 0.0000000000
89116  50.631  10.199  23.675 0.0000000000
89132  49.350  10.677  21.370 0.0000000000
89137  51.492  10.258  20.382 0.0000000000
89156  54.130  11.682  15.674 0.0000000000
89157  52.091  11.354  17.121 0.0000000000
89705  51.181  11.750  34.903 0.0000000000
89710  54.437  11.503  34.367 0.0000000000
89712  52.633  11.247  34.414 0.0000000000
89713  51.791  11.106  34.458 0.0000000000
89719  55.380  12.071  32.387 0.0000000000
89729  53.236  11.533  31.272 0.0000000000
89751  50.877  11.122  29.642 0.0000000000
89759  51.754  11.405  28.439 0.0000000000
89776  51.909  11.348  26.682 0.0000000000
89781  52.693  11.773  25.429 0.0000000000
89798  48.153  11.216  24.071 0.0000000000
89810  52.107  11.954  21.118 0.0000000000
89820  50.348  12.182  20.040 0.0000000000
89821  49.976  11.904  20.763 0.0000000000
89848  54.073  12.239  15.780 0.0000000000
89849  53.901  12.166  15.675 0.0000000000
89850  53.535  12.639  15.866 0.0000000000
90379  58.098  12.657  37.087 0.0000000000
90388  58.171  12.612  36.251 0.0000000000
90389  57.691  12.425  36.398 0.0000000000
90395  50.219  12.686  35.751 0.0000000000
90399  58.248  12.729  35.509 0.0000000000
90401  56.773  12.199  35.206 0.0000000000
90403  54.952  12.197  35.564 0.0000000000
90407  50.619  12.305  35.357 0.0000000000
90411  57.864  12.607  34.152 0.0000000000
90419  57.831  13.342  31.898 0.0000000000
90440  57.189  12.943  30.372 0.0000000000
90458  57.601  13.573  28.321 0.0000000000
90470  54.508  12.310  27.296 0.0000000000
90483  56.703  13.415  25.959 0.0000000000
90495  55.809  13.197  23.858 0.0000000000
90496  54.884  12.703  23.925 0.0000000000
90502  56.004  13.689  23.771 0.0000000000
90505  53.541  12.574  22.963 0.0000000000
90537  53.479  13.026  17.084 0.0000000000
90546  53.003  13.012  16.237 0.0000000000
91146  57.325  13.022  39.205 0.0000000000
91162  55.572  13.250  37.865 0.0000000000
91173  53.151  13.370  36.743 0.0000000000
91179  58.478  13.293  35.866 0.0000000000
91180  51.707  13.073  35.868 0.0000000000
91186  58.451  13.486  33.354 0.0000000000
91188  58.356  14.080  33.206 0.0000000000
91206  52.134  13.814  30.077 0.0000000000
91215  57.877  14.052  29.516 0.0000000000
91229  53.422  13.738  28.309 0.0000000000
91238  57.400  14.024  26.951 0.0000000000
91240  53.349  13.796  27.134 0.0000000000
91247  57.110  13.884  26.319 0.0000000000
91259  56.353  13.686  24.611 0.0000000000
91288  54.500  14.043  22.173 0.0000000000
91290  48.717  13.738  22.636 0.0000000000
91315  53.313  13.625  16.876 0.0000000000
91318  51.255  13.721  18.677 0.0000000000
91324  52.823  13.715  16.874 0.0000000000
91854  52.313  14.374  39.803 0.0000000000
91874  58.388  13.688  37.379 0.0000000000
91879  57.710  14.520  36.445 0.0000000000
91880  56.873  14.964  36.504 0.0000000000
91882  58.425  13.989  35.434 0.0000000000
91887  58.247  14.147  34.627 0.0000000000
91889  56.898  14.696  34.895 0.0000000000
91893  58.230  14.149  33.798 0.0000000000
91940  57.831  14.238  30.001 0.0000000000
91953  57.092  14.439  28.862 0.0000000000
91968  57.330  14.204  27.288 0.0000000000
91983  55.299  14.248  27.395 0.0000000000
92005  56.398  13.963  25.041 0.0000000000
92006  56.075  14.226  25.249 0.0000000000
92044  54.099  14.388  20.687 0.0000000000
92053  53.704  14.995  20.100 0.0000000000
92054  51.115  15.266  20.029 0.0000000000
92060  53.500  14.912  18.527 0.0000000000
92073  53.220  13.913  16.975 0.0000000000
92681  53.379  15.231  33.880 0.0000000000
92683  51.288  15.291  33.667 0.0000000000
92748  47.184  15.297  27.213 0.0000000000
92768  45.833  15.178  25.433 0.0000000000
92772  48.531  15.206  23.942 0.0000000000
92774  46.891  15.226  24.757 0.0000000000
92777  47.998  15.337  23.764 0.0000000000
92789  53.671  15.185  19.411 0.0000000000
92790  53.016  15.465  19.850 0.0000000000
92797  52.569  15.369  18.794 0.0000000000
93374  51.850  17.065  36.280 0.0000000000
93389  50.268  16.223  34.735 0.0000000000
94005  50.550  17.645  36.501 0.0000000000
119565  53.304  5.042  34.914 0.0000000000
120766  56.922  12.629  37.472 0.0000000000
121155  46.940  6.483  45.206 0.0000000000
121910  51.657  6.491  24.726 0.0000000000
122949  50.633  8.148  18.225 0.0000000000
123194  53.528  6.955  44.167 0.0000000000
123540  48.428  6.208  31.408 0.0000000000
124018  53.188  6.645  24.014 0.0000000000
124071  49.229  9.377  27.396 0.0000000000
124167  48.502  13.519  38.868 0.0000000000
124532  49.361  7.622  26.349 0.0000000000
125463  55.473  13.545  39.224 0.0000000000
125498  50.688  11.108  18.792 0.0000000000
125538  55.960  14.710  32.902 0.0000000000
126494  47.027  9.604  37.703 0.0000000000
127230  48.197  6.920  29.967 0.0000000000
127508  45.691  8.533  41.678 0.0000000000
127868  49.211  9.686  28.078 0.0000000000
129529  50.197  5.790  30.232 0.0000000000
130880  55.253  14.322  30.674 0.0000000000
133215  53.872  14.935  19.212 0.0000000000
135570  57.083  12.482  36.811 0.0000000000
135596  54.077  11.775  15.663 0.0000000000
137256  53.179  15.193  18.497 0.0000000000
137259  52.400  16.647  35.975 0.0000000000
137843  57.628  13.543  29.091 0.0000000000
137939  57.282  14.414  30.417 0.0000000000
138947  47.884  8.616  30.426 0.0000000000
139183  53.868  8.391  19.353 0.0000000000
139398  51.652  7.241  22.756 0.0000000000
139590  53.671  11.936  35.074 0.0000000000
139638  48.071  7.590  29.497 0.0000000000
139709  58.291  12.987  37.556 0.0000000000
140356  49.835  5.364  32.865 0.0000000000
140661  51.237  4.849  35.459 0.0000000000
140693  51.890  6.239  44.506 0.0000000000
140736  53.260  14.444  32.073 0.0000000000
141315  51.999  6.656  23.713 0.0000000000
142434  45.171  8.990  42.966 0.0000000000
142506  49.850  5.735  30.772 0.0000000000
142668  54.166  15.464  34.780 0.0000000000
143506  50.431  8.077  44.390 0.0000000000
