#!ascii label  , from subject sub-032304 vox2ras=TkReg
1205
97126  50.744  22.413  32.073 0.0000000000
98546  56.115  24.136  30.926 0.0000000000
96294  55.161  21.406  43.680 0.0000000000
97847  44.961  23.865  34.069 0.0000000000
97060  48.290  22.466  37.959 0.0000000000
96459  51.223  21.422  24.086 0.0000000000
99709  51.169  26.911  33.247 0.0000000000
125371  51.543  26.889  26.579 0.0000000000
95014  54.752  19.080  47.284 0.0000000000
92640  55.298  15.703  39.784 0.0000000000
95694  55.996  20.609  30.768 0.0000000000
125361  54.671  22.853  37.557 0.0000000000
98475  57.584  23.388  37.187 0.0000000000
99032  53.297  24.962  43.340 0.0000000000
101649  57.553  29.916  27.274 0.0000000000
97227  55.002  21.713  23.719 0.0000000000
94547  50.747  19.182  39.799 0.0000000000
97881  47.685  23.444  32.570 0.0000000000
97820  46.990  23.431  36.294 0.0000000000
98502  49.430  24.388  35.761 0.0000000000
96427  50.950  21.808  28.996 0.0000000000
97149  47.496  22.794  30.055 0.0000000000
133237  48.302  28.447  31.610 0.0000000000
93926  52.898  17.498  45.587 0.0000000000
91093  55.777  13.956  43.792 0.0000000000
91819  53.355  14.157  42.171 0.0000000000
126389  58.306  30.677  24.001 0.0000000000
97151  58.287  21.567  29.914 0.0000000000
96375  58.255  21.328  34.475 0.0000000000
98504  57.619  24.271  34.003 0.0000000000
100895  53.664  29.257  40.341 0.0000000000
99064  52.722  25.820  39.537 0.0000000000
100233  51.749  27.981  43.175 0.0000000000
126865  52.252  25.786  46.472 0.0000000000
98564  53.160  24.227  29.059 0.0000000000
98587  52.903  24.265  25.081 0.0000000000
97171  55.288  22.298  27.725 0.0000000000
95727  56.145  20.483  27.071 0.0000000000
97031  56.095  21.829  40.277 0.0000000000
126454  51.979  22.522  40.703 0.0000000000
95624  52.285  20.437  42.669 0.0000000000
95095  46.260  20.195  36.767 0.0000000000
94574  47.535  18.448  36.391 0.0000000000
98010  53.955  22.388  20.591 0.0000000000
98605  50.501  24.027  23.212 0.0000000000
99105  53.184  25.748  31.979 0.0000000000
131329  56.058  26.769  33.644 0.0000000000
104088  50.925  33.364  28.588 0.0000000000
119129  52.859  30.883  28.455 0.0000000000
99126  50.673  25.836  30.138 0.0000000000
95583  55.516  19.956  45.923 0.0000000000
94512  53.154  18.626  43.756 0.0000000000
93310  55.761  15.685  44.444 0.0000000000
92637  57.502  14.543  39.294 0.0000000000
96401  52.937  21.819  31.764 0.0000000000
97839  53.045  23.318  34.748 0.0000000000
97107  55.238  22.034  34.092 0.0000000000
96353  57.666  21.618  37.683 0.0000000000
97768  57.446  22.616  40.711 0.0000000000
99079  55.621  25.290  36.309 0.0000000000
98455  55.765  24.541  40.370 0.0000000000
97735  55.889  23.515  43.497 0.0000000000
97706  53.957  23.133  46.447 0.0000000000
95579  52.191  20.930  46.739 0.0000000000
103419  58.224  32.740  27.093 0.0000000000
101010  58.082  27.699  25.224 0.0000000000
99782  54.578  26.203  23.619 0.0000000000
97999  56.324  22.592  20.915 0.0000000000
95761  54.242  20.516  23.304 0.0000000000
95721  53.402  20.859  27.897 0.0000000000
97800  51.270  23.864  37.582 0.0000000000
95651  49.276  20.708  38.916 0.0000000000
94006  49.723  17.742  36.361 0.0000000000
93339  52.933  16.850  39.926 0.0000000000
139009  49.170  23.331  32.863 0.0000000000
97844  48.290  23.905  34.150 0.0000000000
97842  50.150  24.020  34.150 0.0000000000
97146  50.448  22.023  30.503 0.0000000000
97156  49.475  22.383  29.288 0.0000000000
125195  48.980  22.455  30.768 0.0000000000
97898  47.727  23.111  31.711 0.0000000000
93306  51.843  16.579  44.323 0.0000000000
91804  53.080  14.596  43.392 0.0000000000
91805  51.961  14.674  43.055 0.0000000000
92675  46.660  15.498  33.927 0.0000000000
97913  57.581  23.416  30.633 0.0000000000
97877  58.386  22.843  32.192 0.0000000000
98530  57.381  24.504  31.912 0.0000000000
101540  53.022  29.773  41.401 0.0000000000
100248  52.384  28.120  40.880 0.0000000000
97916  54.388  23.861  29.815 0.0000000000
127370  54.169  23.272  28.407 0.0000000000
97930  55.534  22.835  29.042 0.0000000000
97169  57.006  21.696  28.333 0.0000000000
96323  55.654  21.721  42.087 0.0000000000
96310  53.365  21.777  42.329 0.0000000000
136041  53.328  21.408  42.948 0.0000000000
141357  44.202  23.715  34.058 0.0000000000
97083  44.942  22.607  35.562 0.0000000000
97073  47.255  22.993  36.956 0.0000000000
96362  46.197  21.488  36.940 0.0000000000
95665  46.592  20.720  37.170 0.0000000000
95097  47.082  19.183  36.723 0.0000000000
95094  47.470  19.784  37.276 0.0000000000
96480  52.193  21.698  22.588 0.0000000000
98002  52.213  22.950  22.069 0.0000000000
97230  50.684  22.403  23.125 0.0000000000
97883  45.584  23.873  32.481 0.0000000000
141707  44.268  24.183  33.397 0.0000000000
99713  52.672  26.304  32.685 0.0000000000
100296  53.667  27.197  34.171 0.0000000000
100285  52.267  27.980  34.645 0.0000000000
100301  49.332  27.471  32.648 0.0000000000
99728  49.663  26.809  30.479 0.0000000000
99107  51.332  26.124  31.814 0.0000000000
99124  52.278  25.347  30.709 0.0000000000
95013  55.313  19.125  47.022 0.0000000000
93924  55.293  18.017  45.791 0.0000000000
93931  55.783  16.676  45.999 0.0000000000
91111  56.587  13.454  41.232 0.0000000000
91103  57.367  13.792  41.370 0.0000000000
91145  57.851  13.116  38.867 0.0000000000
96411  54.251  21.087  30.952 0.0000000000
97122  54.054  22.025  32.917 0.0000000000
96399  56.001  21.365  32.662 0.0000000000
97078  58.517  22.168  35.741 0.0000000000
96368  58.139  21.481  35.880 0.0000000000
96340  58.079  21.860  37.633 0.0000000000
123414  57.660  21.875  39.114 0.0000000000
97784  57.711  22.660  39.002 0.0000000000
99692  55.736  27.675  35.213 0.0000000000
99090  55.838  25.972  35.217 0.0000000000
99685  54.735  26.765  35.913 0.0000000000
124929  52.688  25.448  41.064 0.0000000000
99063  53.575  25.359  39.435 0.0000000000
98441  54.010  24.757  41.785 0.0000000000
98427  55.577  24.221  42.228 0.0000000000
98418  54.668  24.400  43.345 0.0000000000
97728  54.945  23.665  44.952 0.0000000000
133224  53.775  24.572  44.830 0.0000000000
98387  50.875  24.875  47.217 0.0000000000
129839  51.770  23.200  47.321 0.0000000000
102818  58.345  31.120  27.510 0.0000000000
102279  58.280  29.937  25.851 0.0000000000
100999  57.798  28.464  25.810 0.0000000000
101653  52.326  29.219  27.986 0.0000000000
102263  53.861  30.036  28.117 0.0000000000
100335  52.756  27.772  25.976 0.0000000000
97977  53.610  23.539  24.116 0.0000000000
99174  53.869  25.628  23.673 0.0000000000
98603  54.314  23.711  23.072 0.0000000000
99181  55.336  25.179  22.622 0.0000000000
97984  54.809  22.949  22.291 0.0000000000
95768  55.446  20.842  21.782 0.0000000000
95751  55.333  20.781  23.708 0.0000000000
126418  56.451  20.364  28.624 0.0000000000
135836  54.822  20.406  27.430 0.0000000000
95710  54.353  20.622  28.850 0.0000000000
96418  52.971  21.215  30.037 0.0000000000
97829  53.992  23.273  35.892 0.0000000000
97816  52.558  23.752  36.222 0.0000000000
97798  53.435  23.468  37.383 0.0000000000
95641  50.823  20.659  40.878 0.0000000000
96334  50.150  21.563  39.803 0.0000000000
95084  50.105  19.324  38.985 0.0000000000
119038  49.685  18.915  38.069 0.0000000000
124370  50.305  18.363  37.678 0.0000000000
93328  54.230  16.245  41.814 0.0000000000
93970  52.890  17.274  41.380 0.0000000000
136124  54.284  16.131  39.672 0.0000000000
97862  46.663  23.676  33.780 0.0000000000
97835  46.156  23.439  35.218 0.0000000000
97845  47.288  23.726  34.443 0.0000000000
97833  48.215  24.092  35.801 0.0000000000
97818  48.893  23.699  37.235 0.0000000000
120716  50.755  21.661  26.938 0.0000000000
119258  47.009  23.449  32.028 0.0000000000
93925  53.675  17.326  46.226 0.0000000000
93297  55.335  15.881  46.265 0.0000000000
125185  54.015  15.283  44.966 0.0000000000
91101  54.452  13.925  42.528 0.0000000000
95699  58.035  20.322  30.535 0.0000000000
95688  58.001  20.499  32.175 0.0000000000
96397  58.500  20.917  32.216 0.0000000000
97837  58.410  22.702  34.022 0.0000000000
98485  57.364  24.059  35.531 0.0000000000
100921  53.622  28.454  37.649 0.0000000000
99682  52.708  26.987  38.049 0.0000000000
100910  52.733  28.178  39.373 0.0000000000
99661  51.988  26.659  40.628 0.0000000000
99038  51.927  25.899  42.848 0.0000000000
98401  52.913  25.322  45.578 0.0000000000
129047  51.792  26.892  44.820 0.0000000000
99628  51.085  27.232  46.066 0.0000000000
99014  50.184  25.987  45.598 0.0000000000
102261  56.786  31.056  28.305 0.0000000000
98573  51.742  25.110  27.498 0.0000000000
99158  51.943  26.032  25.773 0.0000000000
97954  52.911  23.832  27.357 0.0000000000
97960  53.435  23.138  25.855 0.0000000000
97207  55.060  21.588  25.393 0.0000000000
121178  55.551  20.777  25.094 0.0000000000
96431  56.508  21.084  26.687 0.0000000000
95716  57.426  20.596  28.520 0.0000000000
97048  55.390  22.395  39.011 0.0000000000
97786  53.491  23.297  38.803 0.0000000000
97033  53.824  22.559  40.713 0.0000000000
96325  51.722  21.338  41.616 0.0000000000
121420  51.428  19.177  41.318 0.0000000000
92658  55.972  15.352  36.509 0.0000000000
93368  54.854  16.087  37.377 0.0000000000
95103  44.053  19.608  36.004 0.0000000000
97075  45.689  22.740  36.091 0.0000000000
95667  45.141  20.628  36.413 0.0000000000
94577  44.711  18.779  36.100 0.0000000000
94010  46.215  17.871  36.095 0.0000000000
94018  46.495  17.284  35.690 0.0000000000
93382  47.887  16.732  35.130 0.0000000000
98618  53.905  24.037  20.736 0.0000000000
123477  51.820  24.639  22.358 0.0000000000
99112  54.894  25.283  31.765 0.0000000000
99111  55.997  25.454  32.090 0.0000000000
99711  55.008  26.354  33.123 0.0000000000
100283  55.646  27.836  34.661 0.0000000000
127991  55.407  28.479  35.369 0.0000000000
101582  55.363  29.904  36.572 0.0000000000
101556  55.110  30.290  39.467 0.0000000000
120490  52.191  32.504  28.448 0.0000000000
102251  51.772  30.330  28.548 0.0000000000
100330  50.892  27.876  27.941 0.0000000000
99146  50.885  26.192  27.906 0.0000000000
98557  52.029  24.857  29.032 0.0000000000
98548  53.666  24.829  30.705 0.0000000000
96278  55.771  21.142  44.657 0.0000000000
95606  53.403  20.293  43.860 0.0000000000
95026  54.333  19.373  45.019 0.0000000000
93938  54.205  17.340  44.137 0.0000000000
92608  55.132  15.691  41.569 0.0000000000
132194  56.229  14.855  44.043 0.0000000000
92597  56.704  14.696  42.028 0.0000000000
92638  56.939  15.155  39.443 0.0000000000
97135  51.408  21.929  31.425 0.0000000000
97857  51.380  23.318  33.514 0.0000000000
97110  52.630  22.658  33.210 0.0000000000
97092  53.688  22.757  34.271 0.0000000000
97081  55.179  22.478  35.412 0.0000000000
122869  57.617  21.089  33.893 0.0000000000
97079  56.720  21.693  36.327 0.0000000000
97058  55.684  22.343  37.690 0.0000000000
96333  57.112  21.562  39.356 0.0000000000
123415  56.831  21.581  40.686 0.0000000000
120942  56.484  21.818  42.242 0.0000000000
132134  56.849  26.045  33.781 0.0000000000
98486  56.643  24.737  35.678 0.0000000000
98477  56.097  24.780  37.425 0.0000000000
99074  53.731  25.903  37.737 0.0000000000
98472  55.205  24.881  38.800 0.0000000000
98464  56.678  24.250  39.226 0.0000000000
98438  56.681  24.000  40.855 0.0000000000
125813  56.784  23.122  42.275 0.0000000000
96292  56.526  21.899  43.790 0.0000000000
96976  55.846  21.738  45.064 0.0000000000
96266  55.388  21.225  46.002 0.0000000000
122592  54.434  20.731  47.063 0.0000000000
98384  52.954  24.382  46.636 0.0000000000
96968  52.760  22.597  47.160 0.0000000000
95015  53.600  19.583  46.978 0.0000000000
95020  52.842  19.109  46.412 0.0000000000
120686  58.623  31.881  25.999 0.0000000000
119536  58.388  28.661  24.674 0.0000000000
142940  58.422  26.558  23.318 0.0000000000
99764  53.161  26.748  24.879 0.0000000000
100344  56.390  27.793  25.353 0.0000000000
99772  56.513  26.708  24.224 0.0000000000
99179  57.642  25.289  22.351 0.0000000000
97997  57.287  23.751  20.730 0.0000000000
97257  55.539  21.794  19.910 0.0000000000
96484  54.190  20.992  21.298 0.0000000000
95762  53.111  20.769  23.549 0.0000000000
95744  55.138  20.319  25.430 0.0000000000
95738  53.237  20.637  26.046 0.0000000000
96441  52.367  21.036  26.389 0.0000000000
124078  52.041  21.330  28.181 0.0000000000
121348  52.132  21.429  29.957 0.0000000000
97832  51.503  23.905  34.925 0.0000000000
98478  50.553  24.192  37.012 0.0000000000
97791  49.280  23.073  38.252 0.0000000000
97780  51.905  23.335  39.397 0.0000000000
97044  49.728  22.185  39.270 0.0000000000
96343  48.863  21.367  38.617 0.0000000000
95086  48.660  19.876  38.000 0.0000000000
94007  48.881  17.845  36.277 0.0000000000
94513  52.551  18.878  43.151 0.0000000000
94521  51.861  18.556  41.556 0.0000000000
93986  51.773  17.591  39.116 0.0000000000
93369  54.049  16.459  37.385 0.0000000000
94000  51.619  17.602  37.478 0.0000000000
91833  52.572  14.418  40.745 0.0000000000
122586  53.977  13.790  38.358 0.0000000000
97880  50.060  22.954  32.683 0.0000000000
97859  49.699  23.626  33.469 0.0000000000
97136  50.561  22.084  31.279 0.0000000000
97137  49.769  22.302  31.046 0.0000000000
97127  49.932  22.508  31.821 0.0000000000
97128  49.146  22.580  31.583 0.0000000000
92588  51.632  15.270  43.479 0.0000000000
97914  56.748  23.619  30.389 0.0000000000
136518  57.684  23.802  31.334 0.0000000000
97896  57.046  24.096  31.108 0.0000000000
98547  55.092  24.094  30.573 0.0000000000
97915  55.304  23.494  29.755 0.0000000000
140125  55.913  23.698  30.271 0.0000000000
97929  56.396  23.116  29.571 0.0000000000
96309  55.051  21.679  42.848 0.0000000000
122585  54.075  21.686  42.991 0.0000000000
96295  53.843  21.187  43.530 0.0000000000
139545  44.650  23.184  34.762 0.0000000000
135289  45.607  23.503  34.652 0.0000000000
97061  47.547  22.398  37.539 0.0000000000
96354  46.968  21.632  37.414 0.0000000000
95661  47.347  20.705  37.519 0.0000000000
133913  48.003  21.437  38.002 0.0000000000
96469  51.636  21.626  23.220 0.0000000000
97229  51.331  21.977  22.831 0.0000000000
96470  50.639  21.834  23.536 0.0000000000
97863  45.246  23.981  33.312 0.0000000000
98519  44.774  24.192  32.569 0.0000000000
99708  52.120  26.719  33.434 0.0000000000
100297  51.601  27.357  34.022 0.0000000000
100298  50.216  27.147  32.996 0.0000000000
99716  49.834  26.780  32.163 0.0000000000
99715  50.784  26.568  32.428 0.0000000000
99714  51.740  26.443  32.570 0.0000000000
94495  55.259  18.345  47.047 0.0000000000
94494  55.413  18.472  46.652 0.0000000000
93919  55.243  17.543  46.791 0.0000000000
91126  57.191  13.352  40.144 0.0000000000
95695  54.928  20.823  30.942 0.0000000000
119685  55.422  21.202  32.000 0.0000000000
126903  55.421  20.879  31.438 0.0000000000
97069  58.226  22.557  36.837 0.0000000000
97068  58.480  22.089  36.553 0.0000000000
126978  57.954  22.404  37.698 0.0000000000
142326  57.789  22.453  38.382 0.0000000000
98469  57.497  23.386  38.151 0.0000000000
143327  55.295  27.798  35.601 0.0000000000
99686  54.094  27.252  36.396 0.0000000000
99045  53.011  25.081  41.811 0.0000000000
127881  53.473  25.073  41.200 0.0000000000
98429  53.629  24.811  42.522 0.0000000000
98428  54.664  24.501  42.533 0.0000000000
138522  54.089  24.594  43.115 0.0000000000
98419  54.038  24.625  43.893 0.0000000000
97709  50.327  23.953  47.226 0.0000000000
121790  57.412  30.612  27.854 0.0000000000
102800  58.380  32.213  28.721 0.0000000000
102260  58.010  30.518  27.494 0.0000000000
102272  57.986  29.932  27.058 0.0000000000
100986  57.141  28.811  26.371 0.0000000000
100337  51.575  28.015  27.305 0.0000000000
100990  52.268  28.081  26.732 0.0000000000
100336  52.092  27.329  26.220 0.0000000000
97219  54.097  22.641  24.322 0.0000000000
98604  53.712  24.057  23.651 0.0000000000
142293  54.377  22.980  22.922 0.0000000000
138892  54.725  22.291  22.842 0.0000000000
97238  55.389  21.613  22.197 0.0000000000
96467  55.538  21.008  23.025 0.0000000000
95709  56.002  20.455  29.618 0.0000000000
127330  55.568  20.364  28.705 0.0000000000
95701  55.192  20.659  30.286 0.0000000000
95702  54.423  20.830  30.369 0.0000000000
97814  54.197  23.165  36.813 0.0000000000
97815  53.353  23.500  36.474 0.0000000000
143041  54.108  23.215  37.483 0.0000000000
95075  50.607  19.962  40.490 0.0000000000
95079  50.167  20.016  39.749 0.0000000000
141168  50.724  18.717  39.094 0.0000000000
94561  50.472  18.592  38.436 0.0000000000
142787  54.722  15.831  40.200 0.0000000000
93337  54.206  16.110  40.745 0.0000000000
93364  54.882  16.026  38.920 0.0000000000
97861  47.529  23.656  33.503 0.0000000000
98508  48.787  24.171  35.131 0.0000000000
98491  48.739  24.292  35.966 0.0000000000
97819  48.309  23.864  36.520 0.0000000000
98490  49.167  24.185  36.522 0.0000000000
96434  50.647  21.817  27.982 0.0000000000
96435  49.961  21.999  27.130 0.0000000000
97187  49.860  22.304  27.911 0.0000000000
125613  48.842  22.545  29.845 0.0000000000
97157  48.651  22.600  28.858 0.0000000000
120296  46.875  23.564  32.887 0.0000000000
93291  54.392  16.401  46.221 0.0000000000
93304  53.651  15.931  45.278 0.0000000000
91803  54.055  14.407  43.681 0.0000000000
138072  53.963  13.911  41.624 0.0000000000
121795  55.087  13.886  41.806 0.0000000000
91113  54.559  13.837  40.877 0.0000000000
103437  58.486  32.576  24.355 0.0000000000
104125  58.401  33.620  24.022 0.0000000000
123967  58.125  20.495  30.153 0.0000000000
95698  58.279  20.467  30.867 0.0000000000
96404  58.527  20.876  31.230 0.0000000000
138754  58.108  23.598  32.609 0.0000000000
97854  58.276  22.768  33.101 0.0000000000
97855  57.980  23.773  33.362 0.0000000000
97838  58.101  23.442  34.171 0.0000000000
97828  57.836  23.656  34.830 0.0000000000
100909  53.580  28.799  39.049 0.0000000000
100264  52.847  27.747  38.260 0.0000000000
100241  51.912  27.754  42.145 0.0000000000
100249  52.007  27.462  41.172 0.0000000000
99648  51.729  26.622  42.400 0.0000000000
99654  51.830  26.635  41.461 0.0000000000
143157  51.682  26.662  43.252 0.0000000000
99642  51.857  26.279  43.836 0.0000000000
99643  51.564  27.291  44.079 0.0000000000
100208  51.159  28.150  45.315 0.0000000000
100209  50.743  27.954  45.594 0.0000000000
99013  50.937  26.555  46.466 0.0000000000
99629  50.558  27.266  45.797 0.0000000000
98572  52.385  24.445  27.826 0.0000000000
98579  52.223  24.623  26.812 0.0000000000
97945  53.161  23.953  28.318 0.0000000000
97944  54.412  22.675  27.629 0.0000000000
97953  53.568  22.987  26.877 0.0000000000
97186  54.487  22.344  26.759 0.0000000000
97199  54.236  22.337  26.054 0.0000000000
97198  55.337  21.584  26.177 0.0000000000
97197  55.955  21.401  26.591 0.0000000000
97184  55.923  21.666  27.307 0.0000000000
97152  57.892  21.950  29.473 0.0000000000
96424  57.660  20.801  28.543 0.0000000000
96417  58.301  20.975  29.196 0.0000000000
95707  57.969  20.435  29.532 0.0000000000
97039  55.175  22.382  39.686 0.0000000000
97040  54.196  22.731  39.897 0.0000000000
97032  54.965  22.321  40.522 0.0000000000
96311  52.639  21.227  42.571 0.0000000000
96324  52.464  21.707  41.815 0.0000000000
96312  51.948  21.007  42.157 0.0000000000
95638  51.402  20.651  41.591 0.0000000000
95063  51.513  19.834  41.764 0.0000000000
95670  44.310  20.479  36.097 0.0000000000
97821  46.275  23.264  35.886 0.0000000000
97822  45.561  23.148  35.385 0.0000000000
95666  45.873  20.752  36.757 0.0000000000
129930  45.684  20.011  36.553 0.0000000000
95100  44.885  19.774  36.357 0.0000000000
95099  45.610  19.129  36.396 0.0000000000
94576  45.593  18.275  36.153 0.0000000000
95098  46.334  19.515  36.612 0.0000000000
94009  46.957  17.893  36.060 0.0000000000
94008  47.667  17.827  35.994 0.0000000000
94017  47.368  17.317  35.619 0.0000000000
98009  54.862  22.510  19.953 0.0000000000
98627  54.112  23.180  20.536 0.0000000000
97993  50.869  23.114  22.826 0.0000000000
98620  52.023  23.740  21.927 0.0000000000
98612  51.300  23.900  22.568 0.0000000000
99113  53.921  25.301  31.462 0.0000000000
124238  55.197  25.744  32.448 0.0000000000
99104  54.275  25.694  32.323 0.0000000000
100295  54.748  27.427  34.192 0.0000000000
100927  55.612  28.350  35.103 0.0000000000
101571  55.101  30.075  37.827 0.0000000000
104768  52.385  33.923  28.831 0.0000000000
104087  51.833  33.276  28.594 0.0000000000
133370  51.276  31.153  28.505 0.0000000000
102252  50.785  30.390  28.703 0.0000000000
101639  51.496  29.453  28.480 0.0000000000
99727  50.229  26.296  30.708 0.0000000000
99738  50.252  26.481  29.794 0.0000000000
99746  50.499  26.511  28.738 0.0000000000
99134  50.711  25.851  29.302 0.0000000000
99133  51.351  25.346  28.955 0.0000000000
125496  51.137  25.492  29.710 0.0000000000
98533  53.095  25.371  31.052 0.0000000000
98532  54.519  24.756  31.071 0.0000000000
95589  55.498  20.696  45.496 0.0000000000
95590  55.083  20.235  45.203 0.0000000000
95025  55.292  19.358  45.756 0.0000000000
93303  55.249  16.762  44.993 0.0000000000
93932  54.474  17.812  45.040 0.0000000000
93311  54.745  16.555  43.821 0.0000000000
92599  55.166  15.824  42.502 0.0000000000
92586  55.270  15.964  43.355 0.0000000000
91790  55.647  14.816  45.073 0.0000000000
91782  55.901  15.178  45.226 0.0000000000
91801  56.047  14.550  44.387 0.0000000000
91831  57.538  14.166  40.835 0.0000000000
91818  57.288  14.147  41.738 0.0000000000
92618  57.391  14.531  39.969 0.0000000000
92619  56.972  14.930  40.271 0.0000000000
131337  57.048  15.207  38.010 0.0000000000
92650  57.600  14.643  38.442 0.0000000000
97134  52.130  22.126  31.801 0.0000000000
97124  52.389  22.381  32.437 0.0000000000
140549  54.661  21.985  33.086 0.0000000000
97108  54.418  22.285  33.663 0.0000000000
97091  54.613  22.516  34.659 0.0000000000
97090  55.671  22.103  34.755 0.0000000000
96390  58.023  20.712  33.157 0.0000000000
96376  58.122  21.118  34.106 0.0000000000
135902  57.862  21.513  37.157 0.0000000000
96369  57.354  21.446  35.612 0.0000000000
97070  57.271  21.532  37.127 0.0000000000
97071  56.243  22.090  36.999 0.0000000000
97057  56.805  21.632  37.805 0.0000000000
97047  56.287  21.964  38.611 0.0000000000
96342  57.376  21.646  38.481 0.0000000000
97030  57.577  21.915  40.337 0.0000000000
96332  57.314  21.619  39.993 0.0000000000
131447  57.209  21.701  40.657 0.0000000000
96321  57.003  21.791  41.408 0.0000000000
99103  56.012  26.130  32.878 0.0000000000
99102  56.708  25.716  32.739 0.0000000000
99702  56.506  26.663  34.010 0.0000000000
99089  56.411  25.602  35.010 0.0000000000
99078  56.129  25.201  35.754 0.0000000000
98487  56.380  24.713  36.520 0.0000000000
99678  52.567  26.489  38.828 0.0000000000
99677  53.086  26.252  38.217 0.0000000000
99069  53.052  25.837  38.896 0.0000000000
98456  54.557  24.929  40.140 0.0000000000
99062  54.470  25.034  39.219 0.0000000000
98466  55.236  24.802  39.627 0.0000000000
129581  56.025  24.613  38.829 0.0000000000
98465  55.927  24.576  39.495 0.0000000000
98454  56.673  24.169  40.028 0.0000000000
97743  56.149  23.703  42.704 0.0000000000
97754  56.237  23.833  42.027 0.0000000000
97742  56.543  22.896  43.010 0.0000000000
96993  56.592  22.196  43.244 0.0000000000
96994  56.394  22.611  43.737 0.0000000000
96277  56.179  21.612  44.368 0.0000000000
96983  56.264  22.196  44.412 0.0000000000
131074  54.722  22.913  45.856 0.0000000000
96977  55.283  22.155  45.775 0.0000000000
96966  54.545  22.188  46.546 0.0000000000
96257  54.710  21.276  46.825 0.0000000000
99012  52.291  26.223  45.926 0.0000000000
98385  52.288  25.086  46.907 0.0000000000
132538  52.039  22.337  47.242 0.0000000000
140229  52.455  23.342  47.187 0.0000000000
96259  52.780  21.561  47.106 0.0000000000
96258  53.649  20.917  47.175 0.0000000000
95578  53.169  20.529  47.075 0.0000000000
95016  52.568  20.019  46.545 0.0000000000
104112  57.695  33.192  27.137 0.0000000000
124788  55.730  33.700  27.059 0.0000000000
103429  58.411  32.755  26.239 0.0000000000
100998  58.197  28.401  25.403 0.0000000000
101679  58.339  29.283  25.271 0.0000000000
140894  58.340  27.901  24.929 0.0000000000
100370  58.484  27.233  23.707 0.0000000000
100364  58.209  26.557  24.061 0.0000000000
99157  52.360  25.588  25.396 0.0000000000
99765  52.414  26.341  25.347 0.0000000000
99166  52.767  25.895  24.728 0.0000000000
99774  54.070  26.755  24.284 0.0000000000
99773  55.186  26.853  24.143 0.0000000000
100357  55.799  27.376  24.719 0.0000000000
100356  56.991  27.248  24.784 0.0000000000
99781  55.758  26.310  23.552 0.0000000000
98610  56.132  24.364  21.967 0.0000000000
99180  56.746  25.114  22.421 0.0000000000
98609  57.251  24.594  21.823 0.0000000000
98616  57.335  24.251  21.330 0.0000000000
97998  56.808  23.054  20.457 0.0000000000
139132  56.672  22.763  19.997 0.0000000000
97246  56.312  22.277  20.211 0.0000000000
95769  55.202  20.624  22.097 0.0000000000
95776  55.125  20.731  21.184 0.0000000000
124371  54.449  20.546  22.418 0.0000000000
95770  53.425  20.843  22.672 0.0000000000
96447  56.090  20.680  26.022 0.0000000000
120789  55.616  20.499  25.653 0.0000000000
143550  55.799  20.381  26.129 0.0000000000
95720  54.254  20.623  27.970 0.0000000000
95737  53.989  20.508  26.402 0.0000000000
95730  53.131  20.839  27.032 0.0000000000
96449  52.550  20.901  25.456 0.0000000000
96432  52.213  21.235  27.309 0.0000000000
130353  52.702  21.117  27.846 0.0000000000
119998  53.002  21.451  30.873 0.0000000000
96413  52.404  21.443  30.520 0.0000000000
96414  51.729  21.584  30.653 0.0000000000
97856  52.118  23.176  33.691 0.0000000000
142255  51.645  23.529  34.145 0.0000000000
97840  52.261  23.471  34.449 0.0000000000
119753  52.027  24.050  36.895 0.0000000000
123176  51.288  24.194  36.757 0.0000000000
97801  50.241  23.758  37.734 0.0000000000
97790  49.867  23.269  38.334 0.0000000000
97041  52.370  22.966  40.086 0.0000000000
97779  52.871  23.253  39.431 0.0000000000
97042  51.369  22.720  40.004 0.0000000000
95645  49.751  20.761  39.601 0.0000000000
97043  50.491  22.474  39.600 0.0000000000
96335  49.443  21.448  39.234 0.0000000000
133903  49.119  22.017  38.828 0.0000000000
95652  48.653  20.587  38.349 0.0000000000
95085  49.272  19.811  38.501 0.0000000000
94568  50.099  18.118  36.966 0.0000000000
94572  49.338  18.274  36.822 0.0000000000
94015  49.293  17.347  35.741 0.0000000000
93381  48.840  16.815  35.149 0.0000000000
95033  52.846  19.502  43.586 0.0000000000
93960  52.390  17.960  41.925 0.0000000000
93971  52.553  17.330  40.498 0.0000000000
93972  51.764  17.896  40.128 0.0000000000
121636  52.331  17.313  39.779 0.0000000000
92664  54.633  15.578  35.738 0.0000000000
92659  54.310  16.213  36.822 0.0000000000
92660  53.963  15.872  36.122 0.0000000000
97860  48.358  23.593  33.130 0.0000000000
131807  48.950  23.738  33.559 0.0000000000
97843  49.264  24.104  34.205 0.0000000000
98507  49.745  24.348  34.928 0.0000000000
97155  50.334  22.070  29.637 0.0000000000
97172  50.127  22.158  28.721 0.0000000000
97147  49.643  22.349  30.196 0.0000000000
97148  48.225  22.622  30.411 0.0000000000
97139  47.666  22.913  30.876 0.0000000000
97138  48.382  22.708  31.285 0.0000000000
97897  48.546  23.024  32.208 0.0000000000
93934  52.383  17.145  44.967 0.0000000000
93305  52.728  16.319  44.693 0.0000000000
92577  52.139  15.722  44.105 0.0000000000
92587  52.579  15.079  43.774 0.0000000000
91812  52.710  14.405  42.619 0.0000000000
97143  58.015  22.520  30.250 0.0000000000
97142  58.414  21.735  30.737 0.0000000000
97133  58.243  22.948  31.207 0.0000000000
97895  58.037  23.786  31.939 0.0000000000
97878  57.789  24.356  32.618 0.0000000000
100880  53.505  29.729  41.168 0.0000000000
100896  52.954  28.716  40.602 0.0000000000
100881  52.873  29.246  41.448 0.0000000000
100872  52.214  28.848  42.582 0.0000000000
97931  53.785  23.750  29.021 0.0000000000
142672  53.670  23.591  28.405 0.0000000000
128004  54.670  23.345  29.099 0.0000000000
97943  54.963  22.747  28.417 0.0000000000
97170  55.984  22.171  28.167 0.0000000000
97154  56.367  22.416  28.867 0.0000000000
97153  57.146  22.279  29.128 0.0000000000
96322  55.923  21.762  41.101 0.0000000000
97016  54.622  22.200  41.419 0.0000000000
97003  54.274  22.010  42.248 0.0000000000
96296  52.942  20.851  43.190 0.0000000000
97074  46.491  22.769  36.587 0.0000000000
97062  46.918  22.415  37.163 0.0000000000
136321  46.794  19.936  36.922 0.0000000000
94570  47.799  19.043  36.863 0.0000000000
136975  53.150  21.935  21.563 0.0000000000
97249  53.217  22.445  21.226 0.0000000000
97240  51.998  22.293  22.375 0.0000000000
97241  51.266  22.499  22.696 0.0000000000
97985  50.173  23.028  23.357 0.0000000000
97900  45.169  23.976  31.790 0.0000000000
98511  43.904  24.437  32.573 0.0000000000
98512  43.445  24.387  33.099 0.0000000000
97864  43.329  23.826  33.717 0.0000000000
99712  53.715  26.234  32.881 0.0000000000
99707  53.129  26.670  33.543 0.0000000000
130940  52.607  27.168  34.137 0.0000000000
100302  48.666  27.873  32.244 0.0000000000
100304  49.175  27.264  31.036 0.0000000000
123186  49.190  27.247  31.839 0.0000000000
99718  50.441  26.347  31.578 0.0000000000
99116  50.865  25.831  30.980 0.0000000000
99125  51.376  25.504  30.416 0.0000000000
99115  51.751  25.670  31.230 0.0000000000
99106  52.191  25.917  31.976 0.0000000000
95019  55.496  19.235  46.386 0.0000000000
94500  55.475  18.574  46.136 0.0000000000
93923  55.512  17.649  46.257 0.0000000000
93302  55.907  15.887  45.602 0.0000000000
91105  56.140  13.620  41.883 0.0000000000
91091  56.541  13.816  42.915 0.0000000000
91104  56.957  13.593  41.698 0.0000000000
91125  57.506  13.686  40.528 0.0000000000
91869  57.953  13.669  39.013 0.0000000000
96407  53.721  21.406  31.309 0.0000000000
96400  53.872  21.674  32.145 0.0000000000
96406  54.620  21.285  31.608 0.0000000000
124300  54.841  21.655  32.518 0.0000000000
135777  56.101  21.530  33.302 0.0000000000
97089  58.572  21.867  34.775 0.0000000000
133485  58.167  21.316  35.026 0.0000000000
96359  58.379  21.766  36.287 0.0000000000
96351  58.310  21.779  37.003 0.0000000000
96352  58.001  21.654  37.383 0.0000000000
96341  57.826  21.886  38.201 0.0000000000
137632  57.829  22.020  38.777 0.0000000000
97037  57.862  22.021  39.194 0.0000000000
97775  57.718  22.462  39.878 0.0000000000
99703  55.958  27.251  34.473 0.0000000000
99097  56.233  26.617  34.559 0.0000000000
99691  55.905  27.235  34.906 0.0000000000
99684  55.338  26.364  35.531 0.0000000000
99080  54.755  25.794  36.488 0.0000000000
99054  52.425  25.912  40.342 0.0000000000
121885  53.303  25.260  40.347 0.0000000000
98457  54.290  24.877  41.010 0.0000000000
120102  55.118  24.619  40.911 0.0000000000
98439  55.924  24.319  41.394 0.0000000000
98440  54.997  24.593  41.663 0.0000000000
98417  55.370  24.124  43.080 0.0000000000
97727  55.674  23.195  44.306 0.0000000000
97736  54.951  24.156  44.169 0.0000000000
98399  54.339  24.148  45.104 0.0000000000
97719  54.274  23.672  45.701 0.0000000000
98386  51.605  25.052  47.233 0.0000000000
97708  51.205  24.140  47.345 0.0000000000
104099  58.513  32.911  28.906 0.0000000000
103411  58.475  32.395  28.092 0.0000000000
103418  58.499  31.956  27.111 0.0000000000
102828  58.457  31.073  26.679 0.0000000000
102271  58.236  30.363  27.082 0.0000000000
101673  58.247  29.063  26.050 0.0000000000
141981  52.749  29.646  28.188 0.0000000000
101638  53.036  30.088  28.336 0.0000000000
101652  53.224  29.491  27.803 0.0000000000
123984  53.154  28.399  26.473 0.0000000000
97968  53.410  23.477  24.940 0.0000000000
99165  53.248  25.359  24.258 0.0000000000
131512  53.538  24.892  23.737 0.0000000000
123764  54.235  24.771  23.290 0.0000000000
99173  54.634  25.476  23.221 0.0000000000
129900  55.285  25.823  23.152 0.0000000000
98611  54.916  24.286  22.501 0.0000000000
130373  55.683  23.320  21.682 0.0000000000
97991  55.584  22.200  21.500 0.0000000000
97247  55.789  21.766  20.777 0.0000000000
97237  55.575  21.221  21.555 0.0000000000
95759  55.395  20.782  22.568 0.0000000000
95760  55.213  20.498  22.951 0.0000000000
95718  56.258  20.266  27.987 0.0000000000
95728  55.412  20.355  26.839 0.0000000000
95719  55.335  20.345  27.785 0.0000000000
142134  53.567  20.869  28.560 0.0000000000
95711  53.320  21.038  29.243 0.0000000000
95703  53.877  20.832  29.803 0.0000000000
96412  53.689  21.134  30.544 0.0000000000
97830  53.206  23.471  35.612 0.0000000000
97831  52.388  23.713  35.330 0.0000000000
122577  52.748  23.714  36.952 0.0000000000
97799  52.414  23.721  37.734 0.0000000000
97034  51.290  22.018  40.610 0.0000000000
97035  50.718  22.083  40.181 0.0000000000
96330  50.715  21.411  40.489 0.0000000000
95644  50.312  20.733  40.215 0.0000000000
95080  49.648  20.107  39.213 0.0000000000
93949  53.481  17.279  42.763 0.0000000000
121861  52.929  17.453  42.209 0.0000000000
120980  53.581  16.622  41.326 0.0000000000
93338  53.268  16.760  40.661 0.0000000000
93352  53.392  16.545  39.340 0.0000000000
119169  45.800  23.760  33.976 0.0000000000
97846  46.409  23.616  34.604 0.0000000000
97834  46.911  23.644  35.432 0.0000000000
121558  47.845  23.830  35.149 0.0000000000
123511  47.590  23.851  36.038 0.0000000000
136387  47.622  23.508  36.640 0.0000000000
97804  48.039  23.251  37.343 0.0000000000
138970  50.821  21.383  25.994 0.0000000000
96450  50.084  21.493  25.262 0.0000000000
96444  49.224  22.024  26.357 0.0000000000
97173  49.301  22.432  28.368 0.0000000000
97917  47.025  23.259  31.199 0.0000000000
97882  46.302  23.657  32.301 0.0000000000
123771  46.082  23.695  33.127 0.0000000000
100953  48.305  28.681  32.475 0.0000000000
100944  48.826  28.137  33.020 0.0000000000
100299  49.633  27.834  33.447 0.0000000000
138390  54.016  17.919  46.769 0.0000000000
93290  55.237  16.652  46.548 0.0000000000
92565  54.642  15.517  45.710 0.0000000000
91802  55.090  14.404  44.350 0.0000000000
91791  53.800  14.813  44.294 0.0000000000
91810  54.844  14.026  43.419 0.0000000000
91100  55.851  13.495  43.013 0.0000000000
91112  55.651  13.522  41.048 0.0000000000
95700  57.117  20.465  30.088 0.0000000000
96405  56.370  20.744  31.762 0.0000000000
95692  58.082  20.356  31.328 0.0000000000
95684  58.184  20.699  32.527 0.0000000000
96389  58.252  20.969  33.312 0.0000000000
97132  58.547  21.797  31.714 0.0000000000
97121  58.497  21.708  32.725 0.0000000000
97106  58.461  21.757  33.770 0.0000000000
97827  58.369  22.734  34.888 0.0000000000
97813  58.158  22.895  35.831 0.0000000000
137349  57.659  23.399  36.381 0.0000000000
100268  53.306  27.451  37.326 0.0000000000
100265  52.427  27.293  38.923 0.0000000000
99672  52.041  27.311  40.380 0.0000000000
99671  52.176  26.735  39.713 0.0000000000
99653  52.134  26.029  41.026 0.0000000000
120729  52.186  25.783  41.839 0.0000000000
99037  52.655  25.291  42.612 0.0000000000
99025  53.065  25.091  44.351 0.0000000000
99033  52.423  25.542  43.552 0.0000000000
99026  52.361  26.049  44.895 0.0000000000
99626  51.800  26.949  45.713 0.0000000000
99619  51.426  26.587  46.432 0.0000000000
135405  51.336  25.813  46.869 0.0000000000
99003  50.639  25.447  46.656 0.0000000000
98388  50.102  24.383  46.866 0.0000000000
99145  51.327  25.798  27.290 0.0000000000
99152  51.545  26.087  26.451 0.0000000000
98580  51.694  25.396  26.805 0.0000000000
98588  52.497  24.642  25.744 0.0000000000
124478  53.628  23.393  27.846 0.0000000000
97961  52.798  23.787  26.357 0.0000000000
97969  52.891  23.847  25.590 0.0000000000
97208  54.119  22.437  25.207 0.0000000000
97218  55.051  21.596  24.591 0.0000000000
96457  55.485  20.934  24.165 0.0000000000
96440  55.980  20.891  25.615 0.0000000000
96439  56.231  20.978  25.962 0.0000000000
95735  56.317  20.678  26.493 0.0000000000
97183  56.804  21.323  27.449 0.0000000000
96430  56.825  21.014  27.179 0.0000000000
120815  56.703  20.514  27.451 0.0000000000
95717  57.080  20.437  28.174 0.0000000000
95708  57.099  20.483  29.097 0.0000000000
97059  55.051  22.606  38.321 0.0000000000
97797  54.088  23.215  38.110 0.0000000000
97777  54.414  22.832  39.010 0.0000000000
97770  53.274  22.912  40.065 0.0000000000
119288  52.830  22.655  40.773 0.0000000000
97017  53.379  22.287  41.529 0.0000000000
97018  52.451  22.317  41.230 0.0000000000
97019  51.823  21.929  41.205 0.0000000000
96329  51.274  21.334  41.064 0.0000000000
95074  51.091  19.908  41.164 0.0000000000
129690  51.104  19.222  40.637 0.0000000000
93363  55.487  15.844  38.254 0.0000000000
124690  55.701  15.658  37.337 0.0000000000
122707  43.801  18.772  35.754 0.0000000000
97076  45.137  22.098  36.179 0.0000000000
133550  45.893  22.157  36.590 0.0000000000
96363  45.478  21.431  36.518 0.0000000000
96364  44.676  21.318  36.120 0.0000000000
94579  44.947  17.973  35.834 0.0000000000
94575  46.480  18.589  36.389 0.0000000000
93383  46.887  16.568  35.222 0.0000000000
125268  52.671  23.793  21.511 0.0000000000
124830  53.217  24.298  21.350 0.0000000000
96471  49.784  21.881  23.979 0.0000000000
97231  49.954  22.286  23.673 0.0000000000
98531  55.493  24.708  31.370 0.0000000000
123359  56.489  24.696  31.611 0.0000000000
99706  54.229  26.774  33.695 0.0000000000
99705  55.463  27.217  33.961 0.0000000000
100272  55.941  27.971  34.965 0.0000000000
100273  55.696  28.230  35.173 0.0000000000
100925  54.422  28.297  36.562 0.0000000000
100920  54.768  29.287  37.063 0.0000000000
101572  54.391  29.464  38.522 0.0000000000
101557  54.509  29.759  40.086 0.0000000000
127231  52.540  31.695  28.425 0.0000000000
103397  51.320  32.608  28.483 0.0000000000
125676  52.103  31.043  28.457 0.0000000000
102250  52.442  30.399  28.468 0.0000000000
128771  52.341  29.815  28.402 0.0000000000
100981  51.559  28.616  27.983 0.0000000000
100329  51.242  27.295  27.250 0.0000000000
100307  49.336  27.541  30.197 0.0000000000
100322  50.439  27.421  28.571 0.0000000000
99752  50.690  26.962  27.829 0.0000000000
99751  51.177  26.518  27.206 0.0000000000
99139  51.287  25.542  28.065 0.0000000000
98566  51.853  24.953  28.322 0.0000000000
98565  52.571  24.485  28.664 0.0000000000
99132  51.959  25.113  29.806 0.0000000000
98549  52.845  24.872  30.286 0.0000000000
98555  53.535  24.368  29.820 0.0000000000
129002  54.214  24.379  30.408 0.0000000000
96293  56.258  21.573  43.787 0.0000000000
95605  54.530  20.772  44.332 0.0000000000
95591  54.013  20.050  44.591 0.0000000000
93933  53.686  18.038  44.250 0.0000000000
94505  54.685  18.597  45.411 0.0000000000
93939  53.474  17.733  43.510 0.0000000000
93321  54.293  16.522  42.770 0.0000000000
92621  55.248  15.631  40.675 0.0000000000
137721  55.686  16.215  46.230 0.0000000000
91809  56.822  14.148  42.545 0.0000000000
92584  56.431  14.758  42.954 0.0000000000
92585  55.940  15.386  43.282 0.0000000000
92607  56.155  15.344  41.375 0.0000000000
92620  56.190  15.341  40.482 0.0000000000
92639  56.232  15.435  39.635 0.0000000000
119648  56.376  15.516  38.091 0.0000000000
97879  51.039  22.919  32.820 0.0000000000
97125  51.593  22.438  32.266 0.0000000000
97093  52.857  22.994  33.956 0.0000000000
97123  53.205  22.186  32.653 0.0000000000
97109  53.454  22.489  33.443 0.0000000000
97082  53.839  23.070  35.089 0.0000000000
124898  54.728  22.810  36.083 0.0000000000
97072  55.145  22.623  36.874 0.0000000000
96398  57.216  20.801  32.468 0.0000000000
96391  56.881  21.277  33.222 0.0000000000
138787  56.359  21.566  34.030 0.0000000000
137010  57.834  21.301  35.248 0.0000000000
96378  56.601  21.660  34.912 0.0000000000
97080  56.165  22.034  35.501 0.0000000000
121878  55.672  22.378  36.170 0.0000000000
97038  56.201  21.944  39.496 0.0000000000
96328  56.869  21.511  40.011 0.0000000000
136081  56.515  21.730  41.441 0.0000000000
96308  56.069  21.609  42.995 0.0000000000
98518  56.806  25.132  32.223 0.0000000000
98517  57.333  25.140  32.660 0.0000000000
98505  57.238  25.305  33.976 0.0000000000
99096  56.692  26.003  34.275 0.0000000000
98498  57.355  24.472  34.615 0.0000000000
133852  57.119  24.150  36.488 0.0000000000
98476  56.914  24.225  37.392 0.0000000000
99681  53.323  26.730  37.380 0.0000000000
99680  54.023  26.314  36.839 0.0000000000
99073  54.524  25.549  37.443 0.0000000000
99068  53.767  25.499  38.611 0.0000000000
130406  54.491  25.317  38.227 0.0000000000
99072  55.304  25.194  37.329 0.0000000000
98471  55.777  24.888  38.179 0.0000000000
98470  56.592  24.320  38.321 0.0000000000
97785  57.274  23.711  38.903 0.0000000000
97769  57.291  23.383  40.416 0.0000000000
127939  57.188  23.284  41.073 0.0000000000
97753  56.747  23.573  41.569 0.0000000000
97015  57.155  22.585  41.525 0.0000000000
97002  56.765  22.211  42.442 0.0000000000
96307  56.512  21.837  43.101 0.0000000000
96984  55.376  22.752  45.097 0.0000000000
135996  55.475  20.427  46.169 0.0000000000
96256  55.139  20.551  46.737 0.0000000000
95576  54.970  19.876  47.104 0.0000000000
98400  53.587  24.478  45.850 0.0000000000
97707  53.589  23.860  46.381 0.0000000000
122756  52.191  24.126  47.153 0.0000000000
139207  53.055  23.446  46.927 0.0000000000
96967  53.573  22.601  46.872 0.0000000000
130655  53.778  21.691  47.082 0.0000000000
95577  54.130  20.099  47.093 0.0000000000
94496  53.895  18.661  46.973 0.0000000000
94501  53.109  18.200  46.085 0.0000000000
94502  52.225  18.748  45.629 0.0000000000
93927  52.278  17.968  45.264 0.0000000000
102842  58.451  31.539  24.835 0.0000000000
102835  58.380  30.878  25.723 0.0000000000
125641  58.411  30.348  24.956 0.0000000000
120582  58.292  29.684  24.267 0.0000000000
101686  58.379  28.953  23.668 0.0000000000
100377  58.391  27.307  22.524 0.0000000000
99797  58.342  26.291  22.547 0.0000000000
123468  56.292  30.414  27.859 0.0000000000
101663  56.719  29.400  26.934 0.0000000000
99758  51.943  26.624  25.932 0.0000000000
100347  52.532  27.081  25.550 0.0000000000
128376  53.486  26.136  24.254 0.0000000000
101001  55.767  28.319  25.827 0.0000000000
101000  56.831  28.309  25.874 0.0000000000
100343  57.534  27.719  25.356 0.0000000000
99771  57.685  26.572  24.255 0.0000000000
99172  56.209  25.750  22.947 0.0000000000
99780  57.122  26.130  23.524 0.0000000000
99779  58.061  26.126  23.735 0.0000000000
99789  58.194  26.001  23.332 0.0000000000
99790  58.028  25.570  22.391 0.0000000000
142273  57.628  24.820  21.237 0.0000000000
98631  56.742  23.879  19.770 0.0000000000
97258  54.718  21.658  20.287 0.0000000000
96490  55.793  21.676  20.252 0.0000000000
96492  54.661  21.107  20.695 0.0000000000
97248  53.830  21.641  20.940 0.0000000000
96479  53.009  21.402  22.326 0.0000000000
96468  52.550  21.275  22.932 0.0000000000
96458  52.212  21.289  23.849 0.0000000000
140550  55.298  20.633  24.532 0.0000000000
95752  54.929  20.508  23.948 0.0000000000
95736  55.121  20.285  26.084 0.0000000000
119351  54.305  20.455  25.682 0.0000000000
95753  53.898  20.533  24.259 0.0000000000
95754  52.820  20.844  24.521 0.0000000000
96442  51.689  21.221  25.738 0.0000000000
123501  51.566  21.405  26.677 0.0000000000
96433  51.422  21.490  27.603 0.0000000000
120134  51.377  21.566  28.395 0.0000000000
96419  52.612  21.307  29.413 0.0000000000
96420  51.883  21.522  29.091 0.0000000000
96421  51.220  21.683  29.984 0.0000000000
97145  51.045  21.712  30.804 0.0000000000
97858  50.568  23.480  33.441 0.0000000000
97841  50.976  23.759  34.165 0.0000000000
98506  50.601  24.205  34.868 0.0000000000
97817  51.676  24.140  35.998 0.0000000000
98500  50.965  24.261  35.519 0.0000000000
98489  49.975  24.355  36.404 0.0000000000
98479  49.711  24.048  37.152 0.0000000000
97803  48.772  23.157  37.889 0.0000000000
122557  53.192  23.456  38.125 0.0000000000
97787  52.570  23.497  38.676 0.0000000000
97788  51.616  23.595  38.524 0.0000000000
97781  51.006  23.266  39.238 0.0000000000
97789  50.666  23.482  38.400 0.0000000000
97050  49.502  22.649  38.678 0.0000000000
97051  48.909  22.555  38.363 0.0000000000
96344  48.598  21.957  38.405 0.0000000000
95660  48.081  20.282  37.780 0.0000000000
95093  48.369  19.342  37.418 0.0000000000
94573  48.476  18.555  36.713 0.0000000000
94569  49.097  18.820  37.367 0.0000000000
134292  48.169  18.018  36.196 0.0000000000
94016  48.298  17.447  35.686 0.0000000000
95607  52.698  20.198  43.290 0.0000000000
95044  52.352  19.592  42.927 0.0000000000
94520  52.154  18.807  42.393 0.0000000000
95045  51.884  19.704  42.347 0.0000000000
125058  51.553  18.519  40.786 0.0000000000
94557  51.237  18.378  39.480 0.0000000000
128917  54.526  16.298  38.085 0.0000000000
93365  53.989  16.385  38.738 0.0000000000
93366  53.200  16.759  38.469 0.0000000000
93372  53.577  16.488  36.748 0.0000000000
93370  53.167  16.839  37.514 0.0000000000
93985  52.584  16.932  39.153 0.0000000000
93992  52.356  17.298  38.162 0.0000000000
93993  51.545  17.743  38.278 0.0000000000
94560  51.132  18.209  38.702 0.0000000000
93994  51.036  18.165  37.894 0.0000000000
94001  50.891  17.998  37.166 0.0000000000
91820  52.380  14.332  41.785 0.0000000000
140030  53.150  14.305  41.423 0.0000000000
91853  53.141  14.314  39.944 0.0000000000
91129  54.090  14.051  39.992 0.0000000000
91092  56.194  13.878  43.573 0.0000000000
91098  57.059  13.829  42.130 0.0000000000
91099  56.578  13.727  42.384 0.0000000000
91110  57.094  13.472  40.954 0.0000000000
91149  53.554  14.122  39.147 0.0000000000
91800  56.435  14.220  43.457 0.0000000000
91811  53.693  14.213  42.976 0.0000000000
91832  53.562  14.219  40.769 0.0000000000
91852  57.744  13.884  39.982 0.0000000000
92552  55.871  15.835  46.011 0.0000000000
92563  55.855  15.680  45.661 0.0000000000
92564  55.603  15.401  45.636 0.0000000000
92574  55.969  15.235  45.095 0.0000000000
92575  54.845  14.854  45.151 0.0000000000
92576  53.125  15.502  44.471 0.0000000000
92598  56.086  15.391  42.299 0.0000000000
92606  57.004  14.710  41.184 0.0000000000
92651  57.015  15.242  38.700 0.0000000000
92652  56.314  15.538  38.856 0.0000000000
92653  55.664  15.725  39.057 0.0000000000
93289  55.576  16.882  46.294 0.0000000000
93296  55.938  16.097  46.020 0.0000000000
93298  53.257  16.774  45.488 0.0000000000
93312  54.021  17.091  43.336 0.0000000000
93918  55.349  17.767  46.665 0.0000000000
93920  54.636  17.331  46.718 0.0000000000
93940  52.739  18.037  42.867 0.0000000000
93959  53.533  16.881  42.027 0.0000000000
93961  52.149  17.917  41.046 0.0000000000
94506  53.846  18.636  44.611 0.0000000000
94546  51.274  18.628  40.146 0.0000000000
94562  49.051  19.371  37.827 0.0000000000
95032  53.479  19.422  44.266 0.0000000000
95575  55.390  19.865  46.610 0.0000000000
95625  51.756  20.366  42.153 0.0000000000
95689  57.444  20.516  31.775 0.0000000000
95691  58.268  20.621  31.702 0.0000000000
95693  57.242  20.435  31.061 0.0000000000
95706  58.182  20.663  29.522 0.0000000000
95715  58.030  20.594  28.972 0.0000000000
95725  57.087  20.623  27.688 0.0000000000
95726  56.464  20.659  26.931 0.0000000000
95729  54.281  20.502  27.101 0.0000000000
95743  55.305  20.502  25.002 0.0000000000
95745  53.570  20.658  25.175 0.0000000000
95746  51.891  21.160  24.783 0.0000000000
96360  58.099  21.576  36.794 0.0000000000
96361  57.668  21.461  36.548 0.0000000000
96367  58.361  21.591  35.403 0.0000000000
96377  57.616  21.292  34.729 0.0000000000
96392  55.334  21.791  33.330 0.0000000000
96408  52.254  21.662  31.174 0.0000000000
96410  58.400  20.857  30.182 0.0000000000
96425  57.348  21.008  27.847 0.0000000000
96426  52.785  21.203  28.637 0.0000000000
96448  55.698  21.031  25.124 0.0000000000
96460  50.307  21.598  24.378 0.0000000000
96461  49.401  21.736  24.542 0.0000000000
96477  55.554  20.939  22.242 0.0000000000
96478  53.709  20.870  21.930 0.0000000000
96483  55.535  21.129  20.941 0.0000000000
96485  53.409  21.432  21.703 0.0000000000
96491  55.323  21.286  20.504 0.0000000000
97049  50.179  22.900  38.938 0.0000000000
97111  51.850  22.796  33.007 0.0000000000
97144  57.372  22.938  29.838 0.0000000000
97168  57.726  21.363  28.716 0.0000000000
97185  55.200  21.975  27.060 0.0000000000
97228  54.122  23.010  23.482 0.0000000000
97239  52.717  21.831  22.073 0.0000000000
97250  52.635  22.406  21.804 0.0000000000
97264  56.209  22.263  19.826 0.0000000000
97776  57.350  23.502  39.625 0.0000000000
97778  53.672  23.097  39.438 0.0000000000
97802  49.453  23.527  37.790 0.0000000000
97992  51.607  23.096  22.404 0.0000000000
98000  53.299  23.296  21.032 0.0000000000
98001  52.623  23.117  21.533 0.0000000000
98007  57.024  23.393  20.049 0.0000000000
98008  55.437  23.255  19.758 0.0000000000
98488  50.783  24.342  36.220 0.0000000000
98499  56.856  24.993  34.806 0.0000000000
98501  50.245  24.389  35.611 0.0000000000
98510  57.609  24.871  33.283 0.0000000000
98556  52.691  24.625  29.458 0.0000000000
98596  52.751  25.032  24.883 0.0000000000
98617  56.895  23.635  21.298 0.0000000000
98619  52.485  24.525  21.793 0.0000000000
98623  57.513  24.384  21.000 0.0000000000
98624  57.296  24.074  20.254 0.0000000000
99002  51.824  25.633  46.925 0.0000000000
99067  55.090  25.116  38.009 0.0000000000
99099  57.139  25.654  33.291 0.0000000000
99100  56.582  26.225  33.420 0.0000000000
99114  52.516  25.610  31.389 0.0000000000
99140  50.859  25.848  28.568 0.0000000000
99151  52.021  25.401  26.143 0.0000000000
99171  58.006  25.758  23.090 0.0000000000
99187  57.627  24.896  21.670 0.0000000000
99192  57.429  24.924  20.677 0.0000000000
99627  51.289  27.584  45.699 0.0000000000
99719  49.662  26.694  31.303 0.0000000000
99798  58.092  26.113  21.585 0.0000000000
100240  52.422  28.609  41.829 0.0000000000
100259  52.323  27.685  39.897 0.0000000000
100305  48.721  27.708  31.501 0.0000000000
100308  48.717  27.913  30.840 0.0000000000
100354  58.263  27.302  24.593 0.0000000000
100355  57.934  27.120  24.776 0.0000000000
100980  52.799  28.779  27.275 0.0000000000
100987  56.203  28.795  26.382 0.0000000000
101016  58.468  27.988  24.177 0.0000000000
101650  55.939  29.808  27.420 0.0000000000
101661  58.092  29.777  26.595 0.0000000000
101662  57.716  29.347  26.569 0.0000000000
102249  53.618  30.723  28.350 0.0000000000
102802  57.279  31.679  28.673 0.0000000000
102819  58.151  31.408  28.173 0.0000000000
104113  56.497  33.580  26.640 0.0000000000
119294  51.713  31.830  28.434 0.0000000000
119702  57.607  13.435  39.677 0.0000000000
120112  50.976  21.354  25.045 0.0000000000
120174  54.733  20.405  24.937 0.0000000000
121206  56.473  13.377  40.551 0.0000000000
121393  54.747  18.140  47.114 0.0000000000
121692  58.459  31.774  28.031 0.0000000000
123327  57.808  25.310  21.402 0.0000000000
124650  51.861  26.558  46.334 0.0000000000
125860  57.626  20.577  28.821 0.0000000000
130120  55.470  17.385  45.734 0.0000000000
130845  57.907  21.973  38.487 0.0000000000
131926  50.502  28.130  28.604 0.0000000000
133388  53.260  24.380  24.377 0.0000000000
134180  54.846  20.592  29.629 0.0000000000
135151  57.371  22.007  40.947 0.0000000000
135257  56.215  20.614  26.449 0.0000000000
135625  51.955  14.441  42.367 0.0000000000
135662  58.381  22.043  37.139 0.0000000000
135879  52.826  25.053  46.347 0.0000000000
135881  52.056  28.583  27.408 0.0000000000
136389  58.299  30.354  26.439 0.0000000000
137086  54.560  20.645  21.739 0.0000000000
137421  58.368  32.890  27.986 0.0000000000
137977  46.466  22.125  37.002 0.0000000000
138450  55.851  21.227  45.033 0.0000000000
138596  56.842  29.954  27.529 0.0000000000
138659  54.444  22.837  35.410 0.0000000000
138789  49.357  22.819  32.241 0.0000000000
139258  57.731  21.908  39.715 0.0000000000
139913  49.689  18.497  37.394 0.0000000000
140721  54.685  25.011  22.851 0.0000000000
140910  47.045  20.284  37.229 0.0000000000
141323  53.922  26.213  23.860 0.0000000000
141559  54.825  23.306  45.390 0.0000000000
141634  53.594  16.470  40.067 0.0000000000
141862  54.508  25.142  38.712 0.0000000000
142004  51.487  27.025  46.100 0.0000000000
142569  53.787  16.579  38.006 0.0000000000
142633  57.262  25.606  22.855 0.0000000000
142753  51.708  19.192  41.896 0.0000000000
143311  51.706  27.528  26.778 0.0000000000
143323  51.750  26.144  46.673 0.0000000000
