#!ascii label  , from subject sub-032304 vox2ras=TkReg
513
141142  25.770  -12.122  -16.099 0.0000000000
77963  31.779  -2.798  -16.367 0.0000000000
84626  29.925  4.281  -20.523 0.0000000000
81288  26.424  0.610  -16.890 0.0000000000
136106  27.440  -15.940  -13.653 0.0000000000
70848  30.945  -11.896  -14.085 0.0000000000
118975  28.392  -7.957  -18.090 0.0000000000
77973  26.447  -3.864  -17.747 0.0000000000
82096  31.250  1.148  -18.756 0.0000000000
87070  32.974  7.067  -17.032 0.0000000000
131469  28.695  7.698  -21.297 0.0000000000
68087  27.206  -14.057  -15.439 0.0000000000
68063  29.841  -13.885  -13.866 0.0000000000
69937  28.540  -12.674  -15.767 0.0000000000
118734  25.100  -5.848  -16.395 0.0000000000
77957  24.670  -3.314  -15.300 0.0000000000
82951  28.427  2.212  -19.079 0.0000000000
81304  29.385  0.354  -19.564 0.0000000000
82959  31.102  2.464  -19.906 0.0000000000
84580  31.796  4.085  -17.187 0.0000000000
85448  31.499  5.480  -18.946 0.0000000000
87877  29.931  8.122  -16.211 0.0000000000
87072  28.772  7.411  -17.237 0.0000000000
88669  29.405  9.518  -19.357 0.0000000000
77044  30.584  -5.374  -17.139 0.0000000000
74328  31.916  -7.516  -15.385 0.0000000000
136651  33.485  -4.984  -15.137 0.0000000000
84605  28.518  4.373  -18.668 0.0000000000
131587  32.565  -0.172  -15.364 0.0000000000
72615  24.664  -9.682  -15.362 0.0000000000
126524  27.262  -9.983  -17.659 0.0000000000
134719  26.256  -7.652  -17.629 0.0000000000
135945  27.491  -5.936  -18.319 0.0000000000
77985  29.972  -3.271  -18.102 0.0000000000
79748  26.537  -1.865  -17.623 0.0000000000
79759  29.360  -1.369  -19.115 0.0000000000
136873  31.230  -0.894  -17.616 0.0000000000
82080  31.804  1.570  -16.295 0.0000000000
136131  28.372  5.952  -17.697 0.0000000000
139075  29.443  5.850  -21.579 0.0000000000
90099  29.233  10.922  -21.587 0.0000000000
88680  30.319  9.204  -21.574 0.0000000000
87894  31.255  8.043  -19.942 0.0000000000
88667  32.892  9.381  -18.187 0.0000000000
72614  30.200  -10.027  -15.958 0.0000000000
70853  24.407  -11.221  -14.551 0.0000000000
140704  24.768  -12.497  -14.793 0.0000000000
69939  26.018  -12.877  -15.976 0.0000000000
69014  27.594  -13.609  -15.525 0.0000000000
69951  26.924  -12.098  -16.665 0.0000000000
83828  29.356  3.368  -19.759 0.0000000000
128632  30.621  2.530  -20.004 0.0000000000
84611  30.565  3.733  -20.024 0.0000000000
84604  30.942  4.067  -18.910 0.0000000000
85457  30.916  5.248  -20.013 0.0000000000
88660  30.175  9.882  -17.488 0.0000000000
88661  29.681  9.229  -18.138 0.0000000000
89386  29.507  10.496  -18.987 0.0000000000
136483  30.978  -4.800  -16.962 0.0000000000
76082  31.966  -5.234  -16.124 0.0000000000
131992  32.591  -3.617  -15.666 0.0000000000
83812  27.804  2.899  -17.605 0.0000000000
84593  27.646  4.279  -16.859 0.0000000000
67160  26.380  -15.765  -13.744 0.0000000000
66262  26.662  -16.524  -13.475 0.0000000000
132483  28.554  -16.743  -12.555 0.0000000000
67150  28.875  -16.053  -12.841 0.0000000000
69000  30.040  -13.176  -14.275 0.0000000000
68988  30.861  -13.989  -13.144 0.0000000000
73492  25.383  -8.515  -16.703 0.0000000000
74337  24.720  -7.289  -16.186 0.0000000000
122155  25.928  -4.560  -17.299 0.0000000000
136011  26.759  -5.631  -17.932 0.0000000000
76109  27.253  -5.072  -18.343 0.0000000000
77069  28.684  -4.931  -18.464 0.0000000000
77987  28.678  -3.948  -18.586 0.0000000000
79742  25.574  -1.304  -16.488 0.0000000000
80500  26.900  -0.122  -17.595 0.0000000000
81302  30.235  0.451  -19.581 0.0000000000
79768  29.157  -0.785  -19.371 0.0000000000
80509  30.352  -0.275  -19.068 0.0000000000
142993  30.500  -1.569  -18.163 0.0000000000
128696  31.258  -0.287  -17.961 0.0000000000
81281  31.728  0.052  -16.686 0.0000000000
82088  31.606  1.033  -17.955 0.0000000000
85437  32.336  5.546  -17.067 0.0000000000
124541  32.208  3.990  -16.418 0.0000000000
87087  28.400  7.316  -19.169 0.0000000000
86242  28.620  6.783  -17.674 0.0000000000
87088  27.708  6.962  -20.020 0.0000000000
86247  28.949  5.332  -19.797 0.0000000000
136379  28.612  7.045  -21.371 0.0000000000
127481  31.048  8.918  -20.812 0.0000000000
88675  31.485  9.841  -19.684 0.0000000000
141840  31.847  8.294  -19.276 0.0000000000
72639  27.704  -9.304  -17.746 0.0000000000
71722  28.780  -10.569  -16.773 0.0000000000
72637  29.112  -10.076  -17.199 0.0000000000
118834  33.435  -7.378  -14.501 0.0000000000
73473  31.928  -8.843  -14.861 0.0000000000
68077  25.502  -14.428  -14.701 0.0000000000
130878  27.618  -14.741  -14.522 0.0000000000
68065  28.762  -14.961  -13.898 0.0000000000
69003  27.718  -14.017  -14.887 0.0000000000
69932  28.919  -12.993  -15.046 0.0000000000
70852  29.841  -11.799  -14.957 0.0000000000
118203  23.927  -5.370  -14.743 0.0000000000
77046  25.004  -4.061  -15.584 0.0000000000
77974  25.752  -3.655  -17.121 0.0000000000
82099  27.602  1.400  -17.838 0.0000000000
81295  27.885  0.647  -18.434 0.0000000000
82109  28.848  1.603  -19.426 0.0000000000
82960  30.949  1.869  -19.976 0.0000000000
82950  31.228  1.876  -19.477 0.0000000000
82942  31.492  2.588  -17.613 0.0000000000
83817  31.233  3.558  -18.605 0.0000000000
128556  31.584  4.814  -18.464 0.0000000000
86240  32.290  6.318  -17.410 0.0000000000
133911  29.329  7.259  -15.295 0.0000000000
87071  29.443  7.732  -16.863 0.0000000000
87889  29.216  8.407  -18.885 0.0000000000
87895  28.909  8.771  -20.077 0.0000000000
134697  29.745  -7.099  -17.613 0.0000000000
73490  29.836  -8.022  -16.868 0.0000000000
118603  30.803  -7.123  -16.634 0.0000000000
134773  32.195  -6.611  -15.627 0.0000000000
82089  26.958  1.325  -17.093 0.0000000000
82943  27.401  2.015  -17.390 0.0000000000
83818  28.675  3.566  -19.058 0.0000000000
84613  29.274  4.123  -19.634 0.0000000000
68057  30.102  -14.554  -13.269 0.0000000000
79733  32.847  -1.922  -15.539 0.0000000000
78892  32.959  -2.652  -15.306 0.0000000000
71712  25.180  -10.570  -15.552 0.0000000000
71724  26.453  -10.822  -16.839 0.0000000000
72628  26.108  -10.019  -16.788 0.0000000000
72640  26.332  -9.291  -17.315 0.0000000000
74350  27.172  -7.921  -17.896 0.0000000000
118220  25.197  -6.677  -16.667 0.0000000000
118570  26.523  -6.831  -17.584 0.0000000000
118564  28.375  -7.265  -18.319 0.0000000000
76094  29.669  -6.094  -17.735 0.0000000000
77055  30.501  -4.528  -17.516 0.0000000000
77972  30.624  -3.454  -17.441 0.0000000000
78900  25.521  -2.800  -16.805 0.0000000000
78922  26.957  -2.357  -18.358 0.0000000000
80511  27.455  -0.887  -18.354 0.0000000000
79761  27.539  -1.840  -18.873 0.0000000000
78920  28.331  -2.899  -18.853 0.0000000000
78918  29.712  -2.601  -18.422 0.0000000000
78907  30.417  -2.443  -17.916 0.0000000000
78899  31.681  -2.009  -16.719 0.0000000000
80491  31.923  -0.714  -16.529 0.0000000000
133082  31.944  0.631  -15.920 0.0000000000
82934  31.818  2.436  -16.658 0.0000000000
133378  28.268  5.206  -18.183 0.0000000000
85449  29.069  4.909  -19.373 0.0000000000
85473  29.856  4.726  -21.503 0.0000000000
89401  28.893  10.142  -21.331 0.0000000000
88681  28.879  9.282  -21.457 0.0000000000
89405  29.741  10.213  -21.722 0.0000000000
87915  29.264  8.451  -21.745 0.0000000000
87114  29.569  7.991  -21.789 0.0000000000
86270  30.013  6.392  -21.396 0.0000000000
128601  30.649  5.575  -20.735 0.0000000000
86246  31.385  6.125  -19.723 0.0000000000
87086  31.776  7.073  -18.743 0.0000000000
87077  32.629  7.765  -17.464 0.0000000000
70867  26.969  -11.471  -17.006 0.0000000000
70865  29.181  -11.063  -16.062 0.0000000000
71705  30.767  -10.695  -14.806 0.0000000000
140591  31.110  -8.864  -15.551 0.0000000000
71709  31.085  -9.901  -15.067 0.0000000000
69941  24.702  -12.033  -15.174 0.0000000000
69940  25.426  -12.327  -15.651 0.0000000000
69004  25.213  -12.890  -15.142 0.0000000000
143153  26.542  -12.880  -16.238 0.0000000000
69953  26.161  -12.047  -16.339 0.0000000000
84612  29.921  3.774  -20.078 0.0000000000
83827  30.169  3.105  -20.075 0.0000000000
127572  30.291  3.494  -20.060 0.0000000000
133621  30.452  4.534  -20.262 0.0000000000
89385  29.951  10.610  -18.117 0.0000000000
121981  31.841  -3.650  -16.190 0.0000000000
77043  31.563  -4.571  -16.439 0.0000000000
66261  27.375  -16.623  -13.279 0.0000000000
66260  28.087  -16.364  -13.147 0.0000000000
67159  28.431  -15.668  -13.474 0.0000000000
69930  30.448  -12.484  -14.284 0.0000000000
69925  31.131  -12.555  -13.784 0.0000000000
70847  31.644  -11.791  -13.729 0.0000000000
74329  24.386  -7.880  -15.417 0.0000000000
118812  24.239  -7.032  -15.283 0.0000000000
77057  26.524  -4.787  -17.971 0.0000000000
77071  27.071  -4.177  -18.359 0.0000000000
77070  27.883  -4.513  -18.521 0.0000000000
77988  27.708  -3.564  -18.631 0.0000000000
80501  26.327  -0.325  -16.985 0.0000000000
81293  30.810  0.444  -19.021 0.0000000000
80508  30.936  -0.145  -18.596 0.0000000000
81292  31.274  0.417  -18.300 0.0000000000
85432  32.500  5.582  -16.088 0.0000000000
87896  28.561  7.850  -20.229 0.0000000000
87094  27.905  6.896  -20.803 0.0000000000
88674  32.319  9.530  -18.978 0.0000000000
73505  27.859  -8.594  -17.991 0.0000000000
72638  27.911  -9.138  -17.858 0.0000000000
73504  28.892  -8.215  -17.606 0.0000000000
73471  33.192  -8.132  -14.427 0.0000000000
69015  25.539  -13.832  -15.205 0.0000000000
68088  26.855  -14.701  -15.080 0.0000000000
141961  26.443  -14.980  -14.899 0.0000000000
68076  27.102  -14.706  -14.941 0.0000000000
69938  27.982  -13.020  -16.003 0.0000000000
69013  28.214  -13.373  -15.360 0.0000000000
69931  29.678  -12.575  -14.677 0.0000000000
69936  29.248  -12.227  -15.336 0.0000000000
77031  24.133  -4.027  -14.986 0.0000000000
77045  25.526  -4.383  -16.383 0.0000000000
77964  25.444  -3.563  -16.136 0.0000000000
82098  28.261  1.433  -18.608 0.0000000000
82962  28.921  2.279  -19.578 0.0000000000
82961  29.757  1.909  -19.712 0.0000000000
82949  31.281  2.714  -18.821 0.0000000000
83825  30.981  3.174  -19.610 0.0000000000
132973  31.025  4.667  -19.451 0.0000000000
85438  31.925  5.562  -17.929 0.0000000000
86241  31.758  6.346  -18.297 0.0000000000
87876  30.435  8.705  -16.483 0.0000000000
87061  30.095  7.680  -15.292 0.0000000000
87062  29.392  7.555  -15.957 0.0000000000
128242  29.999  8.248  -17.138 0.0000000000
138406  29.673  8.466  -17.781 0.0000000000
76093  30.209  -6.190  -17.399 0.0000000000
134855  30.274  -6.942  -17.095 0.0000000000
134673  30.715  -6.153  -16.776 0.0000000000
138081  32.671  -5.053  -15.549 0.0000000000
118229  32.275  -5.829  -15.744 0.0000000000
118728  32.968  -5.974  -15.224 0.0000000000
82090  26.486  1.228  -16.527 0.0000000000
82082  26.931  1.833  -16.750 0.0000000000
83811  28.233  3.660  -18.109 0.0000000000
68074  29.050  -14.223  -14.218 0.0000000000
68064  29.416  -14.590  -13.682 0.0000000000
68056  31.269  -14.443  -12.458 0.0000000000
80482  33.078  -1.115  -15.255 0.0000000000
72609  24.110  -9.863  -14.557 0.0000000000
71725  25.735  -10.758  -16.346 0.0000000000
72629  25.416  -9.890  -16.171 0.0000000000
121034  25.680  -9.201  -16.781 0.0000000000
73508  25.844  -8.478  -17.343 0.0000000000
73507  26.657  -8.534  -17.615 0.0000000000
135357  24.592  -5.696  -16.054 0.0000000000
118806  25.738  -6.038  -16.933 0.0000000000
118664  26.986  -6.415  -17.882 0.0000000000
118591  27.686  -6.776  -18.286 0.0000000000
134711  28.278  -6.309  -18.468 0.0000000000
118740  29.078  -6.592  -18.261 0.0000000000
76107  28.747  -5.748  -18.428 0.0000000000
77068  29.614  -3.972  -18.394 0.0000000000
77056  29.900  -4.634  -18.133 0.0000000000
77067  30.198  -4.020  -18.063 0.0000000000
79749  26.195  -1.221  -17.023 0.0000000000
78901  25.267  -2.046  -16.375 0.0000000000
78909  25.809  -2.038  -17.063 0.0000000000
78908  26.261  -2.847  -17.609 0.0000000000
81294  28.806  0.644  -19.041 0.0000000000
132459  27.497  0.002  -18.221 0.0000000000
137288  28.188  -0.301  -18.914 0.0000000000
132465  28.054  -1.274  -19.198 0.0000000000
79760  28.662  -1.427  -19.350 0.0000000000
119828  28.099  -2.033  -19.277 0.0000000000
78919  29.020  -2.211  -19.023 0.0000000000
79747  31.076  -1.658  -17.602 0.0000000000
128137  31.132  -2.611  -17.144 0.0000000000
79741  31.545  -1.189  -16.945 0.0000000000
79740  32.185  -1.533  -16.288 0.0000000000
82081  31.652  0.878  -16.905 0.0000000000
82074  32.288  1.512  -15.524 0.0000000000
83802  31.873  3.263  -16.938 0.0000000000
134311  28.923  7.307  -16.511 0.0000000000
133801  28.532  6.877  -16.673 0.0000000000
129012  28.271  6.087  -16.882 0.0000000000
84581  27.652  5.242  -17.189 0.0000000000
86253  28.756  5.485  -21.128 0.0000000000
85459  29.606  4.598  -20.881 0.0000000000
86271  29.533  5.151  -21.504 0.0000000000
90091  28.874  11.146  -21.124 0.0000000000
135653  30.207  9.838  -21.616 0.0000000000
88691  29.605  9.452  -21.739 0.0000000000
87914  29.609  8.752  -21.792 0.0000000000
87901  30.208  8.414  -21.629 0.0000000000
87900  30.597  8.008  -20.916 0.0000000000
87102  30.661  7.219  -20.781 0.0000000000
86251  30.786  6.038  -21.058 0.0000000000
87093  31.368  7.039  -19.854 0.0000000000
87887  32.237  8.649  -18.651 0.0000000000
87888  31.924  7.812  -19.166 0.0000000000
87085  32.220  7.868  -18.158 0.0000000000
87883  32.827  8.569  -17.667 0.0000000000
70868  26.686  -11.495  -16.787 0.0000000000
70880  26.904  -10.949  -17.335 0.0000000000
71721  28.768  -10.899  -16.389 0.0000000000
71711  29.787  -10.665  -15.751 0.0000000000
70855  30.179  -11.070  -15.224 0.0000000000
71710  30.502  -10.289  -15.455 0.0000000000
134967  31.052  -7.767  -16.003 0.0000000000
73480  30.875  -8.536  -15.861 0.0000000000
72607  32.530  -9.331  -14.479 0.0000000000
72608  31.722  -9.583  -14.665 0.0000000000
71704  31.478  -10.384  -14.494 0.0000000000
135347  26.580  -13.797  -15.678 0.0000000000
69952  27.151  -13.476  -15.972 0.0000000000
69950  28.039  -12.173  -16.362 0.0000000000
125301  28.746  2.855  -19.418 0.0000000000
131459  29.554  2.695  -19.827 0.0000000000
83826  30.680  3.033  -20.043 0.0000000000
88653  30.625  9.447  -16.669 0.0000000000
87884  30.050  9.009  -17.216 0.0000000000
88668  29.582  10.001  -18.317 0.0000000000
134746  31.214  -5.395  -16.612 0.0000000000
77042  32.290  -4.351  -15.870 0.0000000000
77036  33.136  -4.104  -15.434 0.0000000000
123791  27.880  3.704  -17.329 0.0000000000
84592  27.964  4.467  -17.691 0.0000000000
67161  25.309  -15.746  -13.564 0.0000000000
124327  25.880  -16.383  -13.515 0.0000000000
66247  29.338  -16.507  -12.338 0.0000000000
140429  30.369  -13.945  -13.524 0.0000000000
68994  30.613  -13.336  -13.783 0.0000000000
73481  24.491  -8.741  -15.463 0.0000000000
72630  24.967  -9.072  -16.217 0.0000000000
73493  24.834  -8.209  -16.243 0.0000000000
118214  25.393  -7.672  -16.970 0.0000000000
118215  25.570  -5.237  -16.701 0.0000000000
76095  26.109  -5.399  -17.426 0.0000000000
76108  28.043  -5.418  -18.487 0.0000000000
80512  26.726  -0.988  -17.653 0.0000000000
81303  29.742  0.554  -19.731 0.0000000000
80518  29.014  -0.178  -19.321 0.0000000000
80517  29.686  -0.084  -19.525 0.0000000000
80510  29.644  -0.685  -19.082 0.0000000000
79758  29.939  -1.011  -18.452 0.0000000000
80499  30.795  -0.832  -18.226 0.0000000000
80492  31.500  -0.439  -17.202 0.0000000000
81286  31.510  0.279  -17.492 0.0000000000
84579  32.281  4.790  -16.712 0.0000000000
131728  32.541  4.673  -15.900 0.0000000000
87080  28.944  7.324  -18.181 0.0000000000
86248  28.754  6.528  -18.904 0.0000000000
85439  28.905  5.922  -18.626 0.0000000000
86254  28.054  6.464  -20.505 0.0000000000
86272  28.561  6.159  -21.299 0.0000000000
88679  30.880  9.863  -20.993 0.0000000000
87893  31.635  8.982  -19.405 0.0000000000
71734  28.016  -9.954  -17.646 0.0000000000
72627  28.997  -10.059  -17.096 0.0000000000
72626  29.191  -10.118  -16.986 0.0000000000
73478  32.118  -8.174  -15.008 0.0000000000
74322  32.711  -7.764  -14.866 0.0000000000
73472  32.670  -8.531  -14.661 0.0000000000
67174  25.011  -14.918  -13.857 0.0000000000
67173  25.927  -15.132  -13.966 0.0000000000
67172  27.101  -15.284  -14.194 0.0000000000
67171  27.979  -15.260  -14.142 0.0000000000
68075  28.273  -14.497  -14.414 0.0000000000
69002  28.547  -13.714  -14.688 0.0000000000
69001  29.350  -13.430  -14.469 0.0000000000
142437  30.096  -12.091  -14.617 0.0000000000
124732  24.332  -5.511  -15.551 0.0000000000
118753  24.139  -4.771  -15.292 0.0000000000
118863  24.873  -5.092  -15.965 0.0000000000
81287  27.244  0.640  -17.619 0.0000000000
82108  29.412  0.986  -19.699 0.0000000000
82107  30.150  1.157  -19.788 0.0000000000
82097  30.748  1.167  -19.390 0.0000000000
123028  31.464  1.792  -18.416 0.0000000000
83810  31.488  3.416  -17.821 0.0000000000
84591  31.575  4.133  -18.075 0.0000000000
84590  32.007  4.824  -17.581 0.0000000000
87079  29.410  7.831  -17.927 0.0000000000
87902  28.675  8.628  -21.079 0.0000000000
118582  29.030  -7.850  -17.850 0.0000000000
134789  29.336  -7.980  -17.238 0.0000000000
118560  29.729  -7.626  -17.201 0.0000000000
118786  31.533  -7.045  -16.026 0.0000000000
118589  31.567  -6.221  -16.270 0.0000000000
75169  32.873  -7.027  -15.169 0.0000000000
82952  27.987  2.167  -18.128 0.0000000000
83819  28.311  2.916  -18.550 0.0000000000
67158  29.352  -15.321  -13.231 0.0000000000
78898  32.422  -2.307  -15.997 0.0000000000
77962  32.505  -2.962  -15.731 0.0000000000
70859  24.815  -11.194  -15.167 0.0000000000
70858  25.390  -11.528  -15.786 0.0000000000
70869  26.067  -11.526  -16.434 0.0000000000
71735  26.762  -10.173  -17.400 0.0000000000
118903  27.049  -9.329  -17.614 0.0000000000
73506  27.403  -8.630  -17.796 0.0000000000
134753  25.832  -6.865  -17.322 0.0000000000
118677  26.351  -6.188  -17.455 0.0000000000
134780  27.101  -7.163  -17.845 0.0000000000
134747  27.751  -7.499  -18.187 0.0000000000
118225  28.127  -7.704  -18.234 0.0000000000
76106  29.393  -5.416  -18.167 0.0000000000
121984  30.060  -5.354  -17.678 0.0000000000
77054  31.104  -4.062  -16.891 0.0000000000
77971  31.270  -3.322  -16.794 0.0000000000
78893  24.638  -2.472  -15.195 0.0000000000
77965  25.057  -2.746  -15.906 0.0000000000
77989  26.947  -3.241  -18.365 0.0000000000
134055  28.581  -0.832  -19.327 0.0000000000
79762  27.039  -1.587  -18.208 0.0000000000
78921  27.578  -2.641  -18.818 0.0000000000
77986  29.209  -3.154  -18.504 0.0000000000
130326  29.856  -1.875  -18.559 0.0000000000
80483  32.427  -0.973  -15.809 0.0000000000
139663  32.085  -0.253  -16.081 0.0000000000
132776  31.552  1.719  -17.271 0.0000000000
82933  32.177  2.303  -15.820 0.0000000000
89396  29.296  10.334  -20.302 0.0000000000
88676  28.741  9.489  -20.855 0.0000000000
89406  29.159  9.786  -21.553 0.0000000000
88692  29.136  9.022  -21.721 0.0000000000
87903  28.975  8.532  -21.611 0.0000000000
87104  29.100  7.799  -21.638 0.0000000000
139239  29.285  6.936  -21.590 0.0000000000
87103  30.022  7.480  -21.606 0.0000000000
86252  30.088  5.125  -21.769 0.0000000000
85458  30.220  4.825  -21.029 0.0000000000
87078  32.120  7.123  -17.743 0.0000000000
88659  33.385  9.203  -17.692 0.0000000000
87076  33.206  8.063  -16.981 0.0000000000
71723  27.749  -10.762  -16.841 0.0000000000
70866  29.089  -11.099  -16.164 0.0000000000
70857  28.954  -11.791  -15.853 0.0000000000
70856  29.547  -11.413  -15.544 0.0000000000
70851  30.469  -11.578  -14.577 0.0000000000
73491  29.178  -9.082  -17.003 0.0000000000
72625  30.734  -9.063  -15.870 0.0000000000
72613  30.852  -9.412  -15.638 0.0000000000
73479  31.456  -8.391  -15.401 0.0000000000
72612  31.340  -9.165  -15.220 0.0000000000
70850  31.179  -11.185  -14.247 0.0000000000
77956  33.048  -3.162  -15.220 0.0000000000
61478  25.896  -15.253  -15.197 0.0000000000
70009  30.039  -10.877  -16.709 0.0000000000
73522  27.847  -8.086  -18.119 0.0000000000
74336  29.111  -7.954  -17.216 0.0000000000
118473  27.327  -12.556  -16.605 0.0000000000
118474  27.612  -12.313  -16.559 0.0000000000
118475  27.001  -13.058  -16.539 0.0000000000
118477  30.073  -9.934  -16.408 0.0000000000
118478  29.933  -9.166  -16.841 0.0000000000
118506  29.442  -7.841  -17.279 0.0000000000
134594  28.520  -9.677  -18.148 0.0000000000
134595  25.989  -14.415  -15.589 0.0000000000
134596  28.346  -10.029  -18.193 0.0000000000
134597  28.454  -9.660  -18.078 0.0000000000
134598  27.930  -11.172  -17.194 0.0000000000
134599  25.890  -14.704  -15.464 0.0000000000
134601  30.006  -7.512  -17.019 0.0000000000
134602  30.169  -10.445  -16.543 0.0000000000
134603  29.898  -10.335  -16.785 0.0000000000
134604  29.872  -8.016  -16.923 0.0000000000
134605  29.980  -7.932  -16.900 0.0000000000
134606  30.141  -10.375  -16.524 0.0000000000
134754  29.938  -9.456  -16.793 0.0000000000
134841  26.610  -13.630  -16.928 0.0000000000
134842  28.087  -11.071  -17.015 0.0000000000
134843  29.412  -7.792  -17.428 0.0000000000
134844  29.161  -8.072  -17.457 0.0000000000
134845  27.017  -13.165  -16.998 0.0000000000
134846  27.797  -11.740  -16.717 0.0000000000
134847  26.471  -13.894  -16.710 0.0000000000
134848  27.816  -11.826  -16.642 0.0000000000
134849  29.169  -8.123  -17.467 0.0000000000
134850  28.897  -8.387  -17.736 0.0000000000
134851  27.783  -11.759  -16.691 0.0000000000
134853  30.075  -8.647  -16.796 0.0000000000
134854  30.223  -10.262  -16.360 0.0000000000
134856  30.069  -8.810  -16.755 0.0000000000
134857  30.236  -7.525  -16.886 0.0000000000
134858  30.129  -7.034  -17.242 0.0000000000
134859  30.020  -8.552  -16.841 0.0000000000
134885  27.310  -12.812  -16.535 0.0000000000
134886  26.022  -14.331  -15.621 0.0000000000
134887  27.068  -12.956  -16.715 0.0000000000
134921  25.881  -14.738  -15.422 0.0000000000
134922  29.141  -8.046  -17.640 0.0000000000
134923  26.358  -13.998  -16.096 0.0000000000
134924  26.959  -13.723  -16.815 0.0000000000
134925  26.179  -14.069  -16.055 0.0000000000
134926  28.031  -10.769  -17.389 0.0000000000
134927  27.996  -11.038  -17.060 0.0000000000
134928  28.981  -8.966  -17.956 0.0000000000
134929  26.183  -13.854  -16.043 0.0000000000
134930  27.673  -12.135  -16.596 0.0000000000
134931  25.934  -14.828  -15.338 0.0000000000
134932  30.212  -10.011  -16.467 0.0000000000
134963  26.664  -13.735  -16.533 0.0000000000
134964  29.192  -9.032  -17.693 0.0000000000
134969  25.968  -14.005  -16.192 0.0000000000
134977  29.922  -9.211  -16.948 0.0000000000
135016  26.170  -13.952  -16.072 0.0000000000
135247  26.007  -14.399  -15.607 0.0000000000
137576  29.298  -4.587  -18.407 0.0000000000
139325  28.050  -10.759  -18.057 0.0000000000
140204  28.008  -11.104  -17.102 0.0000000000
140214  29.916  -9.034  -16.929 0.0000000000
140254  25.965  -14.013  -16.025 0.0000000000
142042  25.076  -3.431  -15.660 0.0000000000
143730  30.013  -7.981  -16.906 0.0000000000
