#!ascii label  , from subject sub-032304 vox2ras=TkReg
786
20670  29.115  -65.524  -15.752 0.6000000238
18919  29.522  -67.230  -7.599 0.6999999881
18935  29.554  -67.445  -8.589 0.6999999881
19799  29.436  -67.375  -11.986 0.8999999762
19815  29.232  -66.834  -12.788 0.8000000119
19826  28.907  -66.583  -14.192 0.8000000119
21479  28.703  -65.161  -16.021 0.6000000238
21488  29.419  -64.221  -17.674 0.6999999881
141430  29.967  -64.113  -18.150 0.6999999881
19742  29.750  -66.449  -7.328 0.6999999881
18904  28.706  -67.346  -6.485 0.6999999881
19754  29.919  -66.635  -8.153 0.6999999881
20616  29.888  -66.024  -9.593 0.6000000238
20630  29.602  -66.240  -10.648 0.6999999881
120270  29.502  -67.000  -10.227 0.6999999881
121364  29.295  -66.776  -11.768 0.8000000119
20648  28.991  -66.664  -13.054 0.8000000119
141355  28.652  -66.341  -14.576 0.8000000119
20671  28.546  -66.008  -15.302 0.6000000238
21489  28.705  -64.580  -16.957 0.6000000238
22319  29.422  -63.774  -17.893 0.6999999881
127690  30.130  -63.540  -18.031 0.6999999881
19728  29.546  -66.178  -6.577 0.5000000000
19729  29.001  -66.598  -6.177 0.6000000238
21399  30.004  -65.184  -8.051 0.4000000060
134085  30.109  -66.006  -7.856 0.6000000238
127014  30.035  -65.213  -9.041 0.5000000000
120195  29.542  -65.332  -11.102 0.6000000238
21441  28.988  -65.469  -12.806 0.6999999881
21442  28.753  -64.680  -13.383 0.6999999881
21451  28.347  -65.206  -14.530 0.6999999881
22305  28.197  -64.102  -16.770 0.5000000000
23188  28.620  -63.095  -17.433 0.6000000238
24114  29.406  -62.002  -17.457 0.6000000238
23186  30.145  -62.545  -17.525 0.6000000238
23173  30.815  -62.199  -17.217 0.5000000000
21370  29.539  -64.474  -6.330 0.5000000000
19716  28.490  -66.219  -5.578 0.6000000238
19717  27.628  -66.573  -5.434 0.6000000238
20565  29.581  -65.344  -6.440 0.5000000000
21421  29.544  -64.225  -10.361 0.5000000000
22268  29.387  -63.718  -11.253 0.6000000238
22279  28.730  -63.413  -12.829 0.6000000238
22284  28.590  -63.728  -13.919 0.6000000238
22291  27.911  -63.163  -15.609 0.5000000000
23165  27.471  -62.389  -16.163 0.5000000000
23175  27.688  -62.645  -16.663 0.6000000238
24115  28.664  -62.131  -17.427 0.6000000238
24109  30.054  -61.487  -17.020 0.5000000000
25071  30.522  -60.551  -16.455 0.5000000000
25065  31.576  -60.739  -14.490 0.5000000000
25069  31.180  -60.865  -15.506 0.5000000000
20548  28.673  -65.418  -5.302 0.5000000000
20549  27.899  -65.854  -4.927 0.5000000000
125242  29.867  -64.168  -7.939 0.5000000000
22236  29.641  -63.615  -8.797 0.4000000060
136569  29.319  -62.916  -9.397 0.3000000119
22245  29.436  -63.648  -9.636 0.4000000060
23135  28.904  -62.592  -10.989 0.3000000119
23125  28.866  -61.894  -10.614 0.3000000119
22269  28.911  -63.039  -11.907 0.5000000000
119210  28.380  -62.557  -13.307 0.5000000000
23156  28.284  -62.850  -14.519 0.5000000000
23157  27.653  -62.142  -15.249 0.5000000000
24112  27.446  -61.956  -16.441 0.6000000238
24111  28.056  -61.488  -16.722 0.6000000238
25072  29.615  -60.592  -16.714 0.5000000000
26094  31.245  -59.937  -15.199 0.5000000000
21352  28.859  -64.595  -5.026 0.5000000000
22220  29.454  -63.586  -6.265 0.5000000000
23096  29.469  -63.023  -7.019 0.5000000000
141304  29.432  -62.525  -8.120 0.4000000060
136069  29.409  -62.686  -8.626 0.5000000000
23114  28.988  -62.119  -9.146 0.4000000060
24048  29.025  -61.674  -9.772 0.3000000119
135480  28.618  -62.015  -11.267 0.3000000119
23144  28.286  -61.993  -12.437 0.4000000060
23149  27.735  -61.853  -14.087 0.5000000000
24087  27.509  -61.347  -14.994 0.4000000060
25073  28.575  -60.626  -16.566 0.5000000000
26102  29.263  -59.841  -16.490 0.5000000000
26101  30.107  -59.921  -16.587 0.5000000000
26093  31.618  -59.717  -14.344 0.5000000000
27043  31.483  -58.976  -15.165 0.4000000060
26097  31.068  -59.803  -16.207 0.5000000000
22209  28.921  -63.726  -4.855 0.5000000000
22208  29.197  -63.090  -5.501 0.5000000000
119337  29.535  -62.281  -6.808 0.5000000000
128553  29.482  -62.421  -7.616 0.4000000060
24036  29.189  -61.519  -8.957 0.4000000060
25009  29.465  -60.978  -9.516 0.3000000119
24066  28.968  -61.498  -11.306 0.3000000119
24067  28.430  -61.720  -11.871 0.4000000060
25058  28.140  -60.438  -13.355 0.4000000060
25059  27.646  -60.528  -14.070 0.4000000060
24086  27.842  -61.196  -13.609 0.4000000060
142628  27.551  -61.121  -14.254 0.4000000060
25066  27.476  -60.601  -14.808 0.5000000000
25070  27.709  -60.351  -15.869 0.5000000000
132054  27.476  -61.250  -16.153 0.6000000238
27050  30.932  -58.375  -16.190 0.4000000060
27054  31.004  -59.029  -16.265 0.5000000000
23085  29.429  -62.240  -5.900 0.4000000060
24031  29.665  -61.634  -7.473 0.4000000060
132104  29.773  -60.814  -8.677 0.4000000060
25023  30.151  -60.432  -10.174 0.4000000060
140473  29.928  -60.470  -10.845 0.4000000060
25047  29.314  -60.190  -12.048 0.4000000060
25037  28.762  -60.989  -12.002 0.4000000060
25048  28.629  -60.288  -12.637 0.4000000060
26079  28.333  -59.578  -13.198 0.4000000060
126281  27.540  -59.819  -14.657 0.5000000000
121905  27.542  -59.953  -15.285 0.5000000000
26098  27.828  -58.764  -15.676 0.6000000238
27056  28.981  -59.062  -15.967 0.5000000000
28029  29.448  -57.531  -15.531 0.4000000060
28028  30.590  -57.789  -15.930 0.4000000060
23074  29.152  -62.212  -5.040 0.4000000060
24987  30.088  -60.878  -6.911 0.4000000060
24020  29.688  -61.554  -6.418 0.4000000060
24994  30.211  -59.989  -8.251 0.4000000060
137198  30.442  -59.890  -10.709 0.4000000060
26078  28.928  -59.422  -12.571 0.4000000060
27026  28.481  -58.597  -13.281 0.4000000060
26088  27.881  -59.768  -13.927 0.4000000060
137797  27.099  -58.230  -14.989 0.5000000000
137991  27.262  -58.412  -15.221 0.4000000060
27052  28.515  -58.175  -15.668 0.6000000238
24975  29.919  -60.784  -5.937 0.4000000060
24986  30.257  -60.097  -7.276 0.4000000060
120989  30.299  -59.152  -8.253 0.4000000060
25008  30.329  -60.186  -9.344 0.4000000060
127019  30.932  -59.063  -10.510 0.4000000060
27014  30.868  -58.423  -11.330 0.4000000060
27015  30.095  -58.588  -11.918 0.5000000000
26063  29.619  -59.312  -11.923 0.4000000060
27025  29.308  -58.593  -12.528 0.3000000119
135319  28.103  -59.053  -13.854 0.4000000060
27044  27.124  -57.904  -15.046 0.4000000060
136211  27.901  -56.941  -15.011 0.4000000060
28030  28.054  -57.437  -15.346 0.5000000000
23063  29.101  -61.591  -4.681 0.4000000060
26021  30.445  -59.488  -8.828 0.4000000060
26994  31.375  -58.092  -10.529 0.4000000060
27987  31.152  -57.509  -11.383 0.3000000119
27988  30.599  -57.974  -11.971 0.3000000119
28000  29.831  -57.904  -12.408 0.3000000119
28001  28.951  -57.774  -12.984 0.3000000119
131733  28.195  -57.597  -13.863 0.3000000119
28955  27.998  -56.628  -14.604 0.4000000060
29789  28.284  -55.361  -14.692 0.4000000060
26004  30.478  -59.452  -6.736 0.3000000119
26013  30.348  -59.311  -7.563 0.3000000119
120408  30.570  -58.634  -8.786 0.3000000119
26977  31.501  -57.813  -9.934 0.3000000119
26993  31.518  -57.270  -10.492 0.3000000119
27999  30.356  -57.293  -12.141 0.4000000060
29756  29.415  -55.597  -12.684 0.4000000060
28916  29.389  -57.075  -12.621 0.3000000119
29765  28.650  -55.356  -13.258 0.3000000119
132289  27.916  -56.675  -14.265 0.3000000119
130206  28.004  -55.628  -14.436 0.4000000060
30653  28.121  -54.731  -14.702 0.4000000060
128489  29.283  -53.904  -14.453 0.4000000060
28904  30.826  -56.758  -11.745 0.4000000060
30616  29.514  -54.140  -12.768 0.4000000060
30617  29.082  -54.837  -13.010 0.4000000060
131325  28.409  -54.750  -13.392 0.3000000119
29774  27.737  -54.874  -13.988 0.4000000060
31515  28.313  -53.595  -14.320 0.4000000060
32417  28.808  -52.464  -14.506 0.4000000060
31514  28.191  -54.212  -14.456 0.4000000060
31505  29.112  -53.070  -14.622 0.4000000060
30627  28.603  -54.252  -13.261 0.4000000060
31482  28.264  -53.783  -13.640 0.5000000000
32410  28.237  -52.942  -14.086 0.4000000060
33374  28.591  -51.811  -14.381 0.4000000060
137030  30.061  -52.417  -14.507 0.3000000119
33373  29.000  -51.630  -14.663 0.3000000119
20663  28.871  -66.289  -15.192 0.6999999881
137990  29.199  -66.998  -12.520 0.8000000119
21469  28.387  -65.335  -15.526 0.6000000238
20649  28.676  -66.155  -13.994 0.6999999881
21461  28.267  -65.145  -15.185 0.6999999881
24108  30.940  -61.411  -16.424 0.6000000238
21408  29.701  -64.387  -9.400 0.4000000060
22256  29.121  -63.203  -10.232 0.4000000060
21435  29.423  -64.750  -11.762 0.6999999881
22296  28.075  -64.380  -15.911 0.6999999881
22229  29.584  -63.862  -7.106 0.5000000000
23136  28.475  -62.247  -11.755 0.4000000060
24102  27.272  -61.627  -15.927 0.6000000238
25074  27.842  -60.719  -16.311 0.5000000000
26103  28.133  -59.814  -16.106 0.6000000238
26045  29.902  -60.005  -11.364 0.3000000119
27027  27.750  -58.254  -14.313 0.4000000060
24963  30.139  -59.968  -5.488 0.4000000060
28917  28.582  -56.890  -13.356 0.3000000119
29766  27.961  -55.093  -13.687 0.3000000119
31495  27.988  -53.897  -13.948 0.3000000119
32408  29.257  -52.325  -14.620 0.3000000119
14795  29.715  -72.590  -11.202 0.6000000238
14794  30.438  -72.249  -11.671 0.6000000238
15721  31.105  -71.561  -13.879 0.6000000238
136597  32.962  -69.639  -13.563 0.6000000238
13858  27.960  -73.360  -11.984 0.5000000000
13848  28.177  -73.237  -11.151 0.6000000238
15693  30.112  -71.866  -10.238 0.6999999881
14777  30.367  -72.145  -10.779 0.6999999881
14814  28.802  -72.927  -11.897 0.6000000238
15703  31.596  -71.040  -11.254 0.6000000238
15712  31.538  -71.248  -12.009 0.6000000238
17447  32.862  -69.248  -11.987 0.6000000238
16600  32.572  -69.990  -12.517 0.6000000238
16607  32.328  -70.394  -13.561 0.6000000238
17446  33.463  -68.898  -13.201 0.6000000238
18997  34.583  -67.520  -13.755 0.6999999881
13840  27.653  -73.289  -10.491 0.6000000238
14761  28.249  -72.346  -9.511 0.6999999881
130558  27.271  -73.496  -11.395 0.5000000000
14779  28.668  -72.576  -10.101 0.6999999881
14796  28.888  -72.800  -10.830 0.6999999881
122642  30.838  -70.364  -10.318 0.6999999881
15691  31.241  -71.077  -10.610 0.6999999881
16590  32.327  -69.785  -11.503 0.5000000000
142127  33.093  -69.325  -12.700 0.6000000238
18998  34.043  -67.520  -12.901 0.6000000238
18205  33.994  -68.326  -13.719 0.6999999881
20652  34.956  -65.680  -13.643 0.6999999881
133894  35.511  -66.021  -14.003 0.6999999881
22293  41.718  -63.331  -16.000 0.4000000060
23167  38.585  -62.005  -17.374 0.5000000000
23179  37.316  -62.007  -17.637 0.6000000238
125689  37.160  -63.936  -16.428 0.6000000238
21464  35.971  -64.252  -15.469 0.6999999881
14764  24.683  -72.764  -9.571 0.5000000000
13835  25.453  -73.111  -9.668 0.5000000000
15680  27.843  -71.977  -8.974 0.6000000238
13834  26.318  -73.196  -9.788 0.5000000000
15679  28.451  -71.650  -9.261 0.6999999881
14743  27.403  -72.539  -9.215 0.5000000000
13833  27.177  -73.138  -9.813 0.6000000238
16567  29.294  -70.514  -9.550 0.6999999881
15677  30.018  -71.264  -9.890 0.6999999881
17432  31.871  -69.359  -10.818 0.6999999881
18176  33.425  -67.837  -12.181 0.6000000238
19811  33.963  -66.608  -12.684 0.6000000238
20653  34.210  -65.300  -13.378 0.6999999881
20660  35.384  -65.255  -14.218 0.6999999881
21456  35.505  -64.627  -14.715 0.6999999881
22301  36.604  -63.030  -17.362 0.6000000238
21473  36.125  -63.606  -16.713 0.6000000238
16557  24.790  -70.703  -7.968 0.5000000000
15694  23.438  -71.576  -9.739 0.4000000060
15664  26.259  -71.552  -8.253 0.5000000000
15666  24.634  -71.482  -8.577 0.5000000000
14746  25.261  -72.529  -9.089 0.5000000000
16556  27.049  -71.010  -8.212 0.6000000238
15663  27.177  -71.855  -8.570 0.6000000238
16568  28.671  -69.869  -9.158 0.6999999881
15662  27.826  -71.188  -8.671 0.6000000238
17406  29.397  -69.492  -9.834 0.6999999881
17422  30.019  -69.571  -10.301 0.6999999881
17420  31.912  -68.697  -10.877 0.6999999881
19796  32.465  -66.815  -11.572 0.6999999881
130479  32.912  -68.445  -11.740 0.6999999881
19812  33.173  -66.356  -12.112 0.6999999881
20654  33.415  -65.009  -13.143 0.6999999881
21448  34.023  -64.603  -13.834 0.8000000119
21465  35.007  -64.128  -15.296 0.6999999881
24104  37.366  -61.696  -17.120 0.5000000000
22312  36.024  -62.346  -17.696 0.6000000238
22302  35.223  -63.113  -17.582 0.6000000238
129564  23.563  -70.170  -8.876 0.4000000060
16540  26.375  -70.682  -7.736 0.6000000238
15647  25.642  -71.002  -7.860 0.6000000238
16539  27.150  -70.306  -7.676 0.6000000238
17393  28.400  -69.570  -8.436 0.6000000238
18152  28.832  -69.050  -9.211 0.6000000238
18962  29.431  -68.222  -10.789 0.6999999881
18165  29.654  -68.742  -10.468 0.6999999881
18179  30.126  -68.420  -11.110 0.6999999881
18163  31.207  -68.862  -10.641 0.6999999881
19798  30.309  -67.273  -12.035 0.8000000119
19814  31.050  -66.409  -12.249 0.8000000119
20646  31.845  -65.538  -12.581 0.6000000238
21449  33.145  -64.613  -13.681 0.6000000238
21467  33.350  -64.377  -15.540 0.8000000119
21466  34.196  -63.934  -16.324 0.6999999881
23161  37.738  -62.090  -15.387 0.5000000000
24105  36.618  -61.642  -16.995 0.6000000238
23182  35.021  -62.355  -17.830 0.6999999881
23152  37.190  -62.135  -14.433 0.6000000238
17385  25.634  -69.509  -7.226 0.5000000000
123651  24.118  -69.104  -8.291 0.4000000060
18140  23.706  -68.106  -8.614 0.4000000060
17384  26.486  -69.777  -7.267 0.5000000000
16541  25.586  -70.267  -7.499 0.5000000000
17383  27.428  -69.549  -7.327 0.6000000238
18139  28.752  -68.823  -8.273 0.6000000238
18138  29.239  -68.289  -9.002 0.6000000238
19781  29.307  -67.839  -10.875 0.6999999881
18976  29.480  -67.827  -11.502 0.8000000119
18987  29.454  -67.361  -12.082 0.8000000119
20657  30.645  -65.982  -13.065 0.6000000238
126554  31.420  -65.149  -14.247 0.6000000238
21459  32.796  -64.512  -14.549 0.6999999881
22315  33.822  -63.250  -17.872 0.6999999881
24098  36.362  -61.800  -15.791 0.6000000238
24107  35.075  -61.882  -16.826 0.6000000238
24100  34.641  -62.044  -15.441 0.6000000238
24090  36.487  -61.993  -14.651 0.6000000238
24099  35.492  -61.855  -15.744 0.6000000238
18116  27.531  -68.335  -6.547 0.5000000000
18128  25.256  -68.750  -7.190 0.5000000000
18129  24.418  -68.461  -7.787 0.5000000000
18936  23.993  -67.395  -7.900 0.5000000000
18115  28.343  -68.124  -6.724 0.5000000000
17370  27.051  -69.048  -6.787 0.5000000000
18125  29.259  -68.074  -7.918 0.6000000238
19825  29.364  -66.513  -13.819 0.6999999881
121571  29.746  -65.668  -15.260 0.6000000238
20668  30.816  -64.769  -15.800 0.6000000238
21477  31.305  -64.454  -16.870 0.6000000238
21475  32.881  -64.117  -17.701 0.6999999881
21476  32.139  -64.270  -17.398 0.6000000238
23184  33.279  -63.261  -17.788 0.6000000238
23162  34.135  -62.200  -16.514 0.6999999881
24082  35.069  -61.816  -13.212 0.4000000060
18906  27.067  -67.788  -6.220 0.5000000000
126277  26.229  -67.675  -6.322 0.5000000000
18907  25.463  -67.260  -6.530 0.5000000000
19743  24.228  -66.114  -7.486 0.5000000000
20601  23.492  -65.971  -8.715 0.5000000000
19756  22.328  -66.095  -8.576 0.5000000000
21487  30.081  -64.277  -17.933 0.6000000238
21486  31.263  -64.102  -17.626 0.6000000238
23185  32.147  -63.279  -17.643 0.4000000060
23163  32.829  -62.475  -15.928 0.5000000000
24093  33.176  -61.924  -13.999 0.4000000060
140527  34.647  -61.838  -13.677 0.4000000060
24092  34.147  -61.930  -14.076 0.5000000000
18894  27.392  -67.234  -5.848 0.6000000238
135301  26.017  -67.091  -5.922 0.5000000000
19730  25.365  -66.507  -6.162 0.5000000000
20581  24.312  -65.870  -6.972 0.5000000000
20583  23.246  -65.566  -7.430 0.5000000000
19744  22.699  -65.768  -7.850 0.5000000000
19745  21.665  -66.197  -7.517 0.4000000060
18923  20.266  -67.380  -7.609 0.5000000000
18130  19.034  -68.368  -7.851 0.4000000060
18131  18.208  -68.509  -7.684 0.4000000060
17398  17.261  -69.667  -8.656 0.4000000060
122684  31.085  -63.145  -17.823 0.6000000238
23164  31.388  -62.084  -16.588 0.4000000060
23154  32.633  -61.901  -14.663 0.4000000060
24084  33.414  -61.505  -13.297 0.4000000060
19719  25.996  -66.466  -5.472 0.5000000000
20566  25.250  -65.842  -5.646 0.4000000060
20567  24.426  -65.609  -6.205 0.4000000060
20568  23.709  -65.506  -6.726 0.5000000000
20570  21.458  -65.634  -6.314 0.4000000060
19746  20.703  -66.675  -7.130 0.5000000000
19732  20.239  -66.331  -6.362 0.4000000060
19733  19.391  -66.441  -6.392 0.5000000000
19747  19.870  -67.096  -6.791 0.5000000000
19734  18.554  -66.545  -6.535 0.3000000119
133959  17.977  -67.986  -7.295 0.3000000119
18133  16.474  -68.366  -8.014 0.3000000119
24095  31.577  -61.359  -15.004 0.4000000060
20551  25.953  -65.948  -5.000 0.5000000000
20538  25.423  -65.451  -4.750 0.5000000000
128635  23.870  -65.281  -5.857 0.4000000060
20536  27.228  -65.308  -4.545 0.4000000060
20537  26.297  -65.452  -4.561 0.4000000060
21336  25.755  -64.808  -4.262 0.4000000060
21337  24.016  -64.480  -4.390 0.4000000060
21334  27.461  -64.462  -4.316 0.4000000060
21335  26.589  -64.683  -4.251 0.4000000060
138775  25.302  -64.292  -3.912 0.4000000060
22192  27.619  -63.647  -4.136 0.4000000060
22180  25.282  -63.539  -3.608 0.4000000060
22194  23.750  -63.694  -3.784 0.4000000060
21339  22.031  -64.009  -4.628 0.4000000060
21327  25.999  -64.145  -3.833 0.4000000060
23075  28.766  -62.840  -4.714 0.3000000119
22181  24.363  -63.275  -3.525 0.4000000060
126835  23.683  -63.066  -3.491 0.4000000060
22195  22.301  -63.331  -4.129 0.4000000060
133263  28.310  -62.653  -4.205 0.4000000060
23067  21.064  -62.772  -4.642 0.4000000060
23076  21.114  -62.076  -4.742 0.4000000060
23049  28.010  -62.172  -3.774 0.3000000119
23050  27.212  -62.304  -3.570 0.4000000060
131835  25.797  -62.025  -3.161 0.4000000060
125435  24.979  -61.990  -3.157 0.4000000060
23054  23.311  -62.572  -3.557 0.4000000060
138346  22.363  -62.140  -4.168 0.4000000060
23991  23.609  -61.833  -3.471 0.3000000119
20669  29.740  -65.046  -16.137 0.6000000238
18127  27.912  -68.895  -6.914 0.5000000000
22318  30.656  -63.833  -17.958 0.6000000238
23155  31.917  -61.987  -15.486 0.4000000060
127035  31.308  -71.365  -13.001 0.6000000238
18996  35.067  -66.622  -13.731 0.6999999881
21457  34.781  -64.618  -14.412 0.6999999881
23159  39.336  -62.221  -16.644 0.5000000000
23151  38.463  -62.499  -14.865 0.5000000000
127451  38.179  -62.317  -17.793 0.5000000000
24096  37.922  -61.776  -16.672 0.4000000060
24113  36.873  -61.853  -17.505 0.6000000238
137193  24.599  -72.128  -9.059 0.5000000000
18974  31.878  -67.446  -11.251 0.6999999881
23181  35.622  -62.072  -17.756 0.6000000238
16554  28.134  -70.295  -8.599 0.6000000238
20645  32.860  -65.494  -12.482 0.6999999881
21458  33.583  -64.425  -14.315 0.8000000119
22303  34.407  -63.406  -17.565 0.6999999881
17395  24.074  -69.960  -8.324 0.4000000060
21450  32.258  -64.775  -13.875 0.6000000238
123075  33.296  -64.224  -17.023 0.6999999881
137057  37.842  -62.419  -14.314 0.5000000000
23146  38.333  -62.751  -13.750 0.5000000000
23170  34.745  -62.303  -17.581 0.6999999881
23169  35.456  -61.976  -17.648 0.6000000238
20662  30.874  -65.261  -14.892 0.6999999881
21460  31.817  -64.722  -14.946 0.6999999881
21468  32.505  -64.494  -15.539 0.6999999881
23171  33.670  -62.600  -17.459 0.6000000238
139323  35.863  -61.890  -14.895 0.6000000238
24081  35.812  -62.099  -13.950 0.6000000238
18118  25.724  -68.106  -6.725 0.5000000000
18921  24.841  -67.601  -7.225 0.5000000000
18922  24.330  -66.746  -7.512 0.4000000060
21478  30.397  -64.491  -16.844 0.6000000238
22316  32.592  -63.620  -17.781 0.6000000238
18142  18.551  -68.949  -8.366 0.3000000119
23172  32.373  -62.680  -17.221 0.5000000000
20584  21.969  -65.717  -6.976 0.5000000000
18925  18.608  -67.865  -7.245 0.4000000060
129251  16.914  -69.163  -8.134 0.4000000060
22178  27.030  -63.146  -3.664 0.4000000060
22179  26.209  -63.366  -3.581 0.4000000060
12198  37.312  -76.023  -18.007 0.3000000119
19062  37.577  -67.244  -20.146 0.4000000060
18263  40.200  -67.552  -20.046 0.4000000060
18272  38.363  -68.182  -20.540 0.4000000060
17520  37.822  -69.001  -20.406 0.4000000060
19883  38.871  -66.442  -19.104 0.4000000060
19057  37.026  -67.843  -18.641 0.4000000060
19048  37.561  -67.508  -17.927 0.4000000060
19049  36.732  -67.946  -17.522 0.5000000000
18248  35.489  -68.640  -17.562 0.5000000000
18239  35.140  -68.959  -17.020 0.5000000000
19884  40.433  -66.355  -19.970 0.4000000060
19885  39.560  -66.365  -20.247 0.5000000000
18266  36.645  -67.590  -19.812 0.5000000000
17486  33.899  -69.626  -16.768 0.5000000000
19061  40.715  -67.148  -19.674 0.5000000000
19064  40.119  -66.989  -20.332 0.5000000000
19055  40.813  -67.450  -18.935 0.5000000000
18253  40.352  -67.853  -19.334 0.4000000060
18254  39.745  -68.484  -18.868 0.4000000060
17513  37.955  -69.609  -19.847 0.4000000060
17504  37.974  -69.645  -18.959 0.4000000060
16650  36.825  -70.600  -18.877 0.3000000119
15769  35.693  -71.742  -18.591 0.4000000060
21492  40.868  -64.091  -18.549 0.4000000060
20682  39.724  -64.943  -17.980 0.4000000060
20683  39.041  -65.578  -17.342 0.4000000060
21491  41.562  -64.158  -18.421 0.4000000060
20685  40.505  -65.116  -18.942 0.4000000060
20686  40.066  -65.323  -19.045 0.4000000060
19876  38.764  -66.415  -17.780 0.4000000060
19877  38.104  -66.936  -17.233 0.5000000000
18238  36.188  -68.105  -16.827 0.5000000000
133065  41.686  -64.968  -18.546 0.4000000060
20688  40.030  -65.771  -19.734 0.4000000060
19886  38.835  -66.499  -20.118 0.4000000060
19866  37.689  -66.514  -16.311 0.5000000000
19037  36.594  -67.635  -16.346 0.5000000000
118953  35.128  -68.590  -16.067 0.5000000000
18226  34.571  -68.892  -15.784 0.6000000238
18220  34.303  -68.902  -15.191 0.6000000238
137496  33.237  -69.928  -16.037 0.6000000238
19835  36.019  -65.919  -14.465 0.6000000238
19836  35.710  -66.673  -14.414 0.6000000238
120846  33.639  -69.416  -15.036 0.5000000000
18246  39.035  -68.809  -18.047 0.4000000060
17470  33.484  -69.068  -14.123 0.5000000000
17496  37.837  -69.625  -17.939 0.4000000060
135823  37.265  -70.155  -17.407 0.4000000060
140219  36.691  -70.766  -17.730 0.4000000060
21482  39.579  -63.831  -17.984 0.4000000060
21471  38.747  -63.829  -17.204 0.5000000000
20678  37.845  -65.522  -16.203 0.5000000000
21472  37.923  -64.447  -16.458 0.5000000000
19024  36.395  -67.347  -15.562 0.5000000000
20666  37.262  -64.883  -15.834 0.5000000000
19025  35.897  -67.459  -15.038 0.6000000238
136656  36.672  -64.372  -15.863 0.6000000238
126613  36.554  -65.823  -14.998 0.6000000238
11317  37.648  -76.622  -19.500 0.3000000119
12159  37.896  -75.152  -16.728 0.3000000119
13910  35.788  -73.096  -15.834 0.3000000119
22308  41.914  -63.559  -17.436 0.4000000060
22298  41.368  -63.141  -16.966 0.4000000060
23176  40.362  -62.862  -18.081 0.4000000060
123510  39.818  -63.248  -18.188 0.4000000060
23166  39.490  -62.330  -17.536 0.4000000060
23178  38.971  -62.417  -17.886 0.4000000060
22300  37.643  -63.175  -17.241 0.5000000000
18219  34.632  -68.287  -14.597 0.6000000238
139726  33.977  -68.780  -14.558 0.5000000000
22299  40.386  -62.648  -17.493 0.4000000060
19047  38.241  -66.988  -18.507 0.4000000060
17476  34.056  -69.328  -15.867 0.5000000000
14849  35.912  -72.455  -15.641 0.3000000119
22323  40.364  -63.320  -18.264 0.4000000060
19865  38.427  -66.147  -16.810 0.5000000000
19867  36.997  -66.858  -15.727 0.5000000000
142366  36.752  -66.302  -15.319 0.6000000238
28942  27.970  -56.421  -14.376 0.3000000119
11298  38.053  -76.217  -18.820 0.3000000119
12180  37.650  -75.547  -17.413 0.3000000119
14744  26.573  -72.348  -8.745 0.5000000000
14745  25.751  -72.185  -8.611 0.5000000000
14760  29.017  -72.087  -9.735 0.6999999881
14762  26.699  -72.813  -9.341 0.5000000000
14763  26.016  -72.726  -9.177 0.5000000000
14765  24.009  -72.288  -9.571 0.5000000000
14778  29.554  -72.315  -10.350 0.6999999881
14780  27.963  -72.948  -9.860 0.6000000238
14781  24.120  -72.943  -10.014 0.5000000000
14813  29.704  -72.599  -12.235 0.6000000238
14862  35.654  -72.684  -16.374 0.3000000119
15665  25.332  -71.538  -8.264 0.5000000000
15678  29.636  -71.838  -9.896 0.6999999881
15692  30.629  -71.528  -10.474 0.6999999881
15704  31.086  -71.690  -11.196 0.6000000238
15713  30.975  -71.848  -12.278 0.6000000238
15722  30.793  -71.919  -13.199 0.6000000238
15754  36.252  -71.259  -18.326 0.4000000060
15755  35.738  -71.993  -17.806 0.4000000060
16542  24.805  -69.603  -7.663 0.5000000000
16555  27.605  -70.556  -8.229 0.6000000238
16558  24.079  -70.762  -8.666 0.4000000060
16579  30.027  -70.390  -10.009 0.6999999881
16591  31.721  -70.329  -10.886 0.6999999881
16601  31.874  -70.726  -12.779 0.6000000238
16608  31.659  -70.984  -13.729 0.6000000238
16639  37.370  -70.130  -18.408 0.4000000060
17371  26.129  -69.010  -6.788 0.5000000000
17382  28.197  -69.285  -7.599 0.6000000238
17394  27.828  -69.964  -7.897 0.6000000238
17397  18.082  -69.592  -8.865 0.3000000119
17421  31.014  -69.543  -10.419 0.6999999881
17431  32.429  -68.963  -11.295 0.5000000000
17471  33.130  -69.667  -14.437 0.5000000000
17485  34.568  -69.148  -16.466 0.5000000000
17487  33.176  -70.150  -17.192 0.5000000000
17503  38.986  -68.853  -18.987 0.4000000060
17512  38.511  -69.126  -19.721 0.4000000060
18117  26.625  -68.331  -6.517 0.5000000000
18126  28.612  -68.516  -7.356 0.6000000238
18132  17.379  -68.396  -7.669 0.3000000119
18143  17.730  -69.126  -8.139 0.4000000060
18151  29.367  -68.617  -9.910 0.6999999881
18164  30.151  -68.890  -10.607 0.6999999881
18177  32.243  -68.171  -11.202 0.6999999881
18178  31.415  -68.241  -10.981 0.6999999881
18180  29.495  -68.228  -11.080 0.8000000119
18190  33.308  -68.710  -12.419 0.6000000238
18225  35.339  -68.155  -15.190 0.6000000238
18247  36.030  -68.389  -17.637 0.5000000000
18264  39.793  -68.091  -19.930 0.4000000060
18265  39.162  -68.519  -19.886 0.4000000060
18893  28.236  -66.956  -5.931 0.6000000238
18903  29.348  -66.957  -6.808 0.6999999881
18905  27.901  -67.628  -6.297 0.5000000000
18908  24.786  -66.517  -6.929 0.5000000000
18909  19.024  -67.256  -6.739 0.4000000060
18910  18.122  -67.319  -6.864 0.3000000119
18920  29.036  -67.738  -7.091 0.6999999881
18924  19.455  -67.713  -7.359 0.4000000060
18927  16.848  -67.596  -7.629 0.3000000119
18949  29.480  -67.758  -9.787 0.6999999881
18972  33.143  -67.071  -11.796 0.6999999881
18973  32.713  -67.586  -11.548 0.6999999881
18975  30.524  -67.786  -11.451 0.8000000119
18986  33.595  -67.083  -12.310 0.6000000238
19012  35.237  -67.502  -14.436 0.6000000238
19036  37.355  -67.336  -16.742 0.5000000000
19038  35.983  -68.080  -15.898 0.5000000000
19054  41.300  -67.032  -19.069 0.5000000000
19056  37.566  -67.372  -19.259 0.4000000060
19060  41.157  -66.446  -19.396 0.5000000000
19065  39.528  -67.386  -20.435 0.4000000060
19715  29.187  -65.814  -5.916 0.6000000238
19718  26.753  -66.859  -5.553 0.5000000000
19731  21.137  -66.113  -6.656 0.5000000000
19766  29.770  -66.770  -9.141 0.6999999881
19797  31.546  -66.867  -11.525 0.6999999881
19813  32.184  -66.096  -11.909 0.6000000238
19816  29.095  -66.766  -13.612 0.8000000119
19824  34.466  -66.120  -13.159 0.6999999881
19837  29.109  -66.470  -14.715 0.6999999881
19853  37.184  -65.885  -15.553 0.6000000238
19854  36.372  -66.633  -15.014 0.6000000238
19875  39.477  -65.927  -18.361 0.4000000060
19882  39.538  -66.090  -19.689 0.4000000060
19887  38.195  -66.816  -19.834 0.5000000000
19888  38.989  -66.751  -20.490 0.5000000000
20535  28.155  -65.022  -4.641 0.4000000060
20539  24.463  -65.280  -5.064 0.4000000060
20547  29.288  -64.982  -5.702 0.5000000000
20550  26.840  -66.156  -4.944 0.5000000000
20571  20.710  -65.677  -5.999 0.4000000060
20580  29.868  -65.679  -7.192 0.5000000000
20582  23.785  -65.839  -7.740 0.5000000000
20600  30.135  -65.968  -8.604 0.6999999881
20602  23.142  -65.789  -9.006 0.5000000000
20639  29.222  -65.994  -12.155 0.6999999881
20644  33.722  -65.745  -12.736 0.6999999881
20647  29.502  -66.851  -12.809 0.6999999881
20655  32.527  -64.927  -13.050 0.6000000238
20656  31.571  -65.273  -13.399 0.6000000238
20659  36.117  -65.092  -14.703 0.6000000238
20661  34.671  -64.984  -13.853 0.6999999881
20664  28.700  -66.380  -14.876 0.6000000238
20667  36.703  -65.055  -15.273 0.6000000238
20677  38.589  -65.096  -16.716 0.5000000000
20679  29.334  -64.711  -16.854 0.6999999881
20684  41.429  -65.640  -18.946 0.4000000060
20687  40.698  -65.659  -19.444 0.4000000060
21328  24.587  -64.037  -3.834 0.4000000060
21333  28.305  -64.160  -4.490 0.5000000000
21341  20.727  -63.369  -4.884 0.4000000060
21351  29.281  -64.118  -5.533 0.5000000000
21386  29.784  -64.794  -7.156 0.5000000000
21474  35.169  -63.655  -16.540 0.6000000238
21483  39.197  -64.718  -17.223 0.4000000060
21484  33.090  -63.719  -17.791 0.6000000238
21485  32.420  -63.925  -17.750 0.6000000238
21490  42.287  -64.707  -18.135 0.4000000060
21493  40.216  -64.220  -18.399 0.4000000060
22182  23.054  -63.255  -3.702 0.4000000060
22183  22.587  -62.689  -3.828 0.4000000060
22191  28.318  -63.325  -4.366 0.3000000119
22193  26.827  -63.928  -3.917 0.4000000060
22278  29.209  -64.095  -12.298 0.6999999881
22290  28.336  -64.061  -14.978 0.5000000000
22297  42.329  -63.587  -16.531 0.4000000060
22304  33.468  -63.743  -17.664 0.6999999881
22306  27.789  -63.349  -16.459 0.5000000000
22309  41.101  -63.109  -17.871 0.4000000060
22310  39.715  -62.736  -18.085 0.4000000060
22311  36.978  -62.360  -17.549 0.6000000238
22313  35.308  -62.490  -17.781 0.6000000238
22314  34.608  -62.794  -17.873 0.6999999881
22317  31.752  -63.607  -17.755 0.4000000060
22320  28.648  -63.950  -17.408 0.6000000238
22321  27.964  -63.328  -17.090 0.6000000238
22322  41.001  -63.403  -18.332 0.4000000060
23051  26.401  -62.535  -3.403 0.4000000060
23052  25.599  -62.712  -3.377 0.4000000060
23053  24.122  -62.454  -3.328 0.4000000060
23064  28.608  -62.019  -4.341 0.4000000060
23065  27.777  -62.892  -3.905 0.4000000060
23066  21.805  -62.598  -4.315 0.4000000060
23124  28.903  -62.385  -9.983 0.3000000119
23147  37.472  -62.545  -13.368 0.5000000000
23153  33.546  -62.210  -14.993 0.4000000060
23160  38.584  -62.022  -16.112 0.5000000000
23168  36.073  -61.834  -17.596 0.6000000238
23174  27.935  -62.439  -17.041 0.6000000238
23177  39.749  -62.532  -17.940 0.4000000060
23180  36.359  -61.999  -17.660 0.6000000238
23183  34.299  -62.781  -17.901 0.6999999881
23187  29.389  -62.847  -17.653 0.6000000238
23986  28.250  -61.550  -3.807 0.3000000119
23992  22.923  -62.027  -3.809 0.3000000119
24011  29.499  -61.453  -5.360 0.4000000060
24076  28.402  -61.189  -12.778 0.4000000060
24083  34.198  -61.630  -13.114 0.4000000060
24089  37.003  -61.938  -15.258 0.6000000238
24091  35.113  -61.922  -14.427 0.4000000060
24094  31.997  -61.416  -14.440 0.4000000060
24097  37.187  -61.757  -16.180 0.6000000238
24101  31.395  -61.556  -15.680 0.4000000060
24103  37.885  -61.826  -17.456 0.4000000060
24106  35.844  -61.721  -16.977 0.6000000238
24110  29.052  -61.335  -17.052 0.5000000000
24964  29.681  -60.636  -5.057 0.4000000060
24974  30.278  -60.132  -6.398 0.3000000119
24995  29.947  -60.800  -7.821 0.4000000060
25024  29.394  -61.142  -10.518 0.3000000119
25036  29.419  -60.756  -11.383 0.3000000119
26030  30.756  -59.307  -9.536 0.4000000060
26044  30.443  -59.273  -11.310 0.4000000060
26095  27.265  -58.898  -15.072 0.5000000000
26099  27.611  -59.293  -15.504 0.6000000238
26100  30.681  -59.668  -16.396 0.5000000000
26956  30.301  -58.516  -7.891 0.3000000119
26978  31.232  -58.466  -9.765 0.3000000119
27049  31.406  -58.306  -15.994 0.5000000000
27051  29.871  -58.376  -15.931 0.4000000060
27053  27.406  -57.954  -15.359 0.5000000000
27055  30.256  -59.184  -16.397 0.4000000060
28012  27.560  -57.461  -14.644 0.3000000119
28021  27.524  -57.318  -14.830 0.3000000119
28031  27.403  -57.435  -15.041 0.4000000060
28905  30.023  -56.401  -12.353 0.4000000060
28954  28.249  -56.241  -14.696 0.4000000060
29801  28.045  -55.226  -14.675 0.4000000060
30628  28.038  -54.440  -13.693 0.3000000119
30642  27.866  -54.286  -13.993 0.4000000060
30652  28.761  -54.709  -14.599 0.4000000060
30654  28.090  -54.220  -14.510 0.4000000060
30660  28.443  -54.180  -14.746 0.4000000060
30661  28.117  -54.618  -14.669 0.4000000060
31481  28.764  -53.561  -13.228 0.4000000060
31504  29.754  -53.099  -14.445 0.3000000119
31506  27.900  -53.518  -14.036 0.4000000060
31513  28.465  -53.464  -14.622 0.4000000060
32384  28.326  -53.115  -13.713 0.5000000000
32397  27.885  -53.170  -13.804 0.4000000060
32409  28.197  -52.099  -14.002 0.4000000060
32418  28.337  -52.739  -14.221 0.4000000060
119246  29.543  -63.163  -7.900 0.4000000060
119292  29.868  -64.506  -8.639 0.4000000060
120009  29.762  -65.202  -10.005 0.6000000238
120977  30.383  -65.797  -14.192 0.6999999881
121655  29.431  -67.862  -11.338 0.8999999762
121698  27.577  -59.021  -14.546 0.4000000060
122156  34.794  -68.570  -15.359 0.6000000238
122465  22.121  -65.454  -6.376 0.4000000060
122971  35.666  -68.477  -16.818 0.5000000000
123274  36.099  -72.840  -15.114 0.3000000119
123320  41.098  -64.902  -18.874 0.4000000060
123470  33.698  -68.271  -12.855 0.6000000238
124698  27.801  -55.558  -14.110 0.3000000119
125457  29.280  -61.993  -8.326 0.4000000060
125458  23.366  -65.789  -8.233 0.5000000000
126003  32.030  -70.572  -11.767 0.6000000238
126030  27.169  -57.787  -14.934 0.4000000060
126070  28.273  -66.083  -14.976 0.6999999881
126497  29.300  -61.079  -4.684 0.4000000060
126911  31.551  -62.717  -17.454 0.4000000060
127148  28.185  -61.777  -13.253 0.4000000060
127209  24.877  -62.784  -3.424 0.4000000060
127279  39.146  -67.941  -20.403 0.4000000060
127668  24.906  -64.757  -4.359 0.4000000060
128293  29.182  -71.388  -9.551 0.6999999881
128503  29.408  -67.398  -11.289 0.8000000119
129656  31.851  -64.440  -16.146 0.6000000238
130343  28.594  -70.795  -9.084 0.6000000238
130375  34.491  -66.884  -13.195 0.6999999881
130497  32.694  -64.400  -16.732 0.6999999881
130500  34.206  -64.282  -14.804 0.8000000119
131047  38.466  -69.282  -18.462 0.4000000060
131072  28.405  -64.747  -16.230 0.6000000238
131267  31.241  -59.124  -16.010 0.5000000000
131323  39.187  -62.807  -18.092 0.4000000060
132928  41.579  -63.618  -18.101 0.4000000060
132945  29.103  -66.718  -13.500 0.8000000119
133382  29.422  -62.844  -6.303 0.5000000000
133452  28.241  -55.973  -13.639 0.3000000119
133473  29.594  -61.378  -8.267 0.4000000060
133599  27.453  -60.863  -15.612 0.6000000238
133803  38.050  -62.055  -17.743 0.5000000000
135267  28.986  -56.195  -12.905 0.3000000119
135388  24.816  -66.014  -6.426 0.5000000000
137165  26.675  -67.376  -5.940 0.5000000000
137705  28.293  -73.011  -10.460 0.6999999881
138219  28.526  -62.570  -12.391 0.5000000000
138465  37.510  -61.888  -17.602 0.6000000238
138549  22.617  -65.549  -7.075 0.5000000000
139350  30.602  -59.827  -10.076 0.4000000060
139554  27.905  -54.890  -14.423 0.4000000060
139585  30.615  -70.955  -10.216 0.6999999881
139666  25.097  -72.039  -8.633 0.5000000000
140647  27.130  -58.266  -15.036 0.4000000060
142117  29.547  -64.434  -11.094 0.6000000238
143363  35.830  -62.922  -17.557 0.6000000238
143722  39.568  -66.870  -20.472 0.5000000000
