#!ascii label  , from subject sub-032304 vox2ras=TkReg
1123
17495  38.405  -69.237  -17.484 0.3000000119
22276  39.568  -63.597  -12.593 0.6000000238
132899  37.375  -60.093  -10.095 0.6999999881
26041  36.877  -59.640  -10.302 0.6999999881
22307  42.718  -64.120  -17.110 0.4000000060
18236  39.170  -68.140  -16.448 0.5000000000
123404  38.524  -68.558  -16.131 0.5000000000
22275  40.359  -63.783  -12.054 0.6999999881
135153  38.612  -63.258  -11.319 0.6999999881
22266  39.362  -63.527  -11.423 0.5000000000
24053  38.737  -61.849  -10.079 0.6000000238
132204  38.396  -60.975  -10.026 0.6000000238
26039  38.580  -59.379  -10.464 0.6999999881
26991  37.117  -58.776  -10.666 0.6999999881
19046  40.407  -67.541  -17.288 0.5000000000
20680  43.534  -64.806  -17.014 0.4000000060
18245  39.652  -68.241  -17.512 0.6000000238
22292  42.685  -63.844  -15.779 0.4000000060
22286  41.948  -63.889  -15.092 0.5000000000
19034  40.363  -67.173  -16.224 0.6000000238
22280  41.327  -63.968  -14.127 0.6000000238
140442  41.288  -64.188  -13.357 0.6000000238
19035  39.788  -67.725  -16.626 0.6000000238
23121  39.280  -62.634  -10.224 0.6000000238
24047  39.537  -61.842  -9.853 0.6000000238
26038  39.710  -59.220  -10.832 0.6999999881
120755  39.001  -60.148  -10.138 0.6999999881
141561  38.857  -58.698  -10.876 0.6999999881
27984  37.806  -57.802  -11.630 0.6999999881
27021  40.108  -58.222  -12.334 0.6999999881
27982  39.432  -57.699  -12.485 0.6999999881
142616  38.733  -57.388  -12.678 0.6999999881
27993  40.363  -57.657  -13.180 0.6999999881
19045  40.327  -67.803  -18.327 0.5000000000
19873  42.366  -66.029  -17.818 0.5000000000
19880  42.111  -65.522  -18.299 0.5000000000
19033  41.089  -66.891  -16.986 0.5000000000
22285  42.836  -64.212  -15.124 0.5000000000
21447  42.007  -64.374  -13.514 0.6000000238
19852  40.757  -66.777  -15.617 0.6000000238
19851  41.668  -66.615  -15.541 0.5000000000
19833  42.679  -66.398  -15.046 0.5000000000
22265  40.250  -63.727  -11.029 0.6999999881
22255  39.646  -63.304  -10.570 0.6000000238
25007  39.943  -61.163  -9.866 0.6000000238
23113  39.997  -62.355  -9.845 0.6000000238
135297  40.561  -59.660  -10.752 0.6000000238
132924  39.978  -60.316  -10.241 0.6000000238
26059  40.847  -59.151  -11.462 0.6000000238
124127  40.162  -58.684  -11.685 0.6999999881
27994  37.996  -57.333  -12.350 0.6999999881
27034  41.282  -58.097  -13.240 0.6000000238
28007  40.031  -57.041  -13.964 0.6999999881
28922  39.062  -56.700  -13.768 0.6999999881
28006  41.325  -57.735  -13.825 0.6999999881
21470  43.317  -64.274  -16.257 0.4000000060
19874  41.858  -66.526  -17.504 0.5000000000
20676  43.557  -65.337  -16.947 0.4000000060
21454  43.694  -64.384  -14.759 0.5000000000
21440  42.731  -64.391  -12.751 0.6000000238
19862  42.871  -66.062  -17.009 0.4000000060
22274  41.386  -64.244  -12.606 0.6000000238
19850  42.771  -66.339  -15.969 0.4000000060
19849  43.745  -65.719  -16.198 0.4000000060
128715  43.570  -66.194  -15.463 0.4000000060
19831  44.839  -65.667  -14.653 0.4000000060
22264  41.125  -64.076  -11.507 0.6999999881
22254  40.386  -63.387  -10.383 0.6000000238
23112  40.709  -62.444  -9.703 0.6000000238
26037  41.364  -59.685  -11.008 0.6000000238
25006  40.643  -60.854  -9.947 0.6000000238
26058  41.904  -59.416  -11.826 0.6000000238
28933  39.360  -56.406  -14.501 0.6999999881
28932  40.347  -56.650  -14.841 0.6999999881
28018  41.102  -57.368  -14.571 0.6000000238
20674  43.954  -64.836  -16.298 0.4000000060
21453  44.526  -64.625  -15.008 0.4000000060
21452  45.298  -64.909  -14.442 0.4000000060
21420  41.949  -64.199  -10.922 0.8000000119
121569  45.069  -65.890  -14.009 0.5000000000
22244  41.037  -63.175  -9.929 0.6999999881
23111  41.595  -62.515  -9.576 0.6000000238
25017  41.806  -60.150  -10.589 0.5000000000
24045  41.249  -61.498  -9.644 0.6000000238
28934  38.293  -56.200  -14.153 0.6999999881
27041  43.359  -58.268  -14.489 0.6000000238
27006  41.718  -58.608  -12.834 0.6000000238
28947  39.738  -56.042  -15.283 0.8000000119
138461  39.177  -55.495  -15.800 0.8000000119
27033  42.388  -58.388  -13.768 0.6000000238
28005  42.255  -57.778  -14.450 0.6000000238
21439  45.326  -64.566  -13.208 0.5000000000
120740  44.012  -64.414  -13.275 0.6000000238
21444  45.689  -64.887  -13.564 0.5000000000
21437  46.458  -64.995  -12.178 0.6999999881
21443  46.091  -64.988  -13.088 0.4000000060
22243  42.076  -63.176  -9.750 0.6999999881
25004  42.335  -60.542  -10.078 0.6000000238
24044  42.178  -61.670  -9.432 0.6000000238
25032  43.520  -59.850  -11.610 0.6000000238
140981  38.768  -55.150  -16.313 0.6000000238
135095  42.927  -58.995  -13.359 0.6000000238
140233  40.637  -56.270  -15.631 0.6999999881
29793  40.102  -55.697  -15.960 0.6999999881
28024  43.341  -57.405  -15.641 0.6999999881
28025  42.277  -57.425  -15.243 0.6999999881
28959  41.516  -56.460  -16.199 0.6999999881
21432  45.495  -64.582  -12.252 0.5000000000
124015  44.061  -64.428  -12.448 0.6000000238
21416  46.708  -64.885  -10.264 0.6999999881
21438  46.113  -64.835  -12.792 0.6000000238
140817  42.891  -64.312  -10.816 0.6999999881
20625  46.517  -65.205  -10.651 0.6999999881
20637  46.389  -65.414  -11.658 0.6999999881
22252  42.519  -63.810  -10.165 0.6999999881
23110  42.574  -62.620  -9.419 0.6999999881
25016  43.716  -60.392  -10.706 0.5000000000
24043  43.158  -61.702  -9.517 0.6000000238
30664  37.694  -54.304  -16.448 0.5000000000
26073  44.162  -59.069  -13.059 0.6000000238
26056  44.018  -59.507  -12.445 0.6000000238
30669  39.074  -54.806  -16.656 0.6000000238
31522  38.889  -53.442  -16.906 0.5000000000
27040  43.901  -58.302  -14.280 0.6000000238
26074  43.671  -59.201  -13.152 0.6000000238
29810  41.008  -55.395  -17.324 0.6000000238
31520  40.255  -53.753  -17.352 0.5000000000
119720  40.698  -51.940  -17.520 0.5000000000
28016  44.048  -57.901  -14.865 0.6999999881
28023  43.885  -57.539  -15.319 0.6999999881
28956  43.406  -56.511  -16.608 0.6999999881
28960  42.524  -56.151  -17.299 0.6999999881
139119  42.725  -54.136  -17.530 0.5000000000
29790  43.506  -56.145  -16.336 0.6999999881
29807  43.521  -55.145  -17.190 0.6000000238
21419  43.954  -64.475  -11.324 0.6000000238
21417  46.435  -64.741  -10.615 0.6999999881
21418  45.197  -64.443  -10.701 0.6000000238
21391  46.820  -64.152  -9.025 0.6999999881
22251  43.637  -64.132  -10.256 0.6999999881
24042  44.336  -61.605  -9.535 0.6999999881
23109  43.665  -62.544  -9.346 0.6999999881
25003  43.971  -60.967  -9.747 0.6000000238
121903  38.484  -52.820  -16.788 0.4000000060
25031  44.370  -59.847  -11.575 0.5000000000
33384  39.632  -51.405  -17.542 0.4000000060
28919  44.008  -57.545  -14.573 0.6000000238
28004  44.003  -58.383  -14.074 0.6000000238
127879  41.251  -53.992  -17.503 0.5000000000
143159  40.771  -53.373  -17.475 0.5000000000
30666  43.010  -55.068  -17.549 0.5000000000
120943  42.879  -53.291  -17.342 0.4000000060
29779  43.244  -55.827  -15.357 0.6000000238
30655  43.377  -54.493  -16.568 0.6999999881
29802  43.584  -55.229  -16.885 0.6000000238
31507  43.555  -53.582  -16.948 0.5000000000
21406  46.623  -64.281  -9.524 0.6000000238
21407  45.765  -64.187  -9.944 0.6999999881
22241  44.633  -63.767  -9.756 0.6999999881
22235  46.747  -63.534  -8.621 0.6999999881
23101  46.913  -62.686  -8.887 0.6999999881
136169  44.626  -63.113  -9.420 0.6000000238
140372  44.867  -62.285  -9.368 0.6000000238
27004  44.468  -59.241  -11.913 0.6000000238
25030  44.865  -59.845  -11.053 0.5000000000
26072  44.286  -59.127  -12.689 0.6000000238
28908  43.669  -57.397  -13.442 0.6000000238
27992  43.854  -58.015  -12.826 0.6000000238
33383  42.143  -52.480  -17.443 0.4000000060
120512  41.646  -51.467  -17.534 0.5000000000
121496  40.537  -51.196  -17.588 0.4000000060
29771  42.938  -56.060  -14.243 0.6000000238
34433  42.307  -50.787  -17.456 0.4000000060
30644  42.551  -54.828  -15.522 0.6000000238
31508  42.967  -53.659  -16.171 0.5000000000
128009  46.882  -63.018  -9.028 0.6999999881
23108  46.334  -62.407  -9.280 0.6000000238
24025  46.437  -62.267  -8.337 0.6999999881
24041  46.695  -61.573  -9.139 0.6000000238
136200  45.757  -61.540  -9.524 0.6000000238
23091  45.746  -62.794  -7.751 0.6999999881
25014  45.604  -60.263  -10.159 0.5000000000
27979  43.611  -57.925  -11.910 0.6000000238
130028  44.174  -58.632  -11.478 0.6000000238
28909  43.046  -57.121  -12.316 0.6000000238
132659  43.036  -56.611  -12.984 0.5000000000
30645  41.719  -54.625  -14.695 0.6000000238
24993  44.805  -60.073  -8.325 0.6999999881
26018  45.375  -59.788  -8.938 0.6999999881
141968  45.225  -59.563  -10.321 0.6000000238
125551  43.788  -58.674  -10.437 0.5000000000
28901  42.011  -56.833  -11.733 0.6000000238
26988  43.234  -58.102  -10.998 0.6000000238
29762  41.480  -55.982  -12.911 0.6000000238
30637  41.493  -54.831  -13.796 0.6000000238
30656  41.761  -54.064  -15.277 0.5000000000
120585  41.995  -66.482  -13.246 0.5000000000
19808  43.720  -66.296  -12.514 0.5000000000
19793  41.876  -66.399  -11.591 0.5000000000
19792  42.933  -66.311  -11.638 0.5000000000
20627  44.670  -66.041  -10.980 0.6999999881
119764  43.680  -65.767  -10.178 0.6999999881
19777  43.342  -66.208  -10.908 0.5000000000
135373  46.110  -65.510  -10.221 0.6999999881
138024  44.959  -65.690  -10.177 0.6999999881
21392  46.564  -64.294  -8.737 0.6999999881
17484  37.749  -69.675  -16.989 0.3000000119
26040  37.669  -59.456  -10.331 0.6999999881
23122  38.378  -62.486  -10.563 0.6000000238
27009  38.435  -58.228  -11.330 0.6999999881
28923  38.306  -56.836  -13.162 0.6999999881
20643  46.092  -65.426  -12.665 0.6000000238
26036  42.361  -59.784  -11.358 0.6000000238
28945  42.426  -56.974  -16.012 0.6999999881
29805  39.572  -55.283  -16.466 0.6000000238
29804  41.542  -56.085  -17.082 0.6999999881
30668  40.549  -54.597  -17.367 0.6000000238
28957  43.146  -56.344  -17.029 0.6999999881
31521  39.583  -53.247  -17.202 0.5000000000
32425  39.007  -52.635  -17.219 0.5000000000
32420  43.614  -52.578  -16.816 0.5000000000
134302  45.068  -60.774  -9.782 0.5000000000
124060  46.914  -61.781  -9.028 0.6999999881
26035  45.366  -59.844  -10.564 0.5000000000
28921  42.414  -56.198  -13.367 0.6000000238
25001  46.115  -60.723  -9.549 0.6000000238
28910  42.139  -56.446  -12.533 0.6000000238
26029  44.756  -59.399  -9.133 0.5000000000
20595  42.342  -65.182  -8.814 0.6000000238
21367  38.426  -64.111  -6.531 0.6000000238
23073  37.243  -62.903  -5.296 0.4000000060
21382  40.701  -64.081  -7.361 0.5000000000
20594  43.284  -65.199  -8.643 0.6000000238
22288  39.845  -63.232  -14.726 0.5000000000
22207  36.946  -63.764  -5.177 0.4000000060
22281  40.565  -63.858  -13.207 0.5000000000
22289  39.086  -62.909  -14.242 0.5000000000
21383  39.743  -64.345  -7.351 0.5000000000
23062  35.966  -62.841  -4.166 0.4000000060
22282  39.713  -63.430  -13.645 0.5000000000
122923  38.168  -62.979  -12.746 0.5000000000
140179  39.001  -63.655  -6.483 0.6000000238
22277  38.766  -63.326  -12.156 0.5000000000
21381  41.876  -64.235  -7.577 0.5000000000
140199  44.236  -65.095  -8.588 0.6000000238
23044  34.895  -62.264  -2.718 0.4000000060
23045  34.813  -62.854  -2.147 0.4000000060
23083  38.528  -62.747  -6.098 0.4000000060
23148  36.589  -62.229  -13.650 0.5000000000
22217  39.669  -63.551  -6.646 0.5000000000
23142  37.506  -62.738  -12.265 0.5000000000
24063  36.171  -62.100  -11.848 0.5000000000
21380  43.069  -64.200  -7.662 0.6000000238
22226  43.553  -63.796  -7.541 0.6000000238
21393  45.245  -64.555  -8.289 0.6000000238
24054  37.927  -61.694  -10.392 0.5000000000
24056  35.831  -61.491  -11.212 0.5000000000
24073  35.305  -61.597  -12.062 0.4000000060
22215  41.362  -63.488  -7.169 0.5000000000
22216  40.438  -63.480  -6.886 0.5000000000
22227  42.499  -63.563  -7.357 0.6000000238
132308  43.490  -63.130  -7.435 0.6000000238
21379  44.294  -64.134  -7.736 0.6000000238
23092  44.416  -62.563  -7.585 0.6000000238
21378  45.349  -63.976  -7.793 0.6000000238
122697  36.501  -62.251  -4.804 0.4000000060
23984  35.189  -61.665  -3.494 0.4000000060
25022  35.994  -60.420  -10.586 0.5000000000
24064  35.204  -60.960  -11.278 0.5000000000
25044  34.101  -60.737  -11.915 0.4000000060
25021  36.776  -60.499  -10.350 0.6000000238
24074  34.482  -61.346  -12.377 0.4000000060
23082  39.899  -62.808  -6.609 0.6000000238
23095  41.203  -62.041  -7.271 0.6000000238
131643  42.107  -61.950  -7.407 0.6000000238
24028  42.987  -61.787  -7.494 0.6000000238
23963  34.925  -61.511  -1.575 0.4000000060
26043  35.688  -59.735  -10.639 0.5000000000
25035  33.973  -60.154  -11.687 0.4000000060
25056  33.012  -60.898  -12.896 0.4000000060
24019  37.480  -61.281  -5.762 0.6000000238
135738  37.119  -61.983  -5.426 0.4000000060
128814  39.871  -61.270  -6.923 0.6000000238
119139  39.134  -63.103  -6.333 0.6000000238
24016  40.350  -62.074  -7.025 0.5000000000
24029  41.587  -61.122  -7.520 0.6000000238
24030  40.672  -61.179  -7.284 0.5000000000
24027  44.057  -61.582  -7.674 0.6000000238
23962  35.332  -61.464  -0.955 0.4000000060
123802  35.653  -61.982  -4.230 0.4000000060
133962  35.462  -59.116  -10.832 0.6000000238
26061  34.338  -59.506  -11.434 0.5000000000
26076  33.127  -59.642  -12.428 0.5000000000
25057  32.438  -60.472  -13.327 0.5000000000
24961  37.132  -60.566  -5.654 0.4000000060
136222  36.048  -61.412  -4.610 0.4000000060
24973  37.808  -60.382  -6.172 0.5000000000
126850  39.157  -59.936  -6.661 0.5000000000
129068  39.776  -59.770  -6.946 0.5000000000
24985  41.086  -60.108  -7.457 0.6000000238
24983  43.066  -60.323  -7.718 0.6000000238
24981  45.203  -60.912  -8.151 0.6000000238
25955  35.326  -59.055  -2.130 0.4000000060
131705  34.899  -61.272  -2.739 0.4000000060
25956  35.104  -59.978  -1.961 0.4000000060
123808  35.544  -59.990  -1.191 0.4000000060
27995  37.118  -57.378  -11.847 0.6000000238
26898  35.307  -58.729  -2.891 0.4000000060
23985  35.083  -60.808  -3.440 0.4000000060
27998  34.585  -57.747  -11.860 0.6000000238
27022  33.855  -58.071  -12.452 0.5000000000
27024  32.879  -59.021  -12.684 0.4000000060
25979  36.010  -59.556  -4.907 0.4000000060
24972  38.676  -60.570  -6.505 0.5000000000
26001  40.191  -58.979  -7.115 0.5000000000
26012  40.970  -59.021  -7.405 0.6000000238
26010  42.777  -59.521  -7.848 0.6000000238
26020  43.289  -59.229  -8.310 0.6000000238
26886  35.427  -58.378  -1.302 0.4000000060
28912  37.303  -56.814  -12.596 0.6000000238
27996  36.398  -57.091  -12.254 0.6000000238
28915  34.908  -57.107  -12.675 0.5000000000
27042  32.009  -58.580  -14.327 0.5000000000
121171  35.311  -59.171  -3.629 0.4000000060
25991  36.561  -59.445  -5.404 0.4000000060
121707  37.097  -58.926  -5.731 0.5000000000
26939  38.853  -58.291  -6.335 0.5000000000
26954  41.545  -58.448  -7.695 0.5000000000
127714  35.801  -59.169  -0.723 0.4000000060
28913  36.613  -56.523  -13.005 0.6000000238
121287  35.185  -56.568  -13.453 0.5000000000
28009  34.339  -56.858  -13.567 0.5000000000
26940  38.026  -58.573  -6.075 0.5000000000
26938  39.557  -58.044  -6.585 0.4000000060
27936  40.428  -57.674  -7.519 0.4000000060
26963  41.931  -58.289  -8.354 0.4000000060
26962  42.878  -58.741  -8.536 0.6000000238
26974  44.545  -59.176  -9.827 0.4000000060
28784  35.858  -57.069  0.037 0.4000000060
26892  35.312  -58.331  -2.237 0.4000000060
28924  37.441  -56.359  -13.455 0.6000000238
122605  35.522  -57.918  -2.861 0.4000000060
29781  37.816  -55.583  -14.964 0.5000000000
28926  35.963  -56.273  -13.621 0.5000000000
143349  35.398  -56.224  -13.933 0.5000000000
129327  33.974  -56.441  -14.773 0.4000000060
28936  35.575  -55.834  -14.399 0.4000000060
27909  38.532  -57.578  -5.840 0.5000000000
136854  38.861  -57.143  -5.941 0.5000000000
27921  39.545  -57.550  -6.811 0.6000000238
27951  40.608  -57.591  -8.309 0.4000000060
27950  41.300  -57.817  -8.533 0.4000000060
27972  41.817  -57.923  -10.326 0.4000000060
27952  39.832  -57.337  -8.154 0.5000000000
130879  37.278  -55.276  -15.682 0.5000000000
29782  36.870  -55.482  -15.082 0.6000000238
30657  37.291  -54.899  -16.122 0.4000000060
27974  40.199  -57.402  -10.055 0.5000000000
27971  42.351  -57.868  -10.770 0.5000000000
125349  38.450  -56.480  -8.460 0.5000000000
27937  39.712  -57.401  -7.355 0.5000000000
27965  39.903  -57.461  -9.118 0.5000000000
28894  39.452  -56.967  -9.788 0.5000000000
119516  35.454  -56.789  -1.415 0.4000000060
29773  41.157  -55.156  -13.089 0.5000000000
28902  41.059  -56.945  -11.499 0.4000000060
28892  40.571  -57.283  -10.941 0.5000000000
28884  38.560  -56.375  -9.560 0.5000000000
31510  37.390  -53.519  -16.231 0.4000000060
30624  40.460  -54.772  -12.730 0.4000000060
29764  40.036  -55.179  -12.177 0.4000000060
28911  41.116  -56.321  -12.103 0.5000000000
29751  40.409  -55.776  -11.926 0.5000000000
29743  39.365  -56.163  -10.984 0.5000000000
28903  40.246  -56.501  -11.426 0.5000000000
138608  39.153  -56.451  -10.313 0.5000000000
30605  38.243  -55.105  -10.625 0.5000000000
29753  38.917  -55.372  -11.131 0.4000000060
24055  37.084  -61.452  -10.545 0.5000000000
26992  36.200  -59.136  -10.617 0.6000000238
23133  37.660  -62.674  -11.523 0.6000000238
27010  37.039  -58.008  -11.212 0.6000000238
120470  40.464  -63.510  -14.131 0.5000000000
29806  38.184  -54.835  -16.418 0.5000000000
26019  44.301  -59.535  -8.593 0.6000000238
26975  43.345  -58.678  -9.413 0.4000000060
23143  36.726  -62.463  -12.578 0.5000000000
23134  36.985  -62.445  -11.644 0.5000000000
134493  36.584  -61.913  -11.039 0.5000000000
25034  34.615  -60.333  -11.332 0.4000000060
24075  33.728  -61.101  -12.579 0.4000000060
24018  38.203  -61.319  -6.259 0.6000000238
26060  35.013  -59.599  -10.967 0.6000000238
26062  33.685  -59.563  -11.933 0.4000000060
140935  35.292  -60.385  -4.059 0.4000000060
125320  36.182  -57.757  -11.461 0.6000000238
27985  35.286  -57.919  -11.446 0.6000000238
27013  34.090  -58.685  -11.827 0.5000000000
26087  32.143  -59.571  -13.632 0.5000000000
143651  32.017  -60.959  -13.880 0.5000000000
27036  32.542  -58.770  -13.313 0.5000000000
28914  35.747  -56.820  -12.801 0.5000000000
28010  33.688  -57.571  -13.271 0.5000000000
135070  34.288  -57.464  -12.741 0.5000000000
27920  40.082  -57.811  -6.937 0.5000000000
143590  33.553  -57.019  -14.102 0.5000000000
123563  37.645  -58.051  -5.517 0.5000000000
28935  37.285  -55.865  -14.244 0.6000000238
27963  41.707  -57.996  -9.371 0.3000000119
30612  39.299  -54.868  -11.775 0.4000000060
9512  40.022  -78.450  -16.646 0.3000000119
129630  40.526  -77.219  -17.324 0.3000000119
10382  40.505  -77.834  -16.426 0.3000000119
11296  41.408  -75.554  -18.630 0.3000000119
11284  40.902  -76.428  -17.922 0.3000000119
12158  42.031  -75.082  -17.068 0.3000000119
12195  41.424  -74.948  -18.771 0.3000000119
12178  41.849  -74.817  -18.077 0.3000000119
13871  44.111  -73.236  -13.808 0.3000000119
12157  42.447  -74.547  -16.483 0.3000000119
13044  42.580  -73.904  -16.737 0.3000000119
13065  41.856  -74.203  -18.092 0.3000000119
13007  43.529  -73.789  -14.420 0.3000000119
14819  44.454  -72.080  -13.301 0.3000000119
13887  43.710  -73.022  -14.543 0.3000000119
13902  43.056  -73.071  -15.588 0.4000000060
13903  42.610  -73.095  -16.032 0.4000000060
13919  41.888  -73.387  -16.848 0.4000000060
13920  40.892  -73.852  -16.470 0.3000000119
14804  44.218  -71.706  -12.615 0.3000000119
133772  43.816  -71.985  -13.417 0.4000000060
14834  42.796  -72.614  -14.896 0.4000000060
14848  42.220  -72.950  -16.194 0.4000000060
15700  45.038  -71.501  -11.575 0.3000000119
13904  41.499  -73.252  -15.909 0.4000000060
133631  44.760  -70.769  -10.086 0.4000000060
140420  44.725  -71.129  -10.751 0.4000000060
13905  40.488  -73.631  -15.427 0.4000000060
129222  40.054  -73.480  -14.581 0.3000000119
14787  43.634  -71.672  -11.840 0.4000000060
14805  43.238  -72.123  -12.485 0.3000000119
14822  42.471  -72.564  -13.799 0.4000000060
15674  43.552  -71.489  -10.210 0.4000000060
120056  41.291  -72.866  -13.444 0.5000000000
126622  41.762  -72.885  -14.424 0.4000000060
19023  39.450  -67.576  -15.723 0.5000000000
16551  44.715  -70.442  -9.208 0.4000000060
13872  40.649  -73.183  -14.011 0.4000000060
120994  37.422  -69.592  -16.082 0.3000000119
123784  37.167  -69.493  -15.185 0.4000000060
13890  37.452  -73.417  -14.287 0.3000000119
22294  40.740  -62.911  -16.412 0.4000000060
23158  40.033  -62.420  -16.855 0.4000000060
141585  44.344  -66.333  -13.947 0.4000000060
121220  43.338  -66.403  -13.453 0.4000000060
19821  42.500  -66.442  -14.121 0.4000000060
14771  42.830  -71.872  -10.996 0.4000000060
14788  42.720  -72.198  -11.729 0.3000000119
14806  41.845  -72.555  -13.011 0.5000000000
19822  41.582  -66.534  -13.852 0.4000000060
19022  40.102  -67.024  -15.263 0.4000000060
15654  43.647  -71.138  -9.283 0.4000000060
17475  37.868  -69.000  -15.684 0.4000000060
18217  38.077  -68.162  -14.516 0.5000000000
130099  39.059  -73.652  -14.291 0.5000000000
17469  36.609  -70.154  -14.649 0.4000000060
16617  36.766  -70.200  -15.564 0.4000000060
13889  38.254  -73.519  -14.119 0.3000000119
124395  36.263  -71.010  -14.986 0.4000000060
23150  39.229  -62.627  -15.393 0.4000000060
19790  45.073  -66.039  -12.595 0.4000000060
14754  42.309  -72.051  -10.020 0.4000000060
128308  41.822  -72.457  -11.257 0.4000000060
119859  41.009  -66.549  -13.284 0.4000000060
19010  39.404  -67.366  -14.735 0.5000000000
14772  41.804  -72.346  -10.534 0.4000000060
14807  41.028  -72.852  -12.539 0.4000000060
18995  38.687  -67.639  -14.184 0.5000000000
142703  41.737  -72.039  -9.350 0.4000000060
14773  40.770  -72.590  -10.617 0.4000000060
14790  40.944  -72.797  -11.625 0.4000000060
14808  40.120  -73.053  -12.073 0.5000000000
14809  39.289  -73.187  -12.431 0.5000000000
18993  40.188  -66.835  -13.511 0.4000000060
18203  37.987  -67.955  -13.663 0.5000000000
14738  40.910  -72.284  -9.011 0.4000000060
14823  38.350  -73.030  -12.867 0.5000000000
18204  37.377  -68.626  -13.960 0.4000000060
13875  37.772  -73.142  -13.631 0.4000000060
120046  36.467  -72.096  -14.044 0.4000000060
15727  36.347  -71.377  -14.180 0.4000000060
17460  36.523  -70.059  -13.822 0.4000000060
132355  41.304  -66.504  -12.397 0.4000000060
19794  40.984  -66.466  -11.505 0.3000000119
119886  39.920  -72.767  -11.239 0.4000000060
121637  39.329  -72.995  -11.743 0.4000000060
18985  39.486  -67.155  -12.810 0.4000000060
24085  32.593  -61.358  -13.697 0.4000000060
15657  40.113  -71.792  -8.142 0.4000000060
14755  40.255  -72.499  -9.587 0.4000000060
126166  38.399  -72.903  -11.901 0.5000000000
14810  37.665  -72.631  -12.365 0.5000000000
121918  38.639  -67.503  -12.376 0.5000000000
129578  37.455  -68.446  -13.118 0.4000000060
14740  39.088  -72.268  -8.671 0.4000000060
14825  36.806  -72.098  -13.248 0.4000000060
17459  36.807  -69.224  -13.290 0.4000000060
120937  36.427  -70.978  -12.766 0.4000000060
17445  36.506  -70.173  -12.980 0.4000000060
139862  42.000  -66.209  -10.552 0.4000000060
138583  40.574  -66.719  -11.995 0.3000000119
14774  39.389  -72.631  -10.270 0.4000000060
14775  38.262  -72.595  -10.506 0.4000000060
120145  39.203  -67.281  -12.011 0.3000000119
14757  38.441  -72.529  -9.650 0.4000000060
14758  37.562  -72.379  -9.958 0.4000000060
14792  37.488  -72.498  -11.654 0.4000000060
14811  36.981  -72.192  -12.259 0.5000000000
15659  38.365  -72.115  -8.319 0.4000000060
14742  37.811  -72.352  -9.068 0.4000000060
15702  36.490  -71.506  -11.096 0.4000000060
16599  36.373  -70.438  -12.186 0.4000000060
17444  37.016  -68.791  -12.581 0.4000000060
20611  42.937  -65.524  -9.432 0.4000000060
14759  36.876  -72.041  -10.433 0.4000000060
11319  35.327  -76.488  -19.544 0.3000000119
13856  44.809  -72.464  -12.383 0.3000000119
14802  45.191  -71.843  -11.887 0.3000000119
16565  45.597  -70.553  -9.630 0.4000000060
16552  43.626  -70.788  -8.429 0.4000000060
15655  42.676  -71.362  -8.500 0.4000000060
142861  42.771  -71.101  -7.825 0.4000000060
15642  40.819  -71.522  -7.784 0.4000000060
119428  40.193  -66.761  -11.363 0.3000000119
15658  39.355  -71.918  -8.153 0.4000000060
19762  40.972  -65.954  -10.332 0.4000000060
19779  39.597  -66.695  -10.614 0.4000000060
18970  38.686  -67.457  -11.562 0.4000000060
15645  37.875  -71.533  -7.722 0.4000000060
15676  36.967  -71.903  -9.385 0.4000000060
15690  36.506  -71.393  -10.071 0.4000000060
138496  36.328  -70.111  -11.104 0.4000000060
18174  37.196  -68.657  -11.773 0.3000000119
18971  37.976  -67.927  -11.871 0.4000000060
15661  36.796  -71.454  -8.722 0.4000000060
19011  38.767  -67.828  -15.042 0.4000000060
20612  41.999  -65.561  -9.555 0.4000000060
9549  40.011  -78.079  -18.457 0.3000000119
11275  40.956  -76.828  -16.848 0.3000000119
11297  41.069  -76.308  -19.088 0.3000000119
11334  36.125  -77.030  -20.173 0.3000000119
11318  36.502  -76.672  -19.451 0.3000000119
12177  42.295  -74.243  -17.455 0.3000000119
13870  44.508  -72.423  -13.216 0.3000000119
13016  43.252  -73.416  -15.263 0.4000000060
13932  42.013  -73.704  -17.602 0.4000000060
14820  44.086  -72.172  -13.701 0.3000000119
15719  44.530  -71.944  -13.107 0.3000000119
14846  43.042  -72.853  -15.397 0.4000000060
14835  42.090  -72.739  -15.481 0.4000000060
15699  45.248  -71.424  -11.121 0.3000000119
16550  45.618  -70.175  -9.002 0.4000000060
13873  40.162  -73.228  -13.013 0.4000000060
125764  38.703  -73.421  -13.607 0.5000000000
14837  36.886  -72.743  -13.931 0.3000000119
13888  39.620  -73.408  -13.760 0.5000000000
15656  41.608  -71.748  -8.590 0.4000000060
121219  36.647  -71.626  -12.562 0.4000000060
121306  36.629  -69.497  -12.253 0.4000000060
20577  38.049  -65.063  -7.861 0.4000000060
21398  39.112  -64.920  -8.136 0.4000000060
20563  37.046  -65.163  -6.638 0.4000000060
21349  37.274  -64.230  -5.641 0.3000000119
21384  38.745  -64.520  -7.266 0.5000000000
21397  40.233  -64.682  -8.023 0.4000000060
21396  41.730  -64.793  -8.351 0.4000000060
17287  38.768  -69.197  0.393 0.3000000119
17291  37.909  -69.055  -0.858 0.3000000119
19668  35.514  -66.351  -0.287 0.3000000119
20525  34.878  -65.371  -2.152 0.3000000119
21322  34.817  -64.494  -2.025 0.3000000119
22177  35.458  -63.297  -3.496 0.3000000119
18068  36.870  -68.043  0.124 0.3000000119
18847  36.571  -67.308  0.352 0.3000000119
19667  35.894  -66.216  0.302 0.3000000119
18065  39.178  -68.988  1.069 0.3000000119
18057  39.019  -68.269  1.328 0.3000000119
141507  34.776  -64.519  -0.841 0.3000000119
22164  35.259  -63.161  -0.694 0.3000000119
18846  37.401  -67.588  0.680 0.3000000119
122625  36.536  -65.124  0.584 0.3000000119
20498  35.096  -64.874  -0.395 0.3000000119
20461  39.284  -66.054  1.303 0.3000000119
20462  38.478  -66.097  1.239 0.3000000119
129655  38.252  -63.975  0.487 0.3000000119
20477  38.977  -65.406  1.019 0.3000000119
22143  39.225  -64.196  0.358 0.3000000119
19655  39.527  -66.843  1.421 0.3000000119
22155  35.745  -63.529  -0.016 0.3000000119
23022  36.299  -62.725  0.080 0.3000000119
24897  35.651  -60.718  -0.836 0.3000000119
133541  39.814  -65.382  0.936 0.3000000119
22145  37.288  -63.735  0.444 0.3000000119
23945  37.704  -61.275  -0.287 0.3000000119
137881  39.873  -64.403  0.235 0.3000000119
22154  38.938  -63.340  0.104 0.3000000119
23007  38.125  -62.664  0.023 0.3000000119
135419  39.039  -61.759  -0.486 0.3000000119
25935  36.533  -59.480  -0.214 0.3000000119
23946  36.775  -61.350  -0.220 0.3000000119
141247  36.682  -60.105  -0.344 0.3000000119
27862  36.058  -57.876  0.079 0.3000000119
120173  35.531  -56.867  -0.588 0.3000000119
137327  36.185  -56.566  0.367 0.3000000119
29628  35.723  -56.142  0.043 0.3000000119
121783  35.462  -55.995  -0.846 0.3000000119
21350  36.634  -64.567  -5.244 0.3000000119
21385  37.783  -64.710  -7.047 0.4000000060
21321  35.233  -64.024  -2.884 0.3000000119
23023  35.639  -62.274  -0.461 0.3000000119
20578  37.250  -65.442  -7.483 0.5000000000
18067  37.683  -68.333  0.445 0.3000000119
21287  35.755  -64.938  0.271 0.3000000119
20512  34.989  -65.923  -1.567 0.3000000119
122311  35.201  -64.841  -2.727 0.3000000119
133302  35.652  -63.992  -3.631 0.3000000119
19666  37.088  -66.788  0.700 0.3000000119
18835  38.841  -67.459  1.382 0.3000000119
124421  35.118  -64.069  -0.504 0.3000000119
20478  38.096  -65.417  0.911 0.3000000119
125642  39.738  -62.979  -0.466 0.3000000119
136609  39.689  -62.118  -0.641 0.3000000119
23008  37.240  -62.967  0.275 0.3000000119
21282  40.992  -64.749  0.351 0.3000000119
122616  38.296  -61.898  -0.297 0.3000000119
126039  38.151  -67.721  -11.012 0.3000000119
18161  37.051  -68.579  -10.868 0.4000000060
119830  36.555  -69.136  -8.135 0.4000000060
18137  36.511  -68.503  -8.724 0.4000000060
18959  38.819  -67.250  -10.804 0.3000000119
18918  36.360  -67.499  -7.696 0.4000000060
18114  36.421  -68.239  -7.153 0.3000000119
18946  38.055  -67.259  -10.188 0.4000000060
18933  36.852  -67.185  -8.987 0.4000000060
18902  36.313  -67.396  -6.843 0.3000000119
19764  38.368  -66.572  -9.639 0.3000000119
19765  37.534  -66.842  -9.379 0.4000000060
19741  36.431  -66.719  -7.401 0.4000000060
20615  38.732  -65.974  -9.196 0.3000000119
19751  37.900  -66.180  -8.963 0.4000000060
20579  36.620  -65.911  -7.086 0.4000000060
127208  39.196  -66.315  -9.840 0.3000000119
126060  40.228  -65.484  -9.314 0.3000000119
20613  41.055  -65.573  -9.619 0.3000000119
19763  40.159  -65.994  -10.007 0.3000000119
19752  37.107  -66.471  -8.638 0.4000000060
18947  37.209  -67.561  -9.732 0.4000000060
16549  46.198  -70.299  -9.027 0.3000000119
17419  36.374  -69.893  -10.472 0.3000000119
14719  45.677  -72.179  -6.267 0.3000000119
15632  46.273  -71.240  -6.860 0.3000000119
15639  46.364  -70.419  -8.588 0.3000000119
17391  45.899  -69.889  -8.397 0.3000000119
18162  36.626  -69.057  -10.322 0.3000000119
16566  36.453  -71.183  -9.196 0.3000000119
14715  46.458  -71.657  -4.724 0.3000000119
16513  46.669  -69.951  -7.008 0.3000000119
15627  46.787  -70.890  -5.127 0.3000000119
17378  46.149  -69.753  -7.582 0.3000000119
17380  44.144  -70.137  -7.013 0.3000000119
122610  36.432  -69.419  -8.873 0.3000000119
13768  46.524  -73.263  -1.634 0.3000000119
15620  46.728  -70.923  -4.329 0.3000000119
14700  46.568  -72.013  -2.761 0.3000000119
16510  46.764  -69.851  -5.838 0.3000000119
131997  46.846  -70.269  -5.043 0.3000000119
17379  45.307  -69.818  -7.410 0.3000000119
15598  46.502  -71.760  -2.861 0.3000000119
15610  46.462  -71.110  -3.324 0.3000000119
121589  45.717  -69.538  -5.230 0.3000000119
16503  46.330  -69.947  -4.733 0.3000000119
16531  43.394  -70.581  -7.525 0.3000000119
16532  42.334  -70.802  -7.222 0.3000000119
16534  40.314  -71.028  -7.056 0.3000000119
13767  46.665  -72.960  -1.554 0.3000000119
125427  44.146  -69.486  -5.733 0.3000000119
124292  44.559  -69.413  -5.144 0.3000000119
16514  42.969  -70.250  -6.565 0.3000000119
17392  36.499  -70.051  -8.294 0.3000000119
15599  46.354  -71.762  -2.649 0.3000000119
130648  46.483  -72.861  -1.254 0.3000000119
15611  45.760  -70.996  -3.136 0.3000000119
16504  45.048  -69.770  -4.438 0.3000000119
17363  43.181  -69.598  -5.759 0.3000000119
16516  40.801  -70.539  -6.480 0.3000000119
15644  38.816  -71.610  -7.555 0.3000000119
16538  36.774  -70.494  -7.935 0.3000000119
17381  36.717  -69.774  -7.486 0.3000000119
18175  36.559  -69.351  -11.234 0.3000000119
16475  44.329  -71.056  -3.130 0.3000000119
17338  43.803  -69.516  -4.524 0.3000000119
16515  41.788  -70.429  -6.506 0.3000000119
16535  39.332  -71.167  -6.902 0.3000000119
17377  46.474  -69.973  -7.603 0.3000000119
15628  46.361  -71.540  -5.743 0.3000000119
15631  46.459  -70.445  -7.498 0.3000000119
9532  40.200  -78.010  -17.361 0.3000000119
10395  40.467  -77.144  -18.221 0.3000000119
10440  35.723  -77.398  -20.859 0.3000000119
11274  41.477  -76.243  -16.348 0.3000000119
11283  41.448  -75.790  -17.499 0.3000000119
11299  36.882  -76.355  -18.694 0.3000000119
11314  41.194  -75.547  -19.256 0.3000000119
12214  41.170  -75.038  -19.240 0.3000000119
13027  42.755  -73.481  -15.986 0.4000000060
13028  42.825  -74.057  -15.854 0.4000000060
13064  42.267  -73.806  -17.330 0.3000000119
13755  46.602  -73.455  -1.026 0.3000000119
13780  46.558  -72.701  -2.143 0.3000000119
13846  44.948  -72.542  -11.722 0.3000000119
13857  44.332  -73.284  -12.788 0.3000000119
13874  39.234  -73.312  -13.130 0.5000000000
13886  44.123  -72.477  -13.851 0.3000000119
13906  39.466  -73.835  -15.077 0.5000000000
13908  37.197  -73.866  -14.893 0.3000000119
13918  42.220  -73.439  -16.784 0.4000000060
14667  46.502  -73.354  -0.905 0.3000000119
14678  46.634  -72.958  -1.400 0.3000000119
14689  46.491  -72.488  -2.158 0.3000000119
14690  46.385  -72.429  -1.864 0.3000000119
14707  46.502  -71.697  -3.661 0.3000000119
14739  39.975  -72.281  -8.714 0.4000000060
14741  38.557  -72.407  -8.967 0.4000000060
14756  39.271  -72.485  -9.289 0.4000000060
14776  37.420  -72.422  -10.842 0.4000000060
14789  42.011  -72.513  -12.211 0.5000000000
14791  38.893  -72.701  -11.147 0.4000000060
14793  36.871  -72.144  -11.322 0.4000000060
14803  44.924  -71.961  -12.665 0.3000000119
14821  43.465  -72.348  -14.012 0.4000000060
14824  37.401  -72.541  -13.081 0.5000000000
14833  43.497  -72.690  -14.458 0.3000000119
14836  41.096  -73.240  -14.939 0.4000000060
14847  42.551  -72.829  -15.651 0.4000000060
15609  46.526  -71.263  -3.428 0.3000000119
15641  41.932  -71.340  -7.802 0.4000000060
15643  39.786  -71.518  -7.574 0.4000000060
15646  37.086  -71.175  -8.098 0.4000000060
15660  37.449  -71.836  -8.528 0.4000000060
15675  42.565  -71.635  -9.332 0.4000000060
15688  45.385  -70.989  -10.560 0.4000000060
15689  44.084  -71.435  -11.182 0.4000000060
15701  44.536  -71.528  -11.821 0.3000000119
15710  44.886  -71.797  -12.372 0.3000000119
15711  36.372  -71.220  -11.975 0.4000000060
15720  36.542  -71.493  -13.397 0.4000000060
16484  46.605  -70.592  -4.340 0.3000000119
16485  45.968  -70.433  -3.921 0.3000000119
16486  44.765  -70.390  -3.697 0.3000000119
16502  46.842  -69.999  -5.047 0.3000000119
16529  46.392  -70.106  -8.055 0.3000000119
16530  44.738  -70.203  -8.202 0.3000000119
16533  41.295  -70.901  -7.164 0.3000000119
16536  38.362  -71.075  -6.979 0.3000000119
16537  37.402  -70.617  -7.347 0.3000000119
16548  46.304  -70.251  -8.719 0.3000000119
16553  36.545  -70.847  -8.516 0.3000000119
16564  45.976  -70.764  -9.631 0.3000000119
16578  36.315  -70.717  -10.663 0.4000000060
16588  45.129  -71.240  -11.089 0.3000000119
16589  36.304  -70.676  -11.450 0.4000000060
16606  36.429  -70.801  -13.557 0.4000000060
16612  36.403  -70.695  -14.224 0.4000000060
16627  37.067  -70.158  -16.509 0.3000000119
17286  39.390  -69.641  0.359 0.3000000119
17290  38.757  -69.479  -0.466 0.3000000119
17337  46.515  -69.761  -5.355 0.3000000119
17346  46.211  -69.523  -5.931 0.3000000119
17347  45.221  -69.440  -5.831 0.3000000119
17360  46.482  -69.771  -6.774 0.3000000119
17361  45.763  -69.546  -6.657 0.3000000119
17362  44.735  -69.649  -6.449 0.3000000119
17390  46.333  -70.009  -8.345 0.3000000119
17405  36.428  -69.673  -9.664 0.3000000119
17430  36.388  -69.995  -11.656 0.4000000060
17468  36.949  -69.392  -14.273 0.4000000060
17483  38.186  -69.167  -16.562 0.5000000000
18066  38.498  -68.623  0.772 0.3000000119
18071  38.152  -68.939  0.012 0.3000000119
18072  37.368  -68.567  -0.325 0.3000000119
18124  36.435  -68.297  -7.964 0.4000000060
18150  36.587  -68.781  -9.499 0.4000000060
18189  38.046  -67.926  -12.765 0.4000000060
18218  37.535  -68.801  -14.820 0.4000000060
18237  38.814  -68.658  -17.034 0.5000000000
18836  38.039  -66.978  1.216 0.3000000119
18845  38.231  -67.891  1.087 0.3000000119
18848  35.922  -66.909  0.094 0.3000000119
18853  36.267  -67.542  -0.275 0.3000000119
18934  36.522  -67.661  -8.505 0.4000000060
18948  36.694  -67.945  -9.261 0.4000000060
18958  39.421  -67.146  -11.353 0.4000000060
18960  37.493  -67.939  -10.506 0.4000000060
18961  36.899  -68.277  -10.038 0.4000000060
18994  39.417  -67.247  -13.814 0.5000000000
19009  40.096  -66.915  -14.386 0.5000000000
19044  41.122  -67.135  -18.123 0.5000000000
19656  38.822  -66.684  1.373 0.3000000119
19740  36.805  -66.159  -7.888 0.4000000060
19753  36.553  -66.871  -8.249 0.4000000060
19778  42.333  -66.351  -10.880 0.4000000060
19780  38.801  -66.813  -10.237 0.3000000119
19791  44.203  -66.195  -11.729 0.5000000000
19795  39.907  -67.030  -12.016 0.3000000119
19809  42.471  -66.380  -12.452 0.5000000000
19810  40.395  -66.738  -12.671 0.3000000119
19820  45.466  -65.739  -13.313 0.6000000238
19823  40.875  -66.680  -14.082 0.4000000060
19832  43.989  -66.359  -14.578 0.5000000000
19834  40.818  -66.704  -14.909 0.4000000060
19848  44.369  -65.705  -15.339 0.4000000060
19863  41.912  -66.572  -16.530 0.4000000060
19864  41.100  -66.740  -16.173 0.6000000238
19881  41.690  -66.386  -18.515 0.5000000000
20463  37.623  -66.129  0.955 0.3000000119
20476  40.582  -65.359  0.833 0.3000000119
20479  36.653  -65.997  0.606 0.3000000119
20480  35.996  -65.573  0.428 0.3000000119
20481  35.497  -65.604  -0.005 0.3000000119
20497  35.077  -65.718  -0.730 0.3000000119
20513  34.670  -65.001  -1.232 0.3000000119
20591  46.687  -64.646  -9.398 0.6999999881
20592  46.179  -65.005  -9.032 0.6999999881
20593  45.097  -65.222  -8.839 0.6000000238
20596  40.816  -65.029  -8.742 0.4000000060
20597  39.809  -65.229  -8.731 0.4000000060
20598  38.361  -65.536  -8.566 0.4000000060
20599  37.509  -65.771  -8.264 0.5000000000
20608  46.701  -65.111  -9.821 0.6999999881
20609  45.593  -65.402  -9.507 0.6999999881
20610  44.185  -65.502  -9.243 0.6999999881
20614  39.507  -65.713  -9.347 0.3000000119
20626  45.908  -65.725  -10.978 0.6999999881
20628  42.533  -65.894  -10.266 0.4000000060
20629  41.668  -65.932  -10.206 0.4000000060
20636  46.594  -65.030  -10.685 0.6999999881
20638  45.712  -65.991  -11.815 0.6999999881
20642  46.509  -65.085  -11.295 0.6999999881
20650  45.709  -65.058  -13.746 0.4000000060
20651  45.754  -65.275  -13.535 0.6000000238
20658  45.456  -65.194  -14.248 0.4000000060
20665  44.336  -65.052  -15.761 0.4000000060
20675  43.936  -65.070  -16.511 0.4000000060
20681  42.874  -65.290  -17.588 0.4000000060
21283  39.484  -64.826  0.611 0.3000000119
21284  38.621  -64.753  0.679 0.3000000119
21285  37.464  -64.653  0.647 0.3000000119
21286  36.358  -64.222  0.385 0.3000000119
21299  41.312  -64.188  -0.446 0.3000000119
21300  40.468  -64.273  -0.067 0.3000000119
21301  35.550  -64.307  -0.000 0.3000000119
21316  34.767  -64.006  -1.177 0.3000000119
21326  35.488  -64.655  -3.457 0.3000000119
21332  35.838  -64.384  -4.141 0.3000000119
21366  39.331  -64.043  -6.823 0.6000000238
21368  37.545  -64.467  -6.251 0.3000000119
21369  36.873  -64.937  -5.847 0.3000000119
21377  46.069  -63.500  -7.884 0.6000000238
21394  43.726  -64.625  -8.155 0.6000000238
21395  42.640  -64.703  -8.145 0.6000000238
21405  46.648  -64.595  -9.432 0.6999999881
21430  46.446  -64.896  -11.200 0.6999999881
21431  46.308  -64.800  -11.833 0.6000000238
21433  42.864  -64.367  -11.709 0.6999999881
21434  41.945  -64.365  -11.872 0.6000000238
21445  44.726  -64.565  -14.119 0.5000000000
21446  43.285  -64.343  -13.833 0.6000000238
21455  42.458  -64.247  -14.410 0.5000000000
21462  44.122  -64.672  -15.655 0.4000000060
21463  43.586  -64.376  -15.470 0.5000000000
21480  42.784  -64.601  -17.585 0.4000000060
21481  42.245  -64.052  -17.945 0.4000000060
22144  37.973  -63.306  0.328 0.3000000119
22146  36.546  -63.418  0.300 0.3000000119
22153  39.840  -63.817  -0.100 0.3000000119
22165  34.947  -63.016  -1.462 0.4000000060
22173  34.939  -63.141  -2.772 0.3000000119
22174  34.913  -63.598  -2.042 0.3000000119
22189  36.568  -63.240  -4.689 0.4000000060
22205  37.946  -63.134  -5.764 0.4000000060
22206  37.476  -63.580  -5.553 0.4000000060
22218  38.486  -63.427  -6.161 0.4000000060
22219  37.863  -63.831  -5.979 0.6000000238
22225  44.692  -63.514  -7.571 0.6000000238
22228  40.003  -63.900  -6.975 0.5000000000
22234  46.828  -63.685  -8.978 0.6999999881
22240  45.933  -63.529  -9.523 0.6999999881
22242  43.280  -63.336  -9.549 0.6999999881
22253  41.054  -63.745  -10.626 0.6999999881
22267  38.815  -63.190  -10.758 0.6000000238
22283  38.879  -63.310  -13.181 0.5000000000
22287  40.872  -63.353  -15.181 0.5000000000
22295  40.004  -62.817  -15.858 0.4000000060
23020  38.983  -62.452  -0.304 0.3000000119
23021  37.253  -62.098  0.050 0.3000000119
23035  35.122  -62.245  -1.158 0.4000000060
23036  34.779  -62.238  -1.825 0.4000000060
23048  35.358  -62.492  -3.576 0.4000000060
23081  40.866  -62.865  -6.894 0.5000000000
23084  37.854  -62.223  -5.874 0.6000000238
23090  46.738  -62.842  -8.369 0.6999999881
23093  42.691  -62.644  -7.358 0.6000000238
23094  41.778  -62.845  -7.095 0.6000000238
23102  46.881  -62.249  -8.738 0.6999999881
23107  47.028  -62.227  -9.002 0.6999999881
23120  40.149  -62.966  -9.994 0.6000000238
23123  37.501  -62.289  -10.910 0.5000000000
23132  38.182  -62.862  -11.096 0.6000000238
23944  38.620  -61.169  -0.460 0.3000000119
23947  35.915  -61.397  -0.458 0.3000000119
24010  36.624  -61.176  -5.225 0.4000000060
24017  39.059  -61.436  -6.561 0.6000000238
24026  45.392  -61.900  -7.946 0.6999999881
24035  46.465  -61.440  -8.653 0.6999999881
24046  40.344  -61.697  -9.742 0.6000000238
24065  34.669  -61.043  -11.699 0.4000000060
24072  35.906  -62.147  -12.859 0.5000000000
24896  36.338  -60.687  -0.461 0.3000000119
24911  35.172  -60.760  -1.426 0.4000000060
24912  34.820  -60.890  -2.029 0.4000000060
24924  34.897  -60.368  -2.721 0.4000000060
24933  35.083  -59.969  -3.514 0.4000000060
24951  35.835  -60.478  -4.682 0.4000000060
24952  35.442  -61.104  -4.143 0.4000000060
24962  36.486  -60.162  -5.312 0.4000000060
24970  40.182  -60.426  -7.150 0.5000000000
24971  39.450  -60.567  -6.769 0.5000000000
24982  43.990  -60.585  -7.868 0.6000000238
24984  42.137  -60.228  -7.675 0.6000000238
24991  46.530  -60.970  -9.122 0.6999999881
24992  45.924  -60.458  -8.759 0.6999999881
25002  46.195  -60.920  -9.602 0.5000000000
25005  41.472  -60.629  -9.949 0.6000000238
25015  44.905  -60.323  -10.671 0.6000000238
25018  40.946  -60.173  -10.399 0.6000000238
25019  39.220  -61.066  -9.868 0.6000000238
25020  37.610  -60.825  -10.256 0.6999999881
25033  35.328  -60.318  -10.847 0.5000000000
25045  33.478  -60.374  -12.277 0.4000000060
25046  32.873  -60.253  -12.701 0.4000000060
25064  31.921  -60.336  -13.880 0.5000000000
25923  37.048  -59.017  0.323 0.3000000119
25948  35.440  -59.316  -1.459 0.4000000060
25966  35.069  -59.535  -2.821 0.4000000060
25980  35.431  -59.697  -4.272 0.4000000060
25990  37.141  -59.807  -5.774 0.4000000060
26002  38.526  -59.733  -6.453 0.5000000000
26003  37.773  -59.403  -6.210 0.5000000000
26009  43.697  -59.821  -8.078 0.6000000238
26011  41.922  -59.202  -7.568 0.6000000238
26017  45.961  -60.340  -9.205 0.6000000238
26027  45.751  -60.223  -9.904 0.6000000238
26028  45.485  -59.709  -9.754 0.6000000238
26042  36.297  -59.876  -10.445 0.6000000238
26055  44.318  -59.408  -12.100 0.6000000238
26057  43.000  -59.524  -12.221 0.6000000238
26075  42.510  -59.180  -12.651 0.6000000238
26077  32.604  -59.615  -12.936 0.5000000000
26086  44.089  -58.893  -13.524 0.6000000238
26874  36.327  -58.677  -0.082 0.3000000119
26875  35.795  -58.362  -0.462 0.4000000060
26911  35.641  -58.344  -3.633 0.4000000060
26922  37.132  -57.683  -4.990 0.5000000000
26937  40.026  -58.291  -6.845 0.4000000060
26953  42.421  -58.820  -7.929 0.4000000060
26955  40.694  -58.127  -7.277 0.5000000000
26961  43.841  -59.098  -8.880 0.6000000238
26973  44.674  -59.363  -10.889 0.5000000000
26976  42.484  -58.387  -9.076 0.6000000238
26989  42.584  -58.358  -10.078 0.4000000060
26990  38.071  -58.735  -10.709 0.6999999881
27005  44.241  -58.728  -12.463 0.6000000238
27007  40.836  -58.610  -12.171 0.6999999881
27008  39.374  -58.330  -11.654 0.6999999881
27011  36.430  -58.406  -10.939 0.6000000238
27012  35.723  -58.487  -11.047 0.6000000238
27019  44.154  -58.970  -13.392 0.6000000238
27020  40.836  -58.190  -12.705 0.6999999881
27023  33.439  -58.872  -12.339 0.5000000000
27031  43.999  -58.748  -13.725 0.6000000238
27032  43.629  -58.741  -13.819 0.6000000238
27035  33.166  -58.323  -12.942 0.4000000060
27850  36.457  -57.271  0.401 0.3000000119
27863  35.629  -57.680  -0.507 0.4000000060
27874  35.425  -57.460  -1.147 0.3000000119
27882  35.350  -57.540  -1.994 0.4000000060
27922  39.093  -57.502  -6.383 0.5000000000
27935  41.168  -57.893  -7.847 0.4000000060
27964  40.752  -57.651  -9.263 0.5000000000
27973  41.083  -57.639  -10.205 0.5000000000
27980  42.627  -57.511  -11.427 0.6000000238
27981  41.593  -57.482  -11.046 0.4000000060
27983  38.674  -57.727  -12.001 0.6999999881
27986  34.887  -58.673  -11.268 0.6000000238
27997  35.444  -57.359  -11.985 0.6000000238
28008  39.289  -57.271  -13.236 0.6999999881
28011  32.819  -57.742  -13.890 0.5000000000
28017  43.782  -57.953  -15.039 0.6999999881
28863  39.198  -57.061  -7.026 0.6000000238
28865  37.781  -56.048  -7.916 0.5000000000
28874  39.204  -56.897  -7.861 0.5000000000
28883  39.217  -56.924  -8.834 0.5000000000
28893  39.788  -56.870  -10.658 0.5000000000
28920  43.410  -56.728  -13.886 0.6000000238
28925  36.767  -56.129  -13.698 0.6000000238
28930  44.024  -57.357  -15.273 0.6999999881
28931  43.780  -56.739  -14.860 0.6999999881
28937  34.231  -55.926  -15.166 0.4000000060
28943  43.620  -56.984  -15.911 0.6999999881
28944  43.247  -56.861  -16.468 0.6999999881
28946  41.349  -56.911  -15.427 0.6999999881
28948  38.778  -55.743  -15.045 0.6999999881
28958  42.452  -56.526  -16.779 0.6999999881
29627  36.283  -55.868  0.468 0.3000000119
29642  35.646  -55.288  -0.287 0.3000000119
29744  38.625  -55.869  -10.438 0.5000000000
29752  39.712  -55.643  -11.577 0.4000000060
29763  40.771  -55.532  -12.484 0.5000000000
29772  41.903  -55.630  -13.623 0.6000000238
29778  43.689  -56.748  -15.597 0.6000000238
29780  42.269  -55.290  -14.484 0.6000000238
29791  43.303  -55.349  -16.205 0.6999999881
29792  40.857  -55.971  -16.275 0.6999999881
29794  38.128  -55.288  -15.870 0.5000000000
29803  43.452  -55.868  -16.966 0.6999999881
29808  43.103  -55.756  -17.372 0.6999999881
29809  42.193  -55.657  -17.516 0.6999999881
29811  39.954  -55.066  -17.099 0.6000000238
30638  40.802  -54.463  -13.384 0.5000000000
30646  41.113  -54.214  -14.206 0.6000000238
30662  43.621  -54.473  -17.069 0.6000000238
30663  38.555  -54.237  -16.705 0.5000000000
30667  41.773  -54.811  -17.530 0.5000000000
31509  41.641  -53.265  -15.340 0.5000000000
31516  43.471  -54.573  -17.261 0.5000000000
31517  43.546  -53.702  -17.056 0.5000000000
31518  38.115  -53.500  -16.609 0.4000000060
31519  41.725  -53.318  -17.464 0.5000000000
32413  43.503  -52.771  -16.595 0.5000000000
32423  40.814  -52.757  -17.483 0.5000000000
32424  39.777  -52.417  -17.461 0.5000000000
34434  41.026  -50.638  -17.590 0.4000000060
119171  41.475  -66.274  -10.819 0.3000000119
120322  38.653  -67.510  -13.260 0.5000000000
121531  43.496  -69.336  -5.121 0.3000000119
122552  40.569  -66.368  -10.761 0.3000000119
122810  41.290  -72.337  -9.847 0.4000000060
122886  40.721  -74.284  -17.536 0.3000000119
123021  44.988  -65.075  -14.945 0.4000000060
123067  40.177  -53.094  -17.390 0.5000000000
123223  39.086  -65.473  -8.810 0.3000000119
123883  44.677  -59.646  -11.309 0.5000000000
123939  46.685  -70.496  -6.127 0.3000000119
124151  38.281  -68.406  -15.314 0.4000000060
124159  39.042  -51.913  -17.454 0.5000000000
124271  43.127  -57.825  -15.054 0.6999999881
124460  36.352  -61.976  -0.150 0.3000000119
124620  36.063  -60.006  -0.661 0.3000000119
124668  38.525  -62.026  -6.296 0.6000000238
125289  40.485  -55.584  -16.728 0.6999999881
125866  36.655  -71.777  -11.815 0.4000000060
125907  36.339  -70.583  -9.820 0.3000000119
126065  43.333  -72.972  -15.130 0.4000000060
126481  44.957  -71.251  -11.210 0.3000000119
127077  36.403  -55.770  -14.291 0.6000000238
127860  36.355  -70.362  -9.010 0.3000000119
128907  37.268  -65.456  0.758 0.3000000119
129267  38.133  -62.995  -11.817 0.6000000238
131739  39.119  -62.364  -6.436 0.6000000238
132694  42.507  -61.084  -7.617 0.6000000238
132697  40.681  -71.977  -8.416 0.4000000060
133019  36.565  -68.926  -7.482 0.3000000119
133127  46.553  -61.199  -9.216 0.6000000238
133163  38.085  -60.135  -10.074 0.6999999881
133168  39.522  -54.196  -17.040 0.5000000000
133238  36.280  -61.165  -10.659 0.6000000238
133591  42.715  -60.154  -10.851 0.6000000238
133806  40.218  -64.808  0.477 0.3000000119
134133  41.669  -66.561  -14.582 0.4000000060
134308  41.587  -65.188  -9.038 0.4000000060
134427  42.775  -61.014  -9.750 0.6000000238
134545  41.089  -64.555  -7.951 0.4000000060
135613  36.378  -58.893  -5.144 0.4000000060
135701  46.072  -64.053  -8.075 0.6000000238
136059  40.406  -59.664  -7.249 0.5000000000
136319  44.736  -64.848  -15.123 0.4000000060
136366  38.033  -72.692  -11.207 0.4000000060
136664  42.468  -73.575  -16.598 0.3000000119
136976  39.636  -61.993  -6.735 0.6000000238
137107  37.629  -68.198  -11.207 0.3000000119
137139  43.806  -69.748  -6.286 0.3000000119
137379  44.559  -66.196  -13.350 0.4000000060
137530  37.681  -58.282  -11.092 0.6999999881
137567  43.288  -61.060  -7.651 0.6000000238
137842  43.472  -62.356  -7.490 0.6000000238
137921  46.880  -65.006  -9.969 0.6999999881
137933  34.727  -61.630  -2.111 0.4000000060
137937  39.354  -58.991  -6.646 0.5000000000
138321  42.760  -72.370  -13.081 0.4000000060
138711  39.931  -74.075  -15.771 0.3000000119
138935  35.691  -60.888  -10.822 0.5000000000
139774  38.478  -59.021  -6.390 0.5000000000
140258  40.689  -57.412  -13.872 0.6999999881
141108  36.357  -66.672  0.434 0.3000000119
141494  41.549  -58.936  -12.140 0.6000000238
141644  42.628  -54.355  -15.807 0.6000000238
142379  37.564  -68.362  -12.405 0.4000000060
142415  41.988  -60.942  -9.600 0.6000000238
142430  35.694  -62.928  -0.239 0.3000000119
142505  43.271  -72.281  -13.657 0.4000000060
143443  38.826  -68.074  -15.729 0.5000000000
143545  35.081  -62.809  -3.156 0.4000000060
143659  41.700  -63.614  -10.230 0.6999999881
