#!ascii label  , from subject sub-032304 vox2ras=TkReg
1823
32270  29.542  -52.252  -3.894 0.8999999762
129941  29.361  -53.890  -3.718 0.8000000119
31395  29.799  -53.435  -4.500 0.8000000119
30563  30.156  -54.601  -5.107 0.6999999881
30570  30.210  -54.029  -6.726 0.8000000119
31381  28.886  -53.184  -3.209 0.8999999762
32289  29.797  -52.512  -4.669 1.0000000000
33260  30.364  -51.722  -5.553 1.0000000000
32301  30.282  -52.482  -5.615 0.8999999762
31407  30.335  -53.437  -6.016 0.8000000119
31419  30.316  -53.380  -7.021 0.8000000119
32324  30.415  -52.587  -7.371 0.8999999762
30576  30.213  -54.079  -7.449 0.8000000119
31439  30.775  -53.159  -8.519 0.6999999881
31438  31.305  -53.732  -9.152 0.6999999881
32258  27.741  -52.679  -2.537 0.8000000119
32257  28.427  -52.515  -2.821 0.8999999762
33227  28.650  -51.611  -3.106 0.8999999762
130208  27.288  -52.133  -2.497 0.8999999762
131145  25.539  -52.767  -2.948 0.8999999762
33247  29.751  -51.624  -4.290 0.8999999762
33246  30.436  -51.135  -4.944 1.0000000000
130664  30.499  -52.031  -6.877 0.8999999762
34346  30.663  -50.712  -7.361 1.0000000000
33290  30.468  -51.664  -7.646 0.8999999762
32340  30.460  -52.452  -8.148 0.8000000119
31452  31.504  -53.185  -9.852 0.6999999881
34273  29.364  -50.295  -3.455 0.8999999762
33210  27.998  -51.027  -2.655 0.8999999762
33211  27.125  -51.326  -2.472 0.8999999762
33212  26.131  -51.279  -2.524 0.8999999762
32272  25.104  -52.010  -3.076 0.8999999762
33226  29.264  -51.109  -3.622 0.8999999762
34299  29.877  -50.698  -4.176 0.8999999762
121426  30.526  -51.166  -5.883 1.0000000000
33303  30.669  -51.676  -8.470 0.8000000119
32339  30.939  -52.387  -8.791 0.8000000119
130726  31.683  -51.757  -10.052 0.8000000119
32360  32.112  -51.791  -11.028 0.8000000119
32370  31.808  -52.589  -11.242 0.8000000119
131363  31.718  -52.029  -11.674 0.8000000119
34253  27.384  -50.433  -2.429 0.8999999762
33228  24.845  -51.306  -3.396 0.8999999762
33229  24.469  -51.380  -4.028 0.8999999762
35297  28.851  -49.877  -2.759 0.8999999762
35298  25.462  -49.807  -2.987 0.8999999762
35299  24.815  -49.926  -3.601 0.8000000119
33248  24.324  -51.530  -4.845 0.8000000119
35317  30.081  -49.810  -3.941 0.8999999762
35318  24.665  -49.363  -4.328 0.6999999881
34300  24.429  -50.766  -4.510 0.6999999881
34318  24.407  -50.839  -5.568 0.6999999881
140842  30.391  -49.671  -4.511 0.8999999762
120612  24.517  -49.768  -6.061 0.6999999881
128144  24.458  -49.832  -7.005 0.6999999881
35331  30.606  -49.459  -5.141 1.0000000000
35341  24.497  -49.003  -6.847 0.6000000238
34317  30.552  -50.324  -5.564 1.0000000000
35340  30.841  -49.647  -6.128 1.0000000000
34332  30.637  -50.497  -6.471 1.0000000000
34345  30.913  -50.019  -7.993 1.0000000000
34358  30.674  -50.903  -8.169 0.8999999762
35350  30.914  -49.868  -7.039 1.0000000000
35360  31.347  -49.185  -8.347 0.8999999762
34357  31.014  -50.424  -8.564 0.8000000119
122467  31.071  -51.003  -8.831 0.8000000119
141351  31.932  -51.171  -10.503 0.8000000119
35393  32.054  -50.043  -11.552 0.8000000119
34384  31.853  -50.656  -12.025 0.8000000119
35394  31.557  -50.037  -12.519 0.8000000119
35403  31.912  -49.230  -12.240 0.8000000119
127894  30.743  -50.089  -13.080 0.8000000119
34252  28.138  -50.207  -2.544 0.8999999762
34254  26.551  -50.509  -2.447 0.8999999762
35278  28.224  -49.414  -2.358 0.8999999762
35279  26.928  -49.740  -2.306 0.8999999762
35280  26.131  -49.765  -2.489 0.8999999762
35295  30.174  -49.006  -3.559 0.8999999762
123403  24.490  -50.033  -4.962 0.6999999881
127909  30.498  -49.192  -4.262 0.8999999762
36326  24.681  -48.610  -5.009 0.6000000238
36334  24.665  -48.755  -5.986 0.6000000238
125419  30.816  -48.590  -4.793 1.0000000000
36353  24.293  -48.520  -8.004 0.5000000000
36325  31.195  -48.701  -5.743 1.0000000000
37289  24.722  -47.823  -7.517 0.5000000000
126559  31.495  -48.299  -6.440 1.0000000000
35339  31.299  -49.021  -6.724 1.0000000000
136804  31.416  -48.813  -7.280 1.0000000000
35373  31.674  -49.119  -9.215 0.8999999762
33312  31.656  -50.925  -9.649 0.8000000119
37329  32.278  -47.974  -10.262 0.8999999762
130978  32.269  -49.016  -10.189 0.8000000119
35382  32.066  -49.735  -10.623 0.8000000119
124768  32.438  -47.900  -11.147 0.8999999762
36377  32.372  -48.514  -10.919 0.8000000119
37337  32.246  -47.302  -11.788 0.8999999762
36397  31.567  -48.511  -12.881 0.8000000119
36398  30.666  -48.352  -13.305 0.8000000119
38226  29.654  -46.530  -13.353 0.8000000119
36399  29.300  -48.117  -13.401 0.8000000119
36280  25.787  -49.024  -2.665 0.8999999762
35277  28.979  -49.049  -2.634 0.8999999762
36276  29.138  -48.221  -2.531 0.8999999762
37234  25.669  -48.244  -3.100 0.6999999881
36313  24.894  -48.596  -4.227 0.8000000119
36311  30.556  -48.443  -3.975 0.8999999762
36293  29.806  -47.894  -2.801 0.8999999762
37266  24.931  -47.894  -5.689 0.6999999881
37276  25.205  -48.035  -6.897 0.6000000238
37265  25.368  -47.038  -5.388 0.6999999881
37275  25.502  -47.146  -6.451 0.6000000238
37288  25.418  -47.198  -6.983 0.5000000000
36324  31.290  -47.920  -5.114 1.0000000000
38166  25.296  -46.500  -6.897 0.5000000000
38178  24.744  -47.040  -7.352 0.5000000000
119208  31.452  -47.704  -5.929 1.0000000000
125252  31.642  -48.388  -7.070 1.0000000000
37287  31.926  -47.876  -7.589 1.0000000000
37300  31.870  -48.009  -8.218 1.0000000000
36351  32.145  -47.797  -9.396 0.8999999762
37286  32.301  -47.045  -7.456 1.0000000000
38186  32.342  -46.909  -8.425 0.8999999762
37299  32.128  -47.649  -8.692 0.8999999762
124482  32.272  -47.190  -9.999 0.8999999762
38198  32.410  -46.473  -9.778 0.8999999762
37328  32.427  -47.238  -10.871 0.8999999762
39173  31.703  -45.973  -12.490 0.8999999762
37343  31.736  -47.697  -12.700 0.8999999762
39153  32.412  -45.851  -10.333 0.8999999762
39162  32.240  -45.929  -11.764 0.8999999762
38225  30.902  -46.193  -13.187 0.8999999762
128278  31.803  -45.373  -11.997 0.8999999762
36277  28.305  -48.537  -2.262 0.8999999762
36279  26.569  -49.034  -2.330 0.8999999762
132647  26.261  -48.291  -2.503 0.8999999762
130899  26.899  -48.379  -2.133 0.8999999762
37222  25.909  -47.403  -2.761 1.0000000000
137535  25.479  -47.553  -3.445 0.8000000119
121347  29.338  -47.433  -2.362 0.8999999762
37253  25.202  -47.260  -4.199 0.6999999881
36310  30.924  -47.849  -4.391 0.8999999762
37252  30.589  -47.675  -3.692 0.8999999762
38141  25.533  -46.367  -4.665 0.6999999881
134078  26.170  -46.186  -5.836 0.6999999881
38165  25.675  -46.414  -6.546 0.5000000000
37264  31.638  -47.169  -5.258 1.0000000000
39110  25.090  -45.954  -6.730 0.5000000000
38167  24.384  -46.519  -7.077 0.5000000000
38164  31.707  -46.925  -6.099 1.0000000000
38151  32.274  -46.225  -6.269 1.0000000000
38163  32.226  -46.819  -6.720 1.0000000000
38177  32.483  -46.245  -7.922 1.0000000000
39120  32.668  -45.456  -7.638 1.0000000000
39108  32.557  -45.371  -6.677 1.0000000000
39128  32.621  -45.636  -8.557 0.8999999762
39142  32.494  -45.734  -9.473 0.8999999762
40150  32.163  -45.075  -10.025 0.8999999762
40184  31.420  -44.291  -14.595 0.6999999881
42142  30.871  -42.746  -14.354 0.8000000119
41186  30.566  -43.581  -14.461 0.8000000119
42143  29.857  -42.893  -14.305 0.8000000119
37219  30.020  -47.145  -2.636 0.8999999762
37220  28.879  -46.861  -1.867 1.0000000000
37202  28.069  -46.973  -1.806 1.0000000000
142314  26.738  -46.538  -2.018 1.0000000000
38111  25.848  -46.539  -2.729 0.6999999881
38126  25.504  -46.663  -3.465 0.6999999881
37251  31.177  -47.142  -3.986 0.8999999762
136198  30.742  -46.895  -3.147 0.8999999762
39109  25.788  -45.996  -6.546 0.6000000238
38152  32.060  -46.382  -5.405 1.0000000000
38140  31.686  -46.593  -4.564 0.8999999762
122412  31.356  -46.362  -3.709 0.8999999762
39111  23.703  -46.013  -6.553 0.4000000060
39096  32.389  -45.611  -5.729 1.0000000000
40113  32.775  -44.754  -7.353 1.0000000000
123206  32.397  -44.287  -8.860 1.0000000000
121768  32.367  -43.805  -8.346 1.0000000000
42136  28.317  -42.845  -12.803 0.8999999762
41183  33.490  -43.522  -14.453 0.6000000238
41184  32.464  -43.147  -14.336 0.6000000238
141109  31.724  -42.677  -14.306 0.8000000119
41187  29.447  -43.739  -14.155 0.8999999762
141505  27.760  -44.479  -13.298 0.8999999762
38125  30.969  -45.908  -3.010 0.8999999762
38108  30.151  -46.211  -2.418 0.8999999762
39057  25.750  -45.867  -2.971 0.8000000119
39072  25.707  -45.688  -3.965 0.6999999881
39086  26.704  -44.963  -4.857 0.6999999881
131513  27.025  -44.999  -6.128 0.6000000238
40096  23.592  -44.861  -5.311 0.4000000060
39085  32.189  -45.683  -4.811 1.0000000000
135364  31.700  -45.896  -4.201 0.8999999762
40092  32.520  -44.973  -5.284 1.0000000000
135392  32.589  -44.945  -6.051 1.0000000000
40104  32.799  -44.465  -6.663 1.0000000000
41106  32.717  -43.945  -7.452 1.0000000000
120935  32.296  -43.152  -7.946 1.0000000000
42092  32.068  -42.426  -8.396 1.0000000000
131027  28.615  -43.063  -12.242 0.8999999762
42953  28.029  -41.769  -12.603 0.8999999762
42125  28.382  -42.580  -12.540 0.8999999762
42135  28.207  -42.117  -13.257 0.8999999762
42966  35.063  -41.394  -13.544 0.6000000238
139718  34.186  -42.767  -13.828 0.6000000238
42134  33.149  -42.553  -13.900 0.6000000238
42980  32.256  -42.209  -14.134 0.8000000119
130887  31.252  -41.881  -14.255 0.8000000119
127796  29.225  -42.307  -13.838 0.8999999762
38109  29.314  -46.141  -1.783 0.8999999762
38088  27.698  -46.403  -1.641 0.8999999762
39055  27.313  -45.223  -1.805 0.6999999881
39033  29.022  -45.393  -1.512 0.8999999762
131048  28.144  -45.255  -1.501 0.8999999762
39071  26.266  -45.091  -3.503 0.6000000238
39054  31.178  -45.016  -3.060 1.0000000000
39031  30.534  -45.250  -2.384 1.0000000000
40063  26.577  -44.330  -4.319 0.6000000238
40079  26.771  -44.467  -5.430 0.6000000238
41085  26.520  -43.942  -5.397 0.5000000000
40077  32.263  -44.722  -4.509 1.0000000000
140578  31.821  -45.302  -4.206 1.0000000000
40061  32.154  -44.049  -3.815 1.0000000000
137680  32.605  -44.329  -5.093 1.0000000000
41084  32.774  -43.665  -5.429 1.0000000000
41094  32.840  -43.546  -6.460 1.0000000000
42081  32.582  -43.118  -7.228 1.0000000000
42929  32.303  -41.726  -8.129 1.0000000000
42930  31.742  -41.752  -8.736 1.0000000000
42099  31.556  -42.419  -9.179 1.0000000000
42939  31.243  -41.819  -9.448 1.0000000000
42107  31.174  -42.714  -10.018 1.0000000000
42108  30.360  -42.245  -10.431 1.0000000000
133250  30.024  -41.621  -10.719 0.8999999762
42119  28.606  -42.401  -12.040 0.8999999762
127586  27.935  -42.057  -12.877 0.8999999762
42983  28.920  -41.375  -13.796 0.8999999762
43778  36.336  -40.600  -13.620 0.6000000238
43779  35.532  -40.510  -13.499 0.6000000238
42967  34.107  -41.232  -13.517 0.6000000238
129799  33.720  -41.955  -13.680 0.6000000238
42969  31.984  -41.335  -13.905 0.8000000119
42982  30.303  -41.163  -13.986 0.8000000119
40035  30.260  -44.579  -1.789 0.8999999762
141340  26.525  -44.589  -3.120 0.6000000238
133179  26.630  -43.750  -3.466 0.6000000238
40052  30.940  -44.422  -2.384 0.8999999762
130886  26.695  -43.721  -4.795 0.6000000238
41073  26.627  -43.596  -4.972 0.5000000000
40078  31.690  -44.805  -3.759 1.0000000000
41072  32.544  -43.844  -4.583 1.0000000000
41057  32.482  -43.203  -3.949 0.8999999762
121957  32.929  -42.853  -5.797 1.0000000000
42065  32.699  -42.490  -6.721 1.0000000000
42918  32.564  -41.689  -7.370 1.0000000000
126455  32.392  -40.997  -7.862 1.0000000000
43742  32.520  -40.496  -8.328 1.0000000000
139125  32.139  -41.109  -8.558 1.0000000000
43752  31.767  -41.106  -9.952 1.0000000000
42946  30.948  -41.362  -10.267 1.0000000000
43766  28.785  -40.550  -12.201 0.8999999762
42948  28.543  -41.769  -11.984 0.8999999762
126176  27.646  -41.194  -12.822 0.8999999762
43784  27.595  -39.929  -13.702 0.8999999762
43780  34.693  -40.523  -13.479 0.6000000238
123819  33.967  -40.481  -13.510 0.6000000238
44694  32.813  -39.410  -13.847 0.6999999881
43783  31.772  -40.411  -13.828 0.6999999881
42981  31.204  -41.012  -14.070 0.6999999881
139232  29.453  -40.667  -14.055 0.8000000119
43791  29.182  -39.960  -14.358 0.8999999762
44692  36.768  -40.048  -13.993 0.6000000238
45684  31.180  -38.792  -14.514 0.6999999881
43790  30.564  -40.326  -14.274 0.8000000119
40053  26.912  -44.420  -2.367 0.6999999881
41059  26.704  -42.982  -3.706 0.6000000238
41043  30.688  -43.774  -1.825 0.8999999762
41044  29.953  -43.898  -1.522 0.8000000119
132398  28.331  -43.859  -1.509 0.6999999881
41058  31.972  -43.421  -3.143 0.8999999762
41042  31.374  -43.617  -2.390 0.8000000119
42022  32.314  -42.560  -3.262 0.8000000119
42886  32.873  -41.420  -4.945 0.8999999762
123748  32.668  -42.204  -4.255 0.8000000119
42898  32.986  -41.476  -5.812 1.0000000000
137982  33.116  -42.151  -6.042 1.0000000000
42906  32.819  -41.581  -6.581 1.0000000000
137166  32.674  -40.512  -7.676 1.0000000000
44642  32.852  -39.930  -8.780 1.0000000000
44649  32.860  -39.886  -9.833 1.0000000000
43755  32.306  -40.447  -10.474 1.0000000000
43756  31.500  -40.747  -10.808 1.0000000000
43764  31.115  -40.398  -11.762 1.0000000000
43765  30.004  -40.534  -12.004 0.8999999762
44667  28.105  -39.920  -12.890 0.8999999762
120383  27.815  -40.746  -12.688 0.8999999762
44683  27.392  -39.026  -13.858 0.8999999762
44679  34.255  -39.814  -13.546 0.6000000238
44695  32.145  -38.950  -14.315 0.6999999881
121803  28.080  -38.879  -14.316 0.8999999762
45679  36.594  -38.679  -14.768 0.6000000238
44693  35.888  -38.923  -14.253 0.6000000238
45683  31.813  -38.180  -14.478 0.6999999881
45685  30.163  -38.405  -14.604 0.6999999881
40038  27.653  -44.273  -1.664 0.6999999881
41045  27.099  -43.335  -2.470 0.6000000238
42011  31.092  -42.953  -1.839 0.8000000119
41031  30.314  -43.093  -1.484 0.8000000119
42002  28.819  -42.440  -1.338 0.6999999881
41034  27.775  -43.298  -1.724 0.6999999881
42009  32.101  -41.935  -2.584 0.6999999881
124216  32.681  -41.349  -4.196 0.6999999881
43691  32.957  -40.658  -4.618 0.6999999881
43714  32.876  -39.880  -6.117 0.8000000119
43715  32.863  -40.746  -6.390 0.8000000119
44613  33.345  -39.589  -7.103 0.8000000119
44614  32.940  -40.279  -7.090 0.8999999762
44641  33.440  -39.499  -8.241 0.8999999762
44656  32.857  -39.775  -11.127 1.0000000000
44664  31.444  -39.727  -12.190 1.0000000000
44663  32.231  -39.587  -11.896 1.0000000000
44665  30.532  -39.897  -12.314 1.0000000000
138876  30.033  -39.364  -12.512 1.0000000000
44666  29.297  -39.744  -12.483 0.8999999762
45661  28.252  -39.044  -13.023 0.8999999762
123513  27.707  -39.238  -13.387 0.8999999762
140953  27.068  -37.695  -14.005 0.8999999762
135253  35.312  -39.165  -13.696 0.6000000238
45672  34.611  -39.074  -13.658 0.6000000238
45673  33.670  -39.167  -13.755 0.6000000238
45682  33.063  -38.640  -14.202 0.6999999881
118983  27.353  -38.927  -14.025 0.8999999762
45686  28.890  -38.362  -14.536 0.8999999762
47637  31.836  -36.884  -14.815 0.6999999881
122126  31.073  -38.063  -14.567 0.6999999881
46637  29.674  -37.719  -14.675 0.8999999762
46647  29.300  -37.241  -14.625 0.8999999762
42000  30.632  -42.193  -1.402 0.6999999881
42001  29.747  -42.450  -1.172 0.6000000238
42847  28.421  -41.596  -1.570 0.6000000238
121175  27.519  -41.981  -2.668 0.6000000238
42856  32.371  -41.079  -2.783 0.6999999881
42845  30.503  -41.321  -1.131 0.6000000238
44585  33.317  -39.852  -4.657 0.6999999881
44598  33.489  -39.587  -5.387 0.6999999881
45622  34.577  -38.405  -7.276 0.8000000119
45635  34.012  -38.950  -8.754 0.8000000119
45643  34.078  -38.931  -9.780 0.8000000119
44655  33.520  -39.360  -10.369 1.0000000000
45651  33.996  -38.744  -10.724 0.8000000119
45657  32.686  -39.002  -12.030 1.0000000000
45658  31.729  -38.895  -12.482 1.0000000000
45659  30.630  -38.983  -12.605 1.0000000000
46609  32.157  -37.962  -12.453 1.0000000000
46610  31.019  -38.069  -12.826 1.0000000000
46617  30.136  -37.253  -12.907 1.0000000000
47623  29.170  -36.450  -12.821 1.0000000000
46618  28.778  -37.320  -12.971 1.0000000000
46619  27.477  -37.451  -13.647 0.8999999762
45681  33.976  -38.403  -14.113 0.6000000238
45674  27.295  -38.024  -13.911 0.8999999762
123786  35.863  -38.152  -14.699 0.6000000238
46632  34.384  -37.760  -14.620 0.6000000238
46633  33.324  -37.829  -14.577 0.6999999881
46638  27.380  -37.534  -14.131 0.8999999762
135993  33.065  -37.191  -14.858 0.6999999881
47638  30.988  -36.884  -14.651 0.6999999881
46646  30.137  -37.056  -14.750 0.8999999762
120909  28.839  -40.916  -1.140 0.5000000000
138984  31.143  -41.558  -1.507 0.6000000238
43652  30.325  -40.438  -1.117 0.5000000000
43675  32.637  -40.270  -2.990 0.6999999881
43663  32.140  -40.404  -2.266 0.6999999881
44586  32.848  -40.043  -3.905 0.6999999881
122512  33.710  -39.180  -4.772 0.6999999881
45608  34.596  -38.223  -6.231 0.6999999881
45634  34.462  -38.391  -8.237 0.8000000119
46591  34.901  -37.952  -8.652 0.8000000119
138151  35.050  -37.711  -9.501 0.8000000119
45650  34.502  -38.278  -10.160 0.8000000119
46599  34.830  -37.556  -10.576 0.8000000119
46600  34.338  -38.098  -11.171 0.8000000119
46607  33.677  -37.646  -11.935 0.8999999762
46608  33.166  -38.326  -12.027 1.0000000000
46606  34.461  -37.239  -11.508 0.8000000119
47608  33.131  -36.947  -12.481 0.8999999762
132723  32.922  -37.617  -12.377 1.0000000000
47621  31.409  -36.331  -12.771 1.0000000000
47622  30.367  -36.399  -12.802 1.0000000000
48553  28.411  -35.610  -12.954 1.0000000000
47624  27.947  -36.571  -13.499 0.8999999762
136653  27.089  -37.031  -13.794 0.8999999762
47630  27.459  -36.872  -13.687 0.8999999762
48557  27.802  -35.499  -13.658 0.8999999762
140464  28.114  -35.507  -14.142 0.8999999762
46631  35.224  -37.777  -14.740 0.6000000238
46645  33.902  -37.066  -15.056 0.6000000238
47646  32.362  -36.311  -15.039 0.6999999881
47648  30.547  -36.219  -14.789 0.8000000119
130304  29.719  -35.747  -14.679 0.8999999762
129240  35.400  -36.884  -15.741 0.6000000238
48567  33.086  -35.632  -15.187 0.6999999881
47647  31.479  -36.219  -14.905 0.6999999881
49466  30.069  -34.783  -14.684 0.8000000119
125297  28.717  -35.137  -14.398 0.8999999762
48569  31.209  -35.513  -15.007 0.6999999881
49467  29.093  -34.239  -14.622 0.8999999762
43665  31.157  -40.865  -1.330 0.5000000000
44550  29.832  -39.907  -1.221 0.5000000000
44558  32.446  -39.511  -2.443 0.6999999881
44549  31.312  -39.274  -1.365 0.5000000000
44573  32.808  -39.576  -3.282 0.6999999881
139896  34.019  -38.586  -4.780 0.6999999881
44572  33.263  -39.236  -3.916 0.6999999881
45578  34.338  -38.099  -5.202 0.6999999881
46578  35.431  -37.195  -7.461 0.6999999881
46579  35.017  -37.879  -7.854 0.6999999881
136698  35.608  -37.132  -9.326 0.8000000119
47592  35.407  -37.070  -10.115 0.8000000119
47606  34.651  -36.306  -11.790 0.8000000119
47607  33.932  -36.783  -12.236 0.8000000119
48550  32.708  -35.466  -12.936 0.8999999762
47620  32.427  -36.239  -12.695 1.0000000000
48551  30.677  -35.715  -12.953 1.0000000000
48552  29.521  -35.701  -12.782 1.0000000000
48549  33.677  -35.465  -12.720 0.8000000119
132898  31.650  -35.518  -13.129 0.8999999762
131089  30.149  -34.998  -13.118 1.0000000000
140418  30.936  -35.258  -13.196 0.8999999762
49442  28.358  -34.169  -13.186 1.0000000000
123209  27.959  -34.848  -13.152 1.0000000000
143098  27.439  -34.611  -13.678 1.0000000000
49456  26.897  -34.321  -13.986 0.8999999762
47635  33.144  -36.577  -15.065 0.6999999881
49451  26.868  -34.041  -13.959 0.8999999762
47645  34.739  -36.454  -15.559 0.6000000238
121701  33.883  -36.128  -15.350 0.6000000238
50369  28.292  -33.686  -14.541 0.8999999762
49463  33.474  -34.800  -15.421 0.6999999881
48568  32.058  -35.551  -15.142 0.6999999881
49464  31.681  -34.805  -15.170 0.6999999881
129674  30.706  -34.132  -14.982 0.6999999881
128253  29.985  -33.996  -14.737 0.8000000119
129199  31.291  -34.229  -15.169 0.6999999881
51314  28.600  -32.718  -14.593 0.8000000119
52303  27.398  -32.203  -14.234 0.8999999762
50367  30.331  -33.401  -14.849 0.6999999881
43664  31.624  -40.479  -1.684 0.6000000238
45550  32.022  -39.027  -1.710 0.5000000000
45563  33.534  -38.340  -3.420 0.6999999881
45564  32.885  -38.890  -3.052 0.5000000000
46538  34.752  -37.531  -5.576 0.6999999881
46560  35.392  -37.069  -6.554 0.6999999881
46537  35.255  -37.011  -5.755 0.6999999881
47573  35.834  -36.640  -7.918 0.6999999881
46590  35.446  -37.355  -8.519 0.6999999881
47590  36.306  -36.050  -9.094 0.6999999881
47584  35.969  -36.696  -8.810 0.6999999881
47591  35.835  -36.521  -9.617 0.8000000119
47605  35.465  -36.063  -11.286 0.8000000119
48535  35.959  -35.564  -10.734 0.8000000119
48542  35.069  -35.633  -11.751 0.8000000119
49438  34.091  -34.754  -12.899 0.8000000119
49431  35.489  -34.609  -11.962 0.8000000119
50342  34.593  -33.983  -13.121 0.8000000119
49439  33.143  -34.758  -13.154 0.8000000119
124888  31.579  -33.878  -13.406 0.8999999762
123714  30.560  -34.138  -13.327 0.8999999762
123923  29.476  -34.213  -13.229 1.0000000000
138091  34.133  -33.384  -13.501 0.8000000119
129997  33.225  -33.303  -13.617 0.8000000119
50345  27.799  -33.369  -13.332 1.0000000000
50344  28.998  -33.278  -13.055 1.0000000000
48566  34.525  -35.569  -15.557 0.6000000238
49444  27.175  -33.493  -13.753 1.0000000000
50364  33.068  -34.059  -15.431 0.6999999881
50365  32.087  -33.911  -15.267 0.6999999881
51300  27.108  -32.780  -14.026 0.8999999762
51294  26.899  -32.424  -13.922 1.0000000000
129166  31.922  -32.952  -15.517 0.6999999881
133066  31.302  -32.637  -15.396 0.8000000119
129173  29.810  -32.738  -14.764 0.8000000119
125180  35.677  -36.454  -6.021 0.6999999881
48492  36.096  -35.967  -6.263 0.6999999881
47555  35.938  -36.496  -6.922 0.6999999881
47554  36.299  -36.151  -7.493 0.6999999881
48520  36.585  -35.355  -8.553 0.6999999881
127989  36.760  -34.907  -9.145 0.6999999881
48528  36.132  -35.801  -9.897 0.6999999881
132211  36.517  -34.868  -10.040 0.6999999881
48540  36.230  -34.945  -11.000 0.8000000119
48541  35.682  -35.243  -11.483 0.8000000119
132626  35.177  -33.343  -12.973 0.8000000119
50340  35.869  -33.293  -12.119 0.8000000119
141114  34.668  -33.383  -13.298 0.8000000119
127484  32.233  -33.162  -13.572 0.8999999762
133990  30.764  -33.421  -13.395 0.8999999762
51282  32.799  -32.454  -13.705 0.8000000119
120373  31.279  -32.918  -13.501 0.8999999762
140595  30.008  -33.568  -13.295 0.8999999762
49462  34.293  -34.819  -15.573 0.6000000238
129451  30.955  -32.074  -13.496 0.8999999762
140265  29.915  -31.850  -13.308 0.8999999762
51286  28.111  -32.559  -13.312 1.0000000000
49478  34.626  -34.146  -15.873 0.6000000238
52272  27.440  -31.878  -13.674 0.8999999762
51310  32.580  -32.378  -15.631 0.6999999881
52281  26.943  -31.799  -13.889 0.8999999762
51312  30.193  -32.176  -14.896 0.8000000119
51313  29.265  -31.978  -14.866 0.8999999762
119647  27.772  -30.715  -14.328 0.8000000119
48491  36.439  -35.765  -6.847 0.6999999881
48510  36.564  -35.545  -7.618 0.6999999881
49419  37.105  -34.177  -9.177 0.6999999881
49425  36.507  -34.256  -10.849 0.6999999881
50320  36.980  -33.877  -10.128 0.6999999881
129368  36.558  -33.036  -11.431 0.6999999881
51281  33.742  -32.587  -13.604 0.8000000119
52268  32.455  -31.583  -13.764 0.8000000119
52267  33.333  -31.739  -13.698 0.8000000119
51285  29.149  -32.443  -13.144 0.8999999762
142444  33.497  -33.485  -15.600 0.6000000238
52269  31.586  -31.397  -13.652 0.8000000119
53261  31.247  -30.604  -13.692 0.8999999762
133412  29.606  -30.989  -13.490 0.8999999762
52271  28.539  -31.595  -13.477 0.8999999762
50363  34.218  -33.334  -15.860 0.6000000238
135529  32.774  -33.221  -15.495 0.6999999881
53264  28.415  -30.532  -13.716 0.8999999762
51311  31.766  -32.144  -15.560 0.6999999881
53282  27.719  -30.311  -13.905 0.8000000119
122375  30.634  -31.122  -15.489 0.6999999881
52301  28.807  -31.097  -14.941 0.8000000119
49397  37.048  -34.043  -8.136 0.6999999881
50319  37.400  -33.344  -9.538 0.6999999881
128521  37.544  -32.723  -9.813 0.6999999881
51293  34.251  -31.891  -13.557 0.8000000119
52280  33.877  -31.150  -13.840 0.8000000119
53272  33.613  -30.396  -14.065 0.8000000119
53260  32.124  -30.798  -13.877 0.8000000119
52270  30.657  -31.215  -13.488 0.8999999762
53262  30.273  -30.262  -13.569 0.8999999762
51309  33.485  -32.661  -15.725 0.6000000238
53263  29.306  -30.266  -13.619 0.8999999762
52297  33.164  -31.781  -15.868 0.6999999881
52298  32.359  -31.570  -15.662 0.6999999881
54153  28.534  -29.764  -13.732 0.8999999762
53291  31.322  -30.610  -15.553 0.6999999881
134129  29.955  -29.769  -15.351 0.8000000119
54175  28.182  -29.407  -14.080 0.8000000119
54183  31.018  -29.875  -15.468 0.6999999881
129459  28.745  -29.655  -15.078 0.8000000119
53293  27.978  -29.759  -14.496 0.8000000119
54204  30.502  -29.048  -15.559 0.8000000119
50311  37.382  -33.345  -8.613 0.6999999881
51262  37.525  -32.657  -9.061 0.6000000238
51324  33.967  -31.945  -16.059 0.6000000238
53274  31.746  -29.964  -14.190 0.8000000119
54151  30.073  -29.299  -13.722 0.8999999762
54152  29.311  -29.529  -13.660 0.8999999762
52316  33.710  -31.177  -16.114 0.6000000238
55041  29.100  -28.535  -13.663 0.8999999762
53290  32.148  -30.778  -15.639 0.8000000119
54166  28.491  -28.982  -13.876 0.8999999762
54185  28.438  -28.857  -14.575 0.8000000119
55094  31.440  -28.677  -15.653 0.6999999881
55096  29.719  -27.994  -15.372 0.8000000119
56036  29.374  -27.491  -14.969 0.8000000119
53308  33.493  -30.364  -15.993 0.6999999881
54164  31.030  -29.072  -14.162 0.8000000119
125054  33.619  -28.936  -15.962 0.5000000000
53309  32.696  -30.152  -15.765 0.6000000238
129319  32.850  -28.926  -15.897 0.6000000238
54202  32.317  -29.259  -15.790 0.6999999881
56011  29.328  -27.631  -14.270 0.8000000119
55093  32.185  -28.469  -15.682 0.6000000238
56053  32.155  -27.781  -15.638 0.6000000238
56055  30.591  -27.379  -15.637 0.6999999881
126355  29.753  -26.836  -15.182 0.8000000119
55059  28.771  -27.955  -14.265 0.8000000119
124518  31.569  -27.050  -15.718 0.6000000238
55051  30.501  -28.138  -14.137 0.8000000119
56010  30.272  -27.455  -14.328 0.8000000119
55052  29.302  -27.982  -13.801 0.8999999762
55072  34.054  -28.105  -15.713 0.6000000238
143601  29.551  -26.900  -15.006 0.8000000119
56019  29.587  -27.177  -14.755 0.8000000119
56988  29.863  -26.219  -14.744 0.8000000119
125471  30.509  -26.480  -15.510 0.6000000238
129258  31.337  -27.030  -14.310 0.8000000119
56987  30.696  -26.451  -14.469 0.8000000119
56035  33.496  -27.281  -15.659 0.6000000238
56052  32.576  -27.204  -15.703 0.6000000238
57897  29.263  -25.639  -15.013 0.8000000119
57031  32.258  -26.519  -15.929 0.6000000238
57937  29.701  -25.158  -15.254 0.6999999881
57896  30.102  -25.603  -14.669 0.8000000119
58777  31.910  -24.447  -16.331 0.6000000238
58778  30.663  -24.023  -16.017 0.6000000238
59646  30.411  -23.607  -15.914 0.6999999881
57921  33.361  -25.814  -16.103 0.6000000238
121576  32.744  -25.108  -16.168 0.6000000238
57894  32.250  -25.678  -14.134 0.8000000119
57895  31.194  -25.513  -14.373 0.8000000119
57013  34.811  -26.463  -15.726 0.6000000238
59618  30.524  -23.926  -15.194 0.8000000119
58744  30.326  -24.891  -14.618 0.8000000119
57919  35.132  -25.666  -15.738 0.6000000238
57014  33.889  -26.501  -15.769 0.6000000238
59632  30.446  -23.726  -15.672 0.6000000238
58760  36.220  -24.561  -15.722 0.5000000000
58762  34.569  -24.950  -15.847 0.6000000238
57934  33.678  -25.049  -16.104 0.6000000238
121813  31.602  -23.609  -16.517 0.6000000238
58774  34.857  -24.166  -15.968 0.6000000238
58776  32.939  -24.254  -16.381 0.6000000238
59644  32.740  -23.338  -16.694 0.6000000238
59656  31.648  -22.696  -16.613 0.6000000238
58742  32.198  -24.763  -14.322 0.8000000119
58743  31.220  -24.762  -14.414 0.8000000119
58741  33.182  -24.462  -14.366 0.8000000119
139958  32.972  -23.046  -14.674 0.6999999881
59624  31.816  -23.101  -15.094 0.6999999881
59630  35.671  -24.003  -15.817 0.6000000238
59631  30.328  -22.839  -16.083 0.6000000238
60513  30.416  -22.250  -15.904 0.6000000238
59625  30.632  -23.084  -15.525 0.6999999881
140246  35.108  -23.432  -16.284 0.5000000000
60540  30.857  -21.884  -16.274 0.6000000238
139477  34.534  -22.966  -16.627 0.5000000000
60525  33.653  -22.973  -16.791 0.6000000238
60526  32.645  -22.525  -16.931 0.6000000238
60523  35.297  -22.585  -16.595 0.5000000000
60502  33.960  -22.949  -14.409 0.6999999881
60509  32.275  -22.327  -15.223 0.6000000238
60510  31.043  -22.261  -15.550 0.6000000238
61450  30.948  -21.032  -16.418 0.6000000238
136472  31.470  -21.678  -15.599 0.6000000238
61460  34.980  -21.885  -17.020 0.5000000000
140734  33.232  -22.266  -17.170 0.6000000238
60538  32.271  -21.727  -17.205 0.6000000238
60539  31.777  -21.980  -16.741 0.6000000238
61462  30.841  -21.322  -16.218 0.6000000238
61446  31.470  -21.172  -15.781 0.6000000238
61475  34.244  -21.460  -17.451 0.6000000238
60537  33.139  -21.602  -17.454 0.6000000238
61459  35.883  -21.850  -16.808 0.5000000000
61474  35.293  -21.318  -17.393 0.5000000000
62398  35.773  -20.536  -17.670 0.4000000060
63342  35.017  -19.992  -18.083 0.5000000000
60508  33.404  -22.343  -14.917 0.6000000238
61445  32.688  -21.584  -15.365 0.6000000238
61476  31.751  -20.855  -17.426 0.6000000238
61461  30.971  -20.765  -16.822 0.6000000238
62377  32.571  -20.936  -15.526 0.6000000238
62400  33.092  -20.683  -17.741 0.6000000238
62401  31.595  -20.160  -17.523 0.6000000238
62399  34.564  -20.728  -17.802 0.5000000000
63343  33.767  -20.012  -18.142 0.6000000238
63341  35.994  -19.894  -18.150 0.4000000060
62387  30.999  -20.132  -17.069 0.6000000238
62382  32.059  -20.546  -16.237 0.5000000000
63319  33.889  -20.156  -15.152 0.5000000000
129616  33.591  -20.921  -15.167 0.5000000000
126251  30.999  -20.285  -17.130 0.6000000238
63328  31.774  -19.705  -16.725 0.5000000000
62410  32.359  -19.651  -17.858 0.6000000238
63356  32.921  -19.260  -18.450 0.5000000000
64307  33.671  -18.607  -18.725 0.4000000060
62376  34.425  -20.551  -14.895 0.4000000060
63344  31.628  -19.033  -17.439 0.6000000238
64289  31.577  -18.263  -17.362 0.5000000000
137974  32.406  -18.580  -18.539 0.4000000060
63357  31.648  -18.781  -18.055 0.6000000238
64295  31.176  -18.167  -17.625 0.6000000238
64288  32.887  -18.498  -16.903 0.4000000060
64314  32.702  -17.914  -18.853 0.4000000060
64315  31.716  -17.608  -18.542 0.4000000060
127937  33.549  -17.890  -17.326 0.4000000060
123251  31.058  -17.668  -17.872 0.4000000060
136460  31.902  -17.898  -17.321 0.4000000060
128329  34.386  -17.770  -19.082 0.4000000060
127145  31.630  -17.219  -18.096 0.4000000060
64279  35.535  -18.689  -15.406 0.4000000060
64280  34.747  -18.826  -15.828 0.4000000060
118742  31.743  -16.654  -18.990 0.4000000060
65266  31.681  -17.090  -18.416 0.4000000060
66300  32.032  -16.420  -18.221 0.4000000060
65256  32.279  -17.226  -17.715 0.4000000060
65242  35.413  -18.171  -16.295 0.4000000060
65249  35.661  -17.250  -16.669 0.4000000060
64287  34.352  -18.451  -16.758 0.4000000060
134661  31.873  -15.558  -18.427 0.3000000119
66290  33.967  -17.097  -17.619 0.4000000060
65241  36.238  -17.592  -16.054 0.4000000060
66289  35.106  -16.808  -17.340 0.4000000060
140791  27.823  -44.642  -13.697 0.8999999762
119314  27.843  -44.594  -12.868 0.8999999762
125873  27.776  -45.288  -13.588 0.8999999762
39180  28.039  -45.387  -13.244 0.8999999762
124836  32.472  -44.933  -9.107 0.8999999762
41135  32.197  -43.759  -9.051 1.0000000000
41121  32.046  -43.140  -8.744 1.0000000000
39163  30.989  -45.142  -12.658 0.8999999762
39154  32.190  -45.292  -11.137 0.8999999762
40151  31.800  -44.305  -10.660 0.8999999762
41136  31.771  -43.367  -9.585 1.0000000000
39164  29.761  -44.581  -12.725 0.8999999762
40158  31.527  -44.583  -11.774 0.8999999762
40159  30.562  -44.049  -12.289 0.8999999762
141499  31.761  -43.861  -10.065 1.0000000000
39165  28.408  -44.400  -12.611 0.8999999762
42117  29.796  -42.701  -10.987 0.8999999762
63327  33.149  -19.920  -16.060 0.4000000060
63326  34.295  -19.496  -15.521 0.4000000060
63318  34.949  -19.877  -14.956 0.4000000060
128735  29.298  -51.783  -3.634 0.8999999762
131738  30.511  -51.911  -6.177 1.0000000000
130672  31.270  -52.986  -9.123 0.8000000119
130210  26.557  -52.038  -2.487 0.8999999762
34298  30.342  -50.186  -4.706 1.0000000000
33302  31.257  -51.698  -9.189 0.8000000119
36292  30.183  -48.216  -3.351 0.8999999762
36352  31.764  -48.379  -8.749 0.8999999762
34367  31.666  -49.908  -9.720 0.8000000119
35404  30.947  -49.272  -13.117 0.8000000119
37274  31.894  -47.608  -6.743 1.0000000000
36390  32.225  -48.339  -11.837 0.8999999762
141651  31.209  -47.990  -13.255 0.8000000119
123744  28.564  -45.945  -13.276 0.8000000119
128572  32.527  -46.367  -9.011 0.8999999762
37221  27.562  -47.875  -2.027 0.8999999762
37203  26.676  -47.639  -2.168 1.0000000000
39098  26.248  -45.587  -6.145 0.6000000238
39100  24.353  -45.467  -6.032 0.4000000060
39099  25.945  -45.448  -6.210 0.4000000060
40125  32.691  -44.678  -8.197 1.0000000000
40140  32.129  -44.224  -9.625 0.8999999762
39194  29.676  -45.300  -14.789 0.6999999881
130587  30.108  -42.038  -14.070 0.8000000119
39032  29.812  -45.384  -1.823 0.8999999762
40167  27.782  -44.065  -12.691 0.8999999762
123580  32.769  -43.850  -14.592 0.6000000238
42144  28.994  -43.036  -13.623 0.8999999762
39056  26.544  -45.362  -2.466 0.6999999881
40095  24.868  -44.806  -5.533 0.4000000060
40160  29.322  -43.825  -12.429 0.8999999762
42970  27.787  -40.932  -13.455 0.8999999762
43792  28.243  -40.415  -14.037 0.8999999762
43781  33.286  -40.834  -13.402 0.6999999881
44681  32.644  -40.193  -13.563 0.6999999881
40037  28.652  -44.573  -1.472 0.8000000119
42938  31.761  -41.321  -9.082 1.0000000000
41152  31.093  -43.685  -11.392 0.8999999762
43758  29.414  -41.039  -11.416 0.8999999762
42110  28.953  -42.258  -11.513 0.8999999762
41153  29.745  -43.199  -11.498 0.8999999762
121257  27.612  -40.745  -13.172 0.8999999762
121606  32.806  -43.015  -4.858 1.0000000000
44674  27.701  -40.001  -13.384 0.8999999762
42870  32.484  -41.675  -3.423 0.6999999881
43690  33.212  -40.174  -5.220 0.8000000119
43705  32.936  -40.683  -5.524 0.8999999762
46634  32.369  -37.521  -14.627 0.6999999881
45693  28.492  -37.709  -14.511 0.8999999762
46636  30.564  -37.570  -14.638 0.8000000119
42003  27.993  -42.384  -1.817 0.6000000238
42858  31.455  -42.121  -1.935 0.8000000119
42846  29.225  -41.708  -1.045 0.6000000238
131116  32.662  -40.838  -3.671 0.6999999881
45609  34.131  -39.000  -6.661 0.6999999881
45652  33.423  -39.017  -11.334 1.0000000000
45660  29.395  -38.891  -12.729 1.0000000000
48571  28.511  -36.117  -14.265 0.8999999762
134074  29.666  -41.098  -0.907 0.6000000238
42848  27.811  -41.428  -2.225 0.5000000000
45591  34.060  -38.944  -5.596 0.6999999881
43653  29.392  -40.309  -1.214 0.5000000000
46561  34.991  -37.716  -6.950 0.6999999881
49450  27.337  -34.752  -13.915 0.8999999762
45538  32.039  -38.257  -1.682 0.5000000000
46527  34.107  -37.973  -4.135 0.6999999881
49440  32.170  -34.739  -13.357 0.8999999762
49437  34.871  -34.673  -12.488 0.8000000119
128458  33.686  -34.071  -13.451 0.8000000119
52302  27.194  -31.449  -14.142 0.8999999762
45549  32.538  -38.605  -2.240 0.5000000000
50334  35.791  -34.032  -11.869 0.8000000119
50343  32.699  -34.004  -13.471 0.8999999762
52299  31.523  -31.373  -15.567 0.8000000119
52300  29.955  -31.480  -15.105 0.8000000119
49412  36.843  -34.636  -8.555 0.6999999881
51292  35.197  -31.852  -13.437 0.8000000119
54167  27.937  -29.913  -13.904 0.8999999762
54150  30.892  -29.878  -13.819 0.8999999762
50295  37.232  -33.285  -7.694 0.6000000238
56054  31.369  -27.924  -15.741 0.6999999881
54165  29.881  -28.554  -13.875 0.8999999762
57033  30.291  -25.700  -15.463 0.6999999881
57032  31.403  -25.963  -15.763 0.6000000238
57936  30.571  -25.030  -15.686 0.6000000238
57922  29.660  -24.859  -15.054 0.8000000119
59645  30.339  -22.872  -16.117 0.6000000238
59617  31.261  -23.938  -14.700 0.6999999881
59643  33.588  -23.708  -16.484 0.6000000238
61477  31.037  -21.045  -16.910 0.6000000238
60524  34.183  -22.251  -17.002 0.6000000238
63325  35.058  -19.191  -15.256 0.4000000060
64281  33.747  -19.118  -16.318 0.4000000060
64278  36.042  -18.195  -15.574 0.4000000060
66299  32.972  -16.385  -18.007 0.4000000060
39175  28.520  -45.121  -12.865 0.8999999762
24935  28.148  -60.852  -3.646 0.4000000060
135866  27.410  -60.550  -3.372 0.4000000060
24937  26.168  -60.708  -3.117 0.4000000060
24934  29.261  -59.741  -3.970 0.4000000060
129874  27.138  -59.733  -3.187 0.4000000060
136670  26.142  -59.728  -3.166 0.4000000060
26912  30.181  -58.777  -4.800 0.3000000119
25967  28.650  -59.484  -3.513 0.4000000060
26923  30.531  -58.422  -5.488 0.4000000060
27938  30.494  -57.759  -7.278 0.4000000060
28866  30.610  -56.987  -7.870 0.4000000060
28875  31.210  -56.384  -9.234 0.4000000060
123924  27.150  -58.976  -2.985 0.5000000000
124487  26.454  -58.893  -3.147 0.4000000060
26899  29.246  -58.934  -3.675 0.4000000060
26900  28.556  -58.667  -3.305 0.4000000060
27911  30.530  -57.491  -5.581 0.5000000000
27923  30.583  -57.402  -6.487 0.4000000060
129473  30.533  -56.192  -7.532 0.4000000060
29729  31.032  -55.619  -8.829 0.5000000000
29736  31.443  -55.660  -9.691 0.5000000000
127558  31.676  -55.033  -10.075 0.6000000238
29745  31.584  -55.664  -10.543 0.5000000000
29746  31.401  -55.499  -11.330 0.6000000238
30615  30.628  -54.450  -12.319 0.4000000060
26902  26.935  -58.279  -3.029 0.5000000000
26903  25.641  -58.890  -3.386 0.5000000000
26904  24.994  -58.911  -3.715 0.5000000000
25994  24.106  -59.013  -4.947 0.5000000000
27890  29.203  -58.085  -3.509 0.6000000238
27891  28.376  -57.823  -3.223 0.6000000238
27901  29.787  -57.531  -3.960 0.5000000000
28839  29.810  -56.579  -3.970 0.6000000238
140079  30.417  -56.678  -5.369 0.5000000000
125624  30.550  -56.744  -6.162 0.5000000000
29722  30.215  -55.378  -7.232 0.4000000060
128051  30.631  -54.959  -8.442 0.6000000238
30586  31.259  -54.766  -9.238 0.6000000238
30597  31.665  -54.146  -10.128 0.6000000238
31461  31.741  -53.315  -10.763 0.6000000238
31468  31.509  -53.287  -11.585 0.6000000238
32371  31.426  -52.602  -12.056 0.6000000238
31462  31.632  -54.049  -11.153 0.6000000238
31469  31.208  -53.911  -11.967 0.6000000238
138337  30.186  -53.030  -12.577 0.6000000238
32382  29.623  -52.551  -12.903 0.6000000238
27893  26.634  -57.459  -3.257 0.5000000000
26914  25.324  -58.111  -3.780 0.5000000000
26915  24.691  -58.502  -4.371 0.5000000000
26924  24.444  -58.351  -5.393 0.5000000000
123197  29.007  -57.072  -3.500 0.6000000238
27892  27.503  -57.634  -3.105 0.6000000238
29689  30.284  -56.045  -4.708 0.6000000238
29690  29.804  -55.654  -3.897 0.6000000238
28848  30.503  -56.001  -5.756 0.5000000000
29705  30.025  -55.109  -4.508 0.6000000238
128974  30.254  -54.791  -7.733 0.6000000238
32361  31.749  -52.520  -10.437 0.6000000238
33332  29.969  -51.906  -12.918 0.6000000238
126944  29.182  -51.235  -13.284 0.6999999881
27894  25.813  -57.293  -3.565 0.6000000238
27902  25.302  -57.178  -4.025 0.5000000000
27912  24.556  -57.691  -5.584 0.5000000000
124279  29.194  -56.111  -3.518 0.6000000238
135890  28.079  -56.978  -3.125 0.6000000238
28827  27.185  -56.795  -3.159 0.6000000238
138682  24.504  -56.994  -5.607 0.5000000000
27924  24.244  -57.300  -6.231 0.5000000000
28817  28.519  -55.684  -3.127 0.6000000238
128950  30.030  -54.677  -6.977 0.6000000238
34394  30.038  -50.586  -13.275 0.6999999881
28819  26.834  -56.028  -3.017 0.6000000238
28829  25.604  -56.321  -3.679 0.6000000238
28840  25.112  -56.402  -4.416 0.6000000238
28818  27.745  -56.099  -2.981 0.6000000238
29680  25.590  -55.522  -3.490 0.6000000238
29691  25.179  -55.652  -4.010 0.6000000238
28849  24.669  -56.381  -5.216 0.6000000238
28867  23.931  -56.864  -6.774 0.6000000238
29667  27.233  -55.515  -2.750 0.6000000238
28868  23.675  -56.879  -7.484 0.5000000000
30534  29.640  -54.819  -3.784 0.6000000238
131328  23.527  -55.984  -7.926 0.6000000238
35406  28.841  -48.899  -13.514 0.6999999881
29668  26.533  -55.303  -2.787 0.6000000238
29681  24.751  -55.033  -4.254 0.6000000238
30520  27.170  -54.850  -2.585 0.6000000238
30521  26.432  -54.568  -2.684 0.6000000238
128871  25.216  -54.983  -3.638 0.6000000238
29706  24.386  -55.602  -5.489 0.6000000238
29715  23.996  -55.440  -6.371 0.6000000238
30535  28.584  -54.869  -2.916 0.6000000238
29716  23.715  -55.302  -7.262 0.6000000238
136458  29.114  -54.581  -3.341 0.6000000238
124234  30.184  -53.901  -5.193 0.6000000238
37352  28.227  -47.415  -13.979 0.6999999881
30519  27.871  -54.282  -2.600 0.6000000238
30536  25.327  -54.297  -3.408 0.6999999881
30550  24.474  -54.407  -4.647 0.6999999881
124399  28.685  -54.023  -3.051 0.6000000238
38234  28.072  -46.839  -13.834 0.6999999881
30522  25.897  -54.128  -2.953 0.6999999881
31366  28.197  -53.355  -2.708 0.6999999881
127024  27.005  -54.085  -2.521 0.6999999881
31383  24.878  -53.761  -3.661 0.6999999881
31396  24.508  -53.668  -4.208 0.6999999881
30564  24.198  -54.642  -5.610 0.6000000238
31409  24.266  -53.624  -5.147 0.6999999881
121359  24.204  -52.992  -5.726 0.6000000238
30571  23.917  -54.562  -6.721 0.5000000000
40186  28.763  -44.644  -14.231 0.8000000119
32259  26.987  -52.748  -2.405 0.6999999881
31369  26.031  -53.419  -2.746 0.6999999881
32273  24.791  -52.840  -3.665 0.6999999881
130464  24.332  -52.930  -4.605 0.6999999881
141410  23.782  -53.269  -7.886 0.5000000000
130176  24.212  -52.366  -5.171 0.6999999881
32312  24.360  -52.273  -6.111 0.6000000238
126610  23.958  -52.773  -7.450 0.6000000238
53273  32.698  -30.149  -14.238 0.6999999881
51278  36.377  -32.486  -11.978 0.6999999881
51279  35.728  -32.468  -12.897 0.6999999881
52279  34.644  -31.296  -13.578 0.6999999881
51269  37.116  -32.754  -10.907 0.6000000238
51274  36.857  -32.460  -11.402 0.6000000238
53271  34.484  -30.624  -13.730 0.6999999881
54163  32.383  -29.155  -14.276 0.6999999881
51268  37.515  -32.237  -10.425 0.6000000238
139931  36.745  -31.462  -12.163 0.6000000238
52266  35.966  -31.533  -13.144 0.6999999881
53270  35.127  -30.081  -13.609 0.6999999881
133890  33.405  -28.678  -14.093 0.6999999881
55049  32.687  -28.112  -14.300 0.6999999881
56985  32.513  -26.558  -14.138 0.6999999881
51273  37.284  -32.179  -11.126 0.6000000238
52264  37.172  -31.136  -11.974 0.6000000238
54149  36.871  -29.569  -12.997 0.6000000238
54160  35.695  -29.512  -13.499 0.6999999881
130848  34.957  -29.328  -13.672 0.6999999881
55998  33.969  -27.275  -13.828 0.6999999881
56984  33.367  -26.564  -13.916 0.6999999881
57893  32.979  -25.987  -13.777 0.6999999881
122849  37.777  -30.681  -10.782 0.6000000238
53252  37.610  -30.574  -11.581 0.6000000238
54148  37.464  -29.385  -12.409 0.5000000000
55037  36.347  -28.936  -13.352 0.6000000238
55996  35.606  -27.231  -13.544 0.5000000000
55997  34.760  -27.523  -13.643 0.6999999881
58729  34.910  -24.890  -13.808 0.6999999881
131067  33.248  -25.283  -14.108 0.6999999881
66321  35.457  -16.609  -19.416 0.3000000119
67227  34.533  -16.013  -19.544 0.3000000119
119749  33.420  -17.188  -19.213 0.3000000119
23987  27.504  -61.431  -3.513 0.4000000060
23988  26.490  -61.600  -3.253 0.3000000119
138748  24.261  -61.660  -3.240 0.4000000060
24953  29.266  -60.488  -4.347 0.3000000119
23990  24.766  -61.106  -3.162 0.4000000060
124430  30.623  -58.920  -6.170 0.4000000060
24939  24.653  -60.332  -3.499 0.4000000060
120464  30.542  -58.687  -6.983 0.4000000060
27953  30.475  -57.783  -8.291 0.4000000060
27966  31.354  -57.152  -9.625 0.4000000060
28895  31.531  -56.445  -10.151 0.5000000000
127118  30.911  -56.035  -11.851 0.4000000060
141278  23.758  -59.758  -4.603 0.4000000060
31470  30.364  -53.671  -12.497 0.5000000000
26925  24.091  -58.856  -5.956 0.5000000000
120391  29.122  -51.987  -13.244 0.6000000238
143412  23.935  -58.753  -6.635 0.5000000000
26942  24.240  -58.200  -6.336 0.5000000000
26957  23.883  -58.365  -7.160 0.5000000000
34395  28.990  -50.297  -13.545 0.6000000238
27940  23.690  -57.766  -7.909 0.5000000000
121087  23.524  -56.901  -8.346 0.4000000060
140324  28.727  -49.581  -13.699 0.6999999881
29723  23.480  -55.154  -7.935 0.5000000000
135702  27.931  -46.621  -14.052 0.6999999881
30577  23.650  -54.534  -7.594 0.5000000000
140089  27.942  -46.027  -14.321 0.8000000119
39213  29.158  -46.116  -14.737 0.6999999881
31440  23.487  -53.279  -8.537 0.5000000000
121192  23.688  -52.651  -8.174 0.6000000238
46526  34.447  -37.310  -4.763 0.6000000238
47533  35.359  -36.384  -5.220 0.6000000238
139252  37.648  -32.041  -9.522 0.6000000238
54129  38.020  -29.902  -11.068 0.5000000000
55028  37.787  -28.615  -12.317 0.5000000000
55994  37.459  -27.867  -12.779 0.5000000000
55995  36.697  -27.360  -13.333 0.5000000000
57878  36.070  -25.675  -13.517 0.5000000000
58728  35.710  -24.909  -13.687 0.5000000000
59614  34.537  -23.640  -14.261 0.5000000000
67239  34.926  -15.043  -19.652 0.3000000119
66332  32.915  -15.883  -19.401 0.3000000119
30549  29.855  -54.293  -4.444 0.6000000238
29704  30.290  -55.244  -5.407 0.6000000238
125802  24.690  -51.923  -3.650 0.8000000119
33331  31.076  -51.815  -12.482 0.6999999881
132199  29.676  -48.875  -13.318 0.6999999881
37345  28.593  -47.446  -13.621 0.6999999881
124053  36.387  -31.818  -12.465 0.6999999881
56008  32.082  -27.382  -14.276 0.6999999881
59615  33.587  -23.774  -14.444 0.6000000238
138307  33.693  -16.566  -19.436 0.3000000119
125038  27.740  -45.271  -13.942 0.8000000119
38258  29.379  -47.045  -14.590 0.6999999881
52278  35.368  -30.928  -13.427 0.6999999881
24954  28.731  -60.305  -3.790 0.4000000060
25981  30.084  -59.430  -4.944 0.3000000119
27900  30.268  -57.955  -4.672 0.5000000000
25983  24.446  -59.478  -4.036 0.5000000000
139990  30.290  -55.655  -12.331 0.4000000060
141267  23.610  -59.414  -5.486 0.5000000000
31421  23.895  -53.675  -7.231 0.6000000238
54161  34.194  -29.038  -13.741 0.6999999881
56007  33.029  -27.305  -14.204 0.6999999881
52265  36.566  -31.040  -12.631 0.6999999881
53257  37.184  -30.282  -12.422 0.6000000238
136506  36.115  -30.828  -13.214 0.6999999881
55048  35.519  -28.763  -13.568 0.6999999881
133540  37.728  -29.894  -11.902 0.6000000238
55036  37.146  -28.757  -12.925 0.5000000000
122704  36.057  -28.083  -13.549 0.6000000238
55038  35.188  -28.072  -13.613 0.6999999881
56973  34.091  -26.556  -13.808 0.6999999881
136994  33.717  -25.953  -13.782 0.6999999881
54137  38.007  -29.229  -11.739 0.5000000000
130076  36.742  -28.183  -13.236 0.5000000000
56972  34.750  -26.833  -13.674 0.5000000000
58739  35.211  -24.158  -13.822 0.5000000000
58740  34.140  -24.536  -14.125 0.6999999881
54128  38.298  -29.499  -10.188 0.5000000000
138101  37.079  -26.646  -13.268 0.5000000000
57877  37.084  -25.863  -13.323 0.5000000000
59613  36.011  -23.643  -13.786 0.5000000000
129551  28.557  -47.317  -14.303 0.6000000238
39211  31.480  -45.883  -14.790 0.5000000000
38257  30.204  -46.747  -14.746 0.6000000238
39212  30.385  -45.946  -14.998 0.6000000238
40193  33.689  -45.009  -15.098 0.5000000000
40194  32.851  -45.077  -15.088 0.5000000000
39193  30.829  -45.199  -14.846 0.6000000238
140730  24.034  -49.893  -8.146 0.5000000000
39191  34.510  -45.063  -15.010 0.5000000000
134288  33.228  -44.356  -14.826 0.5000000000
41181  35.411  -43.719  -14.111 0.5000000000
35351  24.359  -49.329  -7.691 0.4000000060
35361  23.972  -49.173  -8.461 0.4000000060
36354  23.727  -48.429  -8.733 0.4000000060
40182  34.056  -44.295  -14.792 0.5000000000
41168  35.839  -42.900  -13.625 0.5000000000
41182  34.512  -43.643  -14.236 0.5000000000
37290  23.956  -47.530  -7.878 0.4000000060
42132  35.803  -41.932  -13.446 0.5000000000
41169  34.993  -43.138  -13.680 0.5000000000
38179  23.765  -46.945  -7.636 0.4000000060
42040  26.522  -43.167  -4.073 0.4000000060
42041  26.048  -43.016  -4.255 0.4000000060
41074  25.872  -43.377  -4.870 0.4000000060
41075  24.449  -43.495  -4.343 0.3000000119
45541  29.804  -38.541  -1.299 0.4000000060
44551  29.276  -39.430  -1.365 0.4000000060
42859  27.404  -41.358  -2.903 0.4000000060
42871  27.203  -41.811  -3.366 0.4000000060
43666  27.425  -40.498  -2.673 0.4000000060
42025  26.103  -42.222  -3.841 0.4000000060
44562  26.889  -39.664  -2.901 0.4000000060
42860  27.002  -41.099  -3.338 0.4000000060
42026  25.096  -42.492  -3.860 0.4000000060
41060  24.388  -42.871  -3.887 0.4000000060
43654  28.609  -40.112  -1.516 0.4000000060
44560  28.367  -39.316  -1.918 0.4000000060
135874  28.013  -40.005  -2.164 0.4000000060
46487  30.361  -37.781  -1.481 0.4000000060
45542  28.867  -38.510  -1.705 0.4000000060
45551  28.062  -38.551  -2.293 0.4000000060
44561  27.550  -39.381  -2.495 0.4000000060
131916  25.924  -41.419  -3.721 0.4000000060
45553  26.758  -38.874  -2.732 0.4000000060
43677  25.622  -40.151  -3.341 0.4000000060
131907  24.952  -41.652  -3.588 0.4000000060
45548  33.152  -38.149  -2.637 0.4000000060
46488  29.370  -37.666  -1.720 0.4000000060
46498  28.536  -37.732  -2.233 0.4000000060
46510  33.734  -37.599  -3.382 0.5000000000
46494  33.245  -37.403  -2.613 0.4000000060
46495  32.612  -37.822  -2.102 0.4000000060
47493  31.601  -36.637  -1.875 0.4000000060
46497  28.979  -36.942  -2.188 0.4000000060
47496  28.216  -37.081  -2.657 0.4000000060
45552  27.356  -38.502  -2.531 0.4000000060
46500  26.763  -37.957  -2.672 0.4000000060
45554  25.993  -38.388  -2.847 0.4000000060
47519  34.811  -36.472  -4.393 0.5000000000
46509  34.279  -37.089  -3.813 0.5000000000
47491  33.653  -36.802  -3.198 0.5000000000
138683  32.949  -36.482  -2.535 0.4000000060
126621  32.166  -36.299  -2.231 0.4000000060
47494  30.750  -36.428  -1.948 0.4000000060
120209  29.965  -36.847  -1.933 0.4000000060
46499  27.649  -37.781  -2.515 0.4000000060
47504  34.222  -36.289  -3.634 0.5000000000
48434  32.391  -35.689  -2.576 0.4000000060
48435  31.145  -35.773  -2.419 0.4000000060
48436  30.177  -36.100  -2.377 0.4000000060
48440  34.032  -35.570  -3.552 0.4000000060
128680  33.563  -34.989  -3.374 0.4000000060
48443  30.776  -35.105  -3.036 0.4000000060
49331  34.377  -34.365  -4.074 0.4000000060
50238  33.725  -33.963  -4.018 0.4000000060
50239  33.007  -33.794  -4.161 0.4000000060
49344  32.268  -33.903  -4.089 0.4000000060
50250  32.539  -33.395  -4.640 0.4000000060
48470  35.814  -35.791  -5.576 0.5000000000
49342  35.706  -34.183  -5.084 0.5000000000
50247  35.268  -33.594  -4.682 0.4000000060
50249  33.476  -33.346  -4.452 0.4000000060
50269  32.021  -33.050  -5.245 0.3000000119
49384  36.883  -35.045  -6.866 0.5000000000
134097  34.251  -34.997  -3.767 0.5000000000
49333  33.102  -34.312  -3.494 0.4000000060
48442  31.701  -35.018  -2.848 0.4000000060
49335  31.072  -34.583  -3.470 0.4000000060
49332  33.808  -34.505  -3.715 0.4000000060
49334  32.053  -34.428  -3.404 0.4000000060
49364  36.300  -33.822  -5.706 0.5000000000
50268  35.799  -33.186  -5.199 0.5000000000
51202  35.018  -32.930  -4.812 0.4000000060
51203  34.105  -32.747  -4.714 0.4000000060
51204  32.961  -32.716  -5.054 0.3000000119
50281  37.055  -33.247  -7.012 0.5000000000
51215  36.324  -32.981  -5.903 0.5000000000
51216  35.490  -32.422  -5.332 0.4000000060
51217  34.673  -32.190  -5.160 0.4000000060
51218  33.671  -32.025  -5.270 0.4000000060
51219  32.251  -32.532  -5.615 0.3000000119
51220  31.626  -32.794  -5.939 0.3000000119
51240  37.175  -32.535  -7.239 0.5000000000
51254  37.511  -32.448  -8.113 0.4000000060
128250  37.619  -31.997  -8.766 0.5000000000
52201  36.313  -31.481  -6.108 0.3000000119
52187  35.932  -31.907  -5.674 0.4000000060
52189  34.349  -31.355  -5.519 0.4000000060
52190  33.340  -31.437  -5.879 0.3000000119
52191  32.756  -32.029  -5.711 0.3000000119
51230  32.050  -32.220  -6.296 0.3000000119
51231  31.362  -32.573  -6.762 0.3000000119
52200  36.847  -31.803  -6.681 0.3000000119
52214  37.355  -31.703  -7.432 0.4000000060
52230  37.660  -31.488  -8.180 0.4000000060
52241  37.891  -31.346  -9.020 0.4000000060
52249  37.919  -31.266  -10.056 0.4000000060
52202  36.034  -30.835  -6.159 0.3000000119
52188  35.286  -31.658  -5.482 0.3000000119
53188  34.351  -30.731  -5.902 0.3000000119
52203  33.176  -30.960  -6.516 0.3000000119
52204  32.536  -31.524  -6.543 0.3000000119
51241  30.923  -32.161  -7.504 0.3000000119
51232  30.601  -32.917  -7.106 0.3000000119
120750  36.641  -30.984  -6.578 0.3000000119
137178  32.623  -30.927  -6.997 0.3000000119
52205  31.750  -31.882  -7.015 0.3000000119
128983  30.937  -31.427  -7.857 0.3000000119
121005  37.490  -30.866  -7.575 0.3000000119
53226  38.301  -29.871  -8.808 0.3000000119
53246  38.057  -30.292  -10.151 0.4000000060
54136  38.445  -29.030  -10.982 0.4000000060
55027  38.294  -28.473  -11.635 0.4000000060
55993  38.129  -27.176  -12.336 0.4000000060
136068  36.331  -26.509  -13.429 0.4000000060
51242  30.099  -32.613  -7.686 0.3000000119
53196  36.954  -30.350  -7.084 0.3000000119
142292  36.366  -30.390  -6.564 0.3000000119
136970  37.111  -31.123  -7.023 0.3000000119
53210  37.573  -30.036  -7.691 0.3000000119
54102  38.117  -29.072  -8.475 0.3000000119
55014  38.552  -28.572  -10.092 0.3000000119
55980  38.629  -27.751  -10.503 0.4000000060
55021  38.490  -28.289  -10.928 0.4000000060
130527  38.558  -26.896  -11.612 0.4000000060
56970  37.681  -26.443  -12.782 0.4000000060
58726  37.592  -25.085  -13.021 0.4000000060
137966  37.421  -24.312  -13.162 0.4000000060
58727  36.686  -24.877  -13.471 0.4000000060
59602  36.075  -24.291  -13.625 0.4000000060
124674  37.989  -29.781  -8.206 0.3000000119
56963  38.931  -26.366  -11.190 0.3000000119
57866  39.040  -25.493  -11.457 0.3000000119
142163  38.025  -24.565  -12.748 0.4000000060
125006  38.067  -23.896  -12.815 0.4000000060
59601  36.729  -23.955  -13.493 0.4000000060
61434  37.026  -21.683  -13.895 0.4000000060
60499  36.745  -22.482  -13.970 0.4000000060
61436  35.443  -21.931  -14.459 0.4000000060
60507  34.362  -22.219  -14.661 0.5000000000
57860  39.168  -25.830  -10.573 0.3000000119
58714  39.287  -24.732  -11.220 0.3000000119
58725  38.672  -24.352  -12.352 0.3000000119
59599  38.751  -23.562  -12.365 0.4000000060
60494  38.081  -23.068  -12.832 0.4000000060
60498  38.304  -22.258  -12.917 0.4000000060
59611  37.480  -22.548  -13.489 0.4000000060
61433  37.935  -21.593  -13.416 0.3000000119
62375  36.295  -20.455  -14.378 0.3000000119
61443  35.393  -20.776  -14.587 0.3000000119
139201  35.773  -19.988  -14.678 0.3000000119
58702  39.343  -24.689  -10.447 0.3000000119
132000  39.515  -23.218  -11.135 0.3000000119
60493  38.790  -22.758  -12.352 0.3000000119
61428  38.687  -21.483  -12.832 0.3000000119
62367  38.402  -20.642  -13.271 0.3000000119
62374  37.090  -20.099  -14.162 0.3000000119
62369  36.800  -20.869  -13.974 0.3000000119
63317  36.366  -19.637  -14.498 0.3000000119
63316  36.951  -19.201  -14.331 0.3000000119
137394  39.501  -23.524  -10.311 0.3000000119
60492  39.413  -22.378  -11.770 0.3000000119
62362  39.190  -20.748  -12.622 0.3000000119
63302  38.980  -19.916  -12.821 0.3000000119
129263  37.798  -20.142  -13.698 0.3000000119
63311  37.633  -19.429  -13.903 0.3000000119
64271  36.821  -18.482  -14.599 0.3000000119
134309  35.723  -19.209  -14.842 0.3000000119
127760  37.361  -17.900  -14.566 0.3000000119
64272  36.180  -18.572  -14.951 0.3000000119
65240  36.944  -16.973  -15.942 0.3000000119
48454  35.311  -35.619  -4.740 0.5000000000
36405  28.398  -48.182  -14.111 0.6000000238
37375  28.600  -48.264  -14.326 0.5000000000
37374  29.391  -47.943  -14.542 0.5000000000
37372  31.584  -47.470  -14.731 0.5000000000
36430  31.001  -48.201  -14.770 0.5000000000
120068  34.897  -45.816  -15.465 0.5000000000
140643  33.710  -46.886  -15.461 0.5000000000
38255  32.063  -46.651  -14.724 0.5000000000
33262  24.362  -51.703  -5.613 0.6000000238
32325  24.298  -52.116  -6.958 0.6000000238
34333  24.470  -50.609  -6.669 0.6000000238
141900  24.145  -51.105  -7.885 0.5000000000
34348  23.911  -50.576  -8.302 0.5000000000
131412  23.588  -49.918  -8.802 0.5000000000
34368  23.177  -49.950  -9.796 0.5000000000
35362  23.343  -49.081  -9.395 0.4000000060
36366  23.212  -48.173  -9.571 0.4000000060
37316  22.945  -47.592  -9.783 0.4000000060
38187  23.112  -47.198  -8.338 0.4000000060
39101  22.968  -45.421  -5.831 0.3000000119
40082  23.158  -44.369  -4.743 0.3000000119
41076  23.554  -42.988  -3.889 0.4000000060
43678  24.686  -40.232  -3.309 0.4000000060
42027  24.081  -42.305  -3.640 0.4000000060
44574  24.937  -39.398  -3.170 0.4000000060
131101  29.410  -36.307  -2.629 0.4000000060
46512  25.189  -37.355  -3.676 0.4000000060
46511  27.181  -37.038  -3.043 0.4000000060
47505  29.822  -35.461  -3.181 0.4000000060
47507  27.345  -36.191  -3.737 0.4000000060
49345  31.357  -34.087  -4.151 0.4000000060
50252  30.834  -33.812  -4.963 0.4000000060
143322  30.356  -34.838  -3.541 0.4000000060
49346  30.412  -34.374  -4.265 0.4000000060
50270  31.269  -33.372  -5.557 0.3000000119
50283  30.986  -33.239  -6.410 0.3000000119
50284  30.225  -33.477  -6.711 0.3000000119
39190  35.392  -45.171  -14.915 0.5000000000
39112  22.472  -45.751  -6.623 0.4000000060
44575  24.143  -39.679  -3.446 0.4000000060
45566  24.778  -38.606  -3.352 0.4000000060
47506  28.892  -36.053  -3.250 0.4000000060
121479  28.121  -36.464  -3.198 0.4000000060
38168  23.031  -46.456  -7.160 0.4000000060
40183  32.403  -44.434  -14.674 0.5000000000
45540  30.774  -38.600  -1.291 0.4000000060
48469  36.404  -35.272  -6.079 0.5000000000
46496  31.879  -37.462  -1.698 0.4000000060
49383  37.101  -34.119  -7.108 0.5000000000
55985  38.177  -27.974  -12.206 0.4000000060
60500  35.982  -22.822  -14.195 0.4000000060
59612  36.752  -23.170  -13.732 0.4000000060
38256  31.100  -46.659  -14.754 0.6000000238
39209  33.376  -45.713  -15.305 0.5000000000
38253  34.040  -46.306  -15.463 0.5000000000
43667  26.567  -40.238  -3.256 0.4000000060
44563  25.985  -39.347  -2.967 0.4000000060
42873  25.267  -40.858  -3.475 0.4000000060
42874  24.480  -40.898  -3.442 0.4000000060
47492  32.462  -37.007  -2.110 0.4000000060
130220  25.340  -38.093  -3.311 0.4000000060
125892  33.394  -35.812  -3.045 0.4000000060
48455  34.651  -35.669  -3.997 0.5000000000
123354  36.643  -34.426  -6.319 0.5000000000
49365  35.840  -35.061  -5.302 0.5000000000
137992  35.394  -34.816  -4.724 0.5000000000
51228  36.751  -32.706  -6.547 0.5000000000
50282  36.724  -33.543  -6.432 0.5000000000
141656  36.008  -32.530  -5.607 0.4000000060
51229  36.404  -32.198  -6.019 0.4000000060
53227  37.899  -30.571  -8.364 0.3000000119
53241  38.187  -30.560  -9.284 0.4000000060
53240  38.283  -29.888  -9.521 0.3000000119
56969  38.480  -26.206  -12.100 0.4000000060
57875  38.411  -25.183  -12.335 0.4000000060
54090  37.710  -29.361  -7.860 0.3000000119
59600  37.426  -23.495  -13.285 0.4000000060
58715  39.021  -24.760  -11.866 0.3000000119
62368  37.487  -20.837  -13.676 0.3000000119
129721  36.342  -22.084  -14.267 0.4000000060
59573  39.437  -24.087  -10.798 0.3000000119
59590  39.318  -24.037  -11.774 0.3000000119
60484  39.686  -22.334  -10.905 0.3000000119
61427  39.402  -21.521  -12.250 0.3000000119
62353  39.779  -20.781  -12.024 0.3000000119
45565  26.054  -37.453  -3.333 0.4000000060
28877  23.442  -56.181  -8.912 0.4000000060
29731  23.412  -55.355  -8.633 0.4000000060
132873  23.212  -55.645  -10.378 0.4000000060
30609  23.258  -54.783  -10.178 0.3000000119
30598  23.330  -54.701  -9.195 0.4000000060
31453  23.274  -53.274  -9.361 0.3000000119
32383  28.744  -52.639  -13.385 0.5000000000
125912  23.410  -52.551  -8.961 0.5000000000
32352  23.284  -52.490  -10.007 0.3000000119
33341  28.514  -51.722  -13.641 0.5000000000
34405  28.452  -50.575  -14.016 0.5000000000
32396  28.277  -52.382  -13.919 0.5000000000
32326  23.884  -51.891  -7.797 0.5000000000
132255  23.596  -52.002  -8.531 0.4000000060
35414  28.312  -50.035  -14.078 0.5000000000
33361  28.489  -51.138  -14.089 0.5000000000
123473  28.893  -50.718  -14.412 0.3000000119
35426  28.263  -49.609  -14.053 0.5000000000
34424  28.656  -49.931  -14.232 0.4000000060
36432  29.241  -48.709  -14.495 0.4000000060
33372  29.543  -50.902  -14.609 0.3000000119
34423  29.615  -49.964  -14.463 0.3000000119
35425  30.521  -49.632  -14.567 0.3000000119
35436  30.774  -48.943  -14.649 0.3000000119
36414  32.119  -48.929  -14.964 0.3000000119
35424  31.327  -49.313  -14.670 0.3000000119
36415  31.472  -48.747  -14.801 0.4000000060
36431  30.047  -48.588  -14.676 0.4000000060
36378  22.855  -48.727  -10.248 0.3000000119
37370  33.412  -47.426  -15.251 0.4000000060
36429  31.917  -48.275  -14.861 0.4000000060
36367  22.734  -47.897  -10.217 0.3000000119
38180  22.791  -46.686  -7.805 0.3000000119
42875  23.764  -41.372  -3.565 0.3000000119
43679  23.924  -40.425  -3.476 0.3000000119
43692  23.198  -40.543  -3.895 0.3000000119
136856  23.555  -39.893  -3.737 0.3000000119
47508  26.398  -36.525  -3.750 0.3000000119
47509  25.524  -36.781  -3.878 0.3000000119
143211  25.078  -36.966  -3.983 0.3000000119
46529  24.406  -37.256  -4.920 0.3000000119
49336  29.843  -34.816  -3.917 0.3000000119
137014  28.895  -35.497  -3.703 0.3000000119
47520  27.649  -35.685  -4.471 0.3000000119
47521  26.804  -36.040  -4.565 0.3000000119
49347  29.547  -34.553  -4.682 0.3000000119
48457  28.435  -35.331  -4.339 0.3000000119
48458  27.200  -35.628  -5.372 0.3000000119
49348  28.772  -34.817  -4.940 0.3000000119
48471  28.054  -35.325  -5.260 0.3000000119
139041  30.017  -34.103  -5.278 0.3000000119
49366  29.214  -34.397  -5.627 0.3000000119
49368  28.428  -34.767  -5.919 0.3000000119
31480  29.488  -53.260  -12.851 0.5000000000
37371  32.489  -47.478  -14.942 0.4000000060
37317  22.437  -47.155  -10.294 0.3000000119
48444  28.155  -35.772  -3.729 0.3000000119
127705  23.425  -51.643  -9.430 0.3000000119
33321  23.109  -50.755  -10.270 0.3000000119
34376  23.185  -49.822  -11.168 0.3000000119
125524  23.203  -60.103  -5.060 0.4000000060
24966  22.560  -60.416  -5.487 0.4000000060
24965  22.981  -59.699  -5.941 0.4000000060
24988  22.225  -60.274  -8.141 0.4000000060
26023  22.736  -59.640  -8.454 0.3000000119
26006  23.210  -59.665  -6.946 0.4000000060
26014  23.251  -59.406  -7.725 0.4000000060
122555  23.250  -59.028  -8.362 0.4000000060
28896  31.463  -56.481  -11.114 0.3000000119
26943  23.669  -59.072  -7.146 0.4000000060
26979  23.014  -58.361  -9.638 0.3000000119
27968  23.292  -57.663  -9.454 0.3000000119
26964  23.401  -58.286  -8.715 0.4000000060
27975  22.891  -57.151  -11.109 0.3000000119
26995  22.981  -57.819  -10.373 0.3000000119
28897  23.143  -56.391  -10.695 0.3000000119
27954  23.523  -57.515  -8.731 0.4000000060
120089  23.121  -57.048  -10.088 0.3000000119
28886  23.212  -56.292  -9.784 0.3000000119
24977  21.614  -60.649  -6.740 0.4000000060
124380  22.177  -60.345  -7.382 0.4000000060
127504  23.130  -55.137  -10.897 0.3000000119
24955  24.071  -60.234  -3.968 0.3000000119
29767  22.755  -55.722  -12.266 0.3000000119
23989  25.572  -61.305  -3.087 0.3000000119
24003  28.778  -61.135  -4.160 0.3000000119
24936  26.854  -60.917  -3.265 0.4000000060
24938  25.398  -60.469  -3.185 0.4000000060
24956  23.502  -60.536  -4.236 0.3000000119
24976  22.492  -60.219  -6.609 0.4000000060
25968  27.893  -59.219  -3.153 0.4000000060
25969  25.180  -59.625  -3.431 0.5000000000
25982  29.699  -59.202  -4.342 0.3000000119
25992  30.405  -59.189  -5.481 0.3000000119
25993  29.693  -59.921  -4.687 0.3000000119
26005  23.633  -59.227  -6.396 0.4000000060
26015  22.734  -59.961  -7.565 0.4000000060
26901  27.744  -58.440  -3.070 0.6000000238
26913  29.768  -58.409  -4.074 0.5000000000
26941  30.655  -58.135  -6.326 0.4000000060
26958  23.557  -58.655  -7.844 0.4000000060
27903  24.941  -57.198  -4.919 0.6000000238
27939  23.961  -57.590  -7.003 0.5000000000
27967  30.985  -57.832  -9.167 0.4000000060
27976  22.782  -57.955  -11.304 0.3000000119
27989  22.967  -56.428  -11.616 0.3000000119
28828  26.323  -56.605  -3.319 0.6000000238
28838  30.204  -57.056  -4.664 0.5000000000
28857  30.447  -56.044  -6.706 0.5000000000
28858  23.852  -56.139  -6.998 0.6000000238
28876  30.759  -56.312  -8.374 0.5000000000
28885  30.836  -57.073  -8.745 0.4000000060
29666  27.882  -55.230  -2.702 0.6000000238
29669  25.789  -54.978  -3.015 0.6000000238
29678  29.214  -55.284  -3.390 0.6000000238
29679  26.085  -55.776  -3.217 0.6000000238
29692  24.751  -55.692  -4.699 0.6000000238
29714  30.288  -55.285  -6.383 0.5000000000
29730  30.506  -55.551  -8.034 0.6000000238
29737  23.321  -55.499  -9.512 0.4000000060
29754  30.856  -55.230  -12.045 0.4000000060
29755  30.010  -54.993  -12.544 0.4000000060
29757  23.145  -55.733  -11.247 0.3000000119
30537  24.766  -54.372  -3.894 0.6999999881
30562  30.290  -54.454  -5.950 0.6000000238
30587  30.555  -54.123  -8.307 0.6000000238
30588  23.446  -54.598  -8.364 0.5000000000
30607  31.648  -54.854  -10.795 0.6000000238
30608  31.328  -54.676  -11.615 0.6000000238
31367  27.423  -53.430  -2.497 0.6999999881
31368  26.687  -53.396  -2.503 0.6999999881
31380  29.471  -52.942  -3.828 0.8999999762
31382  25.424  -53.534  -3.259 0.6999999881
31408  30.098  -53.147  -5.205 0.6000000238
31420  24.114  -53.739  -6.182 0.6000000238
31428  30.370  -53.317  -7.822 0.8000000119
31429  24.162  -52.932  -6.620 0.6000000238
31430  23.621  -53.890  -8.073 0.5000000000
32260  25.724  -52.016  -2.595 0.8999999762
32271  29.053  -52.376  -3.407 0.8999999762
32290  24.429  -52.149  -4.325 0.6999999881
32311  30.442  -52.641  -6.502 0.8000000119
32351  31.400  -52.420  -9.547 0.8000000119
32372  30.583  -52.521  -12.538 0.6000000238
33213  25.413  -51.290  -2.873 0.8999999762
33261  29.983  -51.902  -5.078 1.0000000000
33275  30.544  -51.330  -6.742 1.0000000000
33276  24.423  -51.477  -6.387 0.6000000238
33291  24.366  -51.282  -7.250 0.6000000238
33304  23.734  -51.318  -8.473 0.4000000060
33320  31.932  -50.425  -10.512 0.8000000119
33330  31.786  -51.359  -11.850 0.8000000119
33340  30.327  -51.308  -12.991 0.6000000238
33351  28.335  -51.459  -13.969 0.5000000000
34255  25.772  -50.534  -2.686 0.8999999762
34274  28.684  -50.696  -3.035 0.8999999762
34275  25.150  -50.584  -3.234 0.8999999762
34276  24.593  -50.671  -3.764 0.8000000119
34347  24.293  -50.395  -7.576 0.5000000000
34375  32.032  -50.922  -11.256 0.8000000119
34385  31.111  -50.850  -12.649 0.6999999881
34386  22.993  -49.825  -11.458 0.3000000119
34396  28.566  -50.874  -13.792 0.5000000000
34415  30.201  -50.320  -14.532 0.3000000119
34416  28.334  -50.277  -14.174 0.5000000000
35296  29.526  -49.467  -3.224 0.8999999762
35332  24.589  -49.310  -5.276 0.6000000238
35349  31.219  -49.254  -7.539 1.0000000000
35374  23.062  -49.330  -10.524 0.3000000119
35383  22.971  -49.252  -11.290 0.3000000119
35405  29.574  -49.604  -13.344 0.6999999881
35437  30.082  -49.267  -14.582 0.3000000119
35438  29.398  -49.267  -14.495 0.4000000060
36278  27.424  -48.970  -2.151 0.8999999762
36294  25.179  -49.011  -3.448 0.6999999881
36312  25.202  -48.102  -3.829 0.8000000119
36343  31.506  -48.527  -7.867 1.0000000000
36344  24.618  -48.509  -7.419 0.6000000238
36365  32.023  -48.420  -9.516 0.8999999762
36379  22.483  -48.521  -10.692 0.3000000119
36400  28.581  -48.208  -13.765 0.6999999881
36416  28.326  -48.696  -14.025 0.5000000000
36428  32.716  -48.143  -14.934 0.3000000119
36433  28.618  -49.230  -14.407 0.4000000060
37254  24.878  -47.888  -4.674 0.6999999881
37301  24.012  -48.031  -8.147 0.4000000060
37302  23.391  -47.771  -8.859 0.4000000060
37303  22.779  -47.085  -9.390 0.4000000060
37315  32.313  -47.090  -9.232 0.8999999762
37336  32.372  -46.579  -11.380 0.8999999762
37344  29.232  -47.285  -13.411 0.8000000119
37360  28.149  -47.529  -14.037 0.6000000238
37373  30.199  -47.662  -14.722 0.6000000238
38087  28.432  -46.144  -1.577 0.8999999762
38089  27.171  -46.929  -1.866 1.0000000000
38110  26.439  -46.894  -2.298 1.0000000000
38153  25.896  -46.404  -6.200 0.6999999881
38209  32.427  -46.548  -10.566 0.8999999762
38217  32.128  -46.508  -12.072 0.8999999762
38224  31.632  -46.840  -12.685 0.8999999762
38227  28.500  -46.734  -13.522 0.6999999881
38242  27.876  -46.700  -14.012 0.6999999881
38254  33.104  -46.611  -15.320 0.4000000060
39034  27.724  -45.839  -1.567 0.8999999762
39035  27.049  -46.084  -1.799 1.0000000000
39087  26.409  -45.515  -5.477 0.6999999881
39097  26.941  -44.889  -5.972 0.6000000238
39161  32.454  -46.008  -11.075 0.8999999762
39174  29.872  -45.541  -13.130 0.8999999762
39192  31.923  -45.131  -14.740 0.5000000000
39195  28.578  -45.474  -14.461 0.8000000119
39196  27.658  -46.043  -14.003 0.8000000119
39210  32.500  -45.809  -15.013 0.5000000000
39214  28.473  -46.565  -14.420 0.6000000238
40036  29.517  -44.654  -1.545 0.8000000119
40062  31.567  -44.237  -3.082 0.8999999762
40080  25.319  -43.991  -5.166 0.4000000060
40081  23.987  -44.323  -4.725 0.3000000119
40093  26.725  -44.623  -5.703 0.6000000238
40094  26.077  -44.652  -5.747 0.5000000000
40161  28.028  -43.994  -12.416 0.8999999762
40180  35.850  -44.488  -14.421 0.5000000000
40181  34.947  -44.406  -14.578 0.5000000000
40185  30.179  -44.430  -14.598 0.8000000119
41032  29.437  -43.186  -1.377 0.6000000238
41033  28.529  -43.178  -1.466 0.6999999881
41146  31.442  -43.443  -10.478 1.0000000000
41147  30.648  -42.966  -10.773 0.8999999762
41154  28.773  -43.300  -12.205 0.8999999762
41155  28.299  -43.748  -12.503 0.8999999762
41159  28.329  -43.410  -12.608 0.8999999762
41170  27.825  -43.746  -12.914 0.8999999762
41185  31.567  -43.395  -14.417 0.6999999881
41188  28.108  -43.917  -13.545 0.8999999762
42010  31.753  -42.782  -2.488 0.6999999881
42012  27.500  -42.703  -2.236 0.6000000238
42023  27.178  -42.419  -3.139 0.6000000238
42024  26.842  -42.361  -3.635 0.4000000060
42042  25.137  -43.044  -4.160 0.4000000060
42055  32.906  -42.194  -5.291 1.0000000000
42091  32.439  -42.439  -7.652 1.0000000000
42100  30.895  -42.089  -9.709 1.0000000000
42109  29.500  -42.261  -11.004 0.8999999762
42118  29.052  -42.772  -11.539 0.8999999762
42133  34.414  -41.966  -13.634 0.6000000238
42857  31.722  -41.211  -2.020 0.6999999881
42872  26.663  -41.644  -3.621 0.4000000060
42940  30.611  -41.918  -10.024 1.0000000000
42947  29.154  -41.687  -11.378 0.8999999762
42957  27.649  -41.423  -13.018 0.8999999762
42965  35.846  -41.166  -13.499 0.6000000238
42968  32.912  -41.598  -13.529 0.6999999881
43651  31.156  -40.064  -1.265 0.5000000000
43655  28.165  -40.750  -1.875 0.4000000060
43676  26.228  -40.890  -3.563 0.4000000060
43732  32.783  -40.979  -7.180 1.0000000000
43751  32.344  -40.630  -9.325 1.0000000000
43757  30.417  -40.869  -11.017 1.0000000000
43759  28.564  -41.167  -11.968 0.8999999762
43782  32.551  -40.882  -13.495 0.6999999881
44559  31.849  -39.811  -1.708 0.5000000000
44629  32.941  -40.039  -7.863 1.0000000000
44648  33.456  -39.423  -9.278 0.8000000119
44657  32.034  -40.237  -11.490 1.0000000000
44678  35.947  -39.746  -13.669 0.6000000238
44680  33.396  -39.950  -13.554 0.6000000238
44682  31.361  -39.593  -14.284 0.6999999881
44696  30.317  -39.381  -14.489 0.8000000119
44697  29.152  -39.109  -14.490 0.8999999762
44698  28.075  -39.591  -14.198 0.8999999762
45539  31.511  -38.636  -1.485 0.5000000000
45579  33.715  -38.658  -4.213 0.6999999881
45623  33.932  -38.928  -7.715 0.8000000119
45642  34.508  -38.381  -9.181 0.8000000119
45666  28.372  -38.189  -13.045 0.8999999762
45680  35.050  -38.366  -14.052 0.6000000238
45687  27.612  -38.247  -14.236 0.8999999762
45692  35.807  -37.465  -15.441 0.6000000238
46486  31.288  -37.977  -1.483 0.4000000060
46513  24.679  -37.894  -3.677 0.3000000119
46601  33.764  -38.412  -11.466 1.0000000000
46611  29.814  -38.122  -12.924 1.0000000000
46625  27.213  -37.263  -13.811 0.8999999762
46635  31.449  -37.516  -14.593 0.6999999881
46644  34.883  -37.263  -15.290 0.6000000238
47495  28.744  -36.573  -2.800 0.4000000060
47534  34.888  -36.935  -5.142 0.6000000238
47583  36.325  -36.119  -8.257 0.6999999881
47597  35.674  -36.337  -10.475 0.8000000119
47598  35.139  -36.826  -11.012 0.8000000119
47609  32.205  -37.011  -12.534 1.0000000000
47610  31.226  -37.104  -12.707 1.0000000000
47618  34.069  -36.093  -12.435 0.8000000119
47619  33.356  -36.182  -12.595 0.8000000119
47636  32.556  -36.911  -14.921 0.6999999881
47639  27.389  -36.870  -14.076 0.8999999762
47649  28.288  -37.045  -14.317 0.8999999762
48441  32.774  -34.940  -2.911 0.4000000060
48456  29.197  -35.030  -4.090 0.3000000119
48527  36.487  -35.412  -9.356 0.6999999881
48547  35.127  -35.125  -11.991 0.8000000119
48548  34.534  -35.465  -12.354 0.8000000119
48561  27.910  -35.782  -13.687 0.8999999762
48570  30.595  -35.448  -14.839 0.8000000119
49343  34.858  -34.952  -4.265 0.5000000000
49398  36.785  -34.756  -7.811 0.6999999881
49430  36.057  -34.520  -11.466 0.8000000119
49441  31.195  -34.774  -13.321 0.8999999762
49443  27.519  -34.136  -13.510 1.0000000000
49455  27.528  -35.009  -14.042 0.8999999762
49465  30.957  -34.846  -15.088 0.6999999881
49468  27.872  -34.419  -14.336 0.8999999762
50248  34.454  -33.578  -4.403 0.4000000060
50251  31.667  -33.553  -4.761 0.3000000119
50326  37.317  -33.088  -10.287 0.6999999881
50327  36.796  -33.461  -10.829 0.6999999881
50333  36.315  -33.789  -11.457 0.6999999881
50341  35.313  -34.008  -12.464 0.8000000119
50350  26.860  -33.236  -13.860 0.8999999762
50354  26.949  -33.739  -14.028 0.8999999762
50366  31.184  -33.438  -15.229 0.6999999881
50368  29.366  -33.451  -14.707 0.8000000119
50370  27.221  -33.961  -14.144 0.8999999762
51280  34.745  -32.743  -13.415 0.8000000119
51283  31.881  -32.276  -13.709 0.8999999762
51284  30.198  -32.777  -13.304 0.8999999762
51287  27.173  -32.676  -13.746 1.0000000000
51308  34.263  -32.581  -15.977 0.6000000238
51315  27.560  -33.203  -14.212 0.8999999762
52215  32.110  -31.270  -7.346 0.3000000119
52217  30.275  -31.917  -8.065 0.3000000119
52256  37.531  -31.444  -11.115 0.6000000238
52257  36.896  -31.850  -11.711 0.6000000238
52287  27.192  -31.253  -13.868 0.8999999762
52288  26.938  -31.920  -13.924 0.8999999762
53187  35.192  -30.827  -5.770 0.3000000119
53189  33.766  -30.961  -5.991 0.3000000119
53258  36.529  -30.290  -13.074 0.6000000238
53259  33.008  -30.965  -13.845 0.8000000119
53269  35.891  -30.238  -13.406 0.6999999881
53275  27.419  -30.970  -13.840 0.8999999762
53289  32.934  -30.974  -15.805 0.6999999881
53292  29.568  -30.565  -15.248 0.8000000119
53310  31.897  -29.998  -15.671 0.6999999881
54122  38.378  -29.217  -9.333 0.3000000119
54159  36.298  -29.719  -13.323 0.6000000238
54162  33.409  -29.579  -14.164 0.6999999881
54174  28.527  -28.595  -14.043 0.8000000119
54184  29.205  -28.929  -15.258 0.8000000119
54201  33.201  -29.549  -15.931 0.5000000000
54203  31.498  -29.364  -15.599 0.6999999881
55039  34.254  -28.182  -13.696 0.6999999881
55040  33.457  -27.924  -14.023 0.6999999881
55050  31.648  -28.240  -14.218 0.6999999881
55053  28.762  -28.169  -13.856 0.8000000119
55073  29.765  -28.468  -15.464 0.8000000119
55074  28.988  -28.150  -14.867 0.8000000119
55095  30.509  -28.148  -15.671 0.6999999881
56009  31.173  -27.666  -14.242 0.8000000119
56056  29.963  -27.593  -15.452 0.8000000119
56971  35.428  -26.313  -13.608 0.5000000000
56986  31.713  -26.343  -14.267 0.8000000119
56999  29.537  -26.576  -14.871 0.8000000119
57015  29.493  -26.195  -14.945 0.8000000119
57030  33.019  -26.518  -15.987 0.6000000238
57034  29.620  -25.904  -15.158 0.8000000119
57865  39.267  -25.198  -10.696 0.3000000119
57876  37.861  -25.748  -12.722 0.4000000060
57892  34.254  -25.364  -13.780 0.6999999881
57909  29.448  -25.081  -14.989 0.8000000119
57920  34.229  -25.743  -15.883 0.6000000238
57923  29.291  -25.433  -15.014 0.8000000119
57935  31.693  -25.076  -15.909 0.6000000238
58752  30.052  -24.484  -15.145 0.8000000119
58761  35.465  -24.791  -15.677 0.5000000000
58763  30.309  -24.265  -15.468 0.8000000119
58775  34.025  -24.308  -16.218 0.6000000238
58779  30.270  -24.434  -15.472 0.6999999881
59598  39.218  -23.225  -11.868 0.3000000119
59616  32.528  -23.835  -14.556 0.8000000119
59642  34.319  -23.588  -16.389 0.6000000238
60501  34.953  -22.864  -14.409 0.5000000000
60527  30.443  -22.048  -15.934 0.6000000238
61435  36.238  -21.309  -14.275 0.4000000060
61444  34.501  -21.348  -14.771 0.4000000060
61451  30.599  -21.577  -15.949 0.6000000238
62381  33.134  -20.531  -15.543 0.6000000238
63310  38.347  -19.678  -13.431 0.3000000119
63333  31.708  -19.151  -17.358 0.5000000000
63355  34.353  -19.308  -18.415 0.4000000060
64270  37.481  -18.638  -14.159 0.3000000119
64282  32.390  -19.129  -16.740 0.5000000000
64308  31.191  -18.141  -18.271 0.4000000060
65234  36.717  -17.836  -15.261 0.3000000119
65248  36.326  -16.925  -16.471 0.4000000060
65250  34.794  -17.732  -17.155 0.4000000060
65251  31.178  -17.745  -17.577 0.4000000060
65278  32.132  -17.209  -18.971 0.4000000060
66313  31.821  -16.281  -18.671 0.3000000119
118551  31.657  -16.023  -19.111 0.4000000060
118695  32.520  -16.618  -19.242 0.3000000119
119800  29.466  -36.598  -14.653 0.8999999762
119804  27.508  -38.351  -13.619 0.8999999762
119962  32.986  -28.090  -15.570 0.6000000238
119980  23.459  -56.951  -9.224 0.3000000119
121146  35.115  -39.756  -13.453 0.6000000238
121516  24.828  -57.908  -4.975 0.5000000000
121747  31.329  -49.845  -8.793 0.8000000119
121967  26.113  -58.157  -3.346 0.5000000000
122946  28.533  -47.648  -2.175 0.8999999762
123152  35.316  -23.444  -14.093 0.4000000060
123559  29.100  -43.916  -1.426 0.8000000119
123616  29.536  -46.756  -2.191 0.8999999762
123957  32.454  -46.198  -7.083 1.0000000000
124424  24.454  -55.083  -4.898 0.6999999881
125078  24.495  -50.145  -4.144 0.8000000119
125286  34.290  -29.848  -13.868 0.6999999881
125314  24.293  -39.042  -3.460 0.4000000060
125430  26.345  -46.206  -2.354 0.6999999881
125475  33.868  -34.118  -15.668 0.6000000238
125595  28.218  -31.681  -14.493 0.8000000119
125760  33.452  -39.439  -6.140 0.6999999881
125780  30.529  -56.855  -7.016 0.4000000060
125797  30.822  -47.364  -14.733 0.5000000000
126320  32.713  -44.329  -5.840 1.0000000000
126349  31.401  -47.356  -4.645 1.0000000000
126842  28.324  -49.153  -13.992 0.6000000238
126861  26.419  -53.924  -2.670 0.6999999881
126923  28.011  -60.028  -3.429 0.4000000060
127028  27.937  -51.885  -2.540 0.8999999762
127031  34.098  -45.574  -15.308 0.5000000000
127142  25.051  -57.797  -4.333 0.5000000000
127485  23.251  -54.010  -9.723 0.3000000119
127567  31.465  -45.542  -3.650 1.0000000000
127786  32.229  -49.165  -11.195 0.8000000119
127873  28.764  -34.994  -12.806 1.0000000000
127973  26.243  -52.733  -2.557 0.8999999762
128025  31.003  -37.166  -1.619 0.4000000060
128154  23.506  -50.721  -9.127 0.3000000119
128207  38.456  -27.655  -11.463 0.4000000060
128788  31.366  -50.420  -9.092 0.8000000119
129174  30.644  -32.728  -15.062 0.6999999881
129215  27.888  -46.153  -13.716 0.8999999762
129317  30.884  -31.946  -15.410 0.8000000119
129585  23.334  -53.960  -8.846 0.5000000000
129749  31.310  -19.793  -17.278 0.6000000238
129896  30.363  -39.446  -1.128 0.5000000000
130050  30.270  -47.575  -3.108 0.8999999762
130217  32.568  -34.785  -15.257 0.6999999881
130425  35.044  -42.399  -13.541 0.5000000000
130447  33.777  -21.730  -15.067 0.5000000000
130637  37.419  -27.092  -12.930 0.5000000000
130824  32.122  -47.517  -8.086 0.8999999762
130946  32.483  -25.881  -16.145 0.6000000238
131140  38.710  -27.067  -10.868 0.3000000119
131271  28.008  -41.312  -12.466 0.8999999762
131589  29.681  -48.667  -2.994 0.8999999762
131648  31.022  -53.197  -12.287 0.6000000238
131742  30.680  -47.371  -13.361 0.8000000119
132334  24.213  -56.379  -6.120 0.6000000238
132364  30.541  -30.415  -15.425 0.6999999881
132628  34.584  -26.089  -13.766 0.6999999881
132994  29.131  -49.789  -14.448 0.3000000119
133154  35.072  -34.224  -4.429 0.4000000060
133671  35.183  -25.542  -13.732 0.5000000000
135610  36.574  -39.388  -14.335 0.6000000238
135986  27.608  -49.749  -2.333 0.8999999762
136157  26.727  -60.313  -3.212 0.4000000060
136195  32.144  -43.835  -14.499 0.6000000238
136763  38.944  -22.095  -12.441 0.3000000119
136766  25.387  -38.776  -3.068 0.4000000060
137102  32.572  -38.223  -14.436 0.6999999881
137646  33.864  -35.390  -15.438 0.6999999881
137692  33.480  -37.880  -2.938 0.4000000060
137900  28.362  -43.169  -13.087 0.8999999762
138161  32.511  -46.301  -8.497 0.8999999762
138168  30.467  -59.541  -6.042 0.4000000060
138595  36.342  -18.946  -14.583 0.3000000119
139060  28.387  -30.284  -14.944 0.8000000119
139191  24.734  -37.283  -4.107 0.3000000119
139269  30.605  -24.365  -14.739 0.8000000119
139702  32.126  -39.679  -13.906 0.6999999881
139733  29.956  -41.755  -0.894 0.6000000238
139836  35.023  -37.530  -6.213 0.6999999881
139841  29.928  -26.911  -14.613 0.8000000119
140007  35.793  -31.315  -5.792 0.3000000119
140173  26.683  -44.158  -5.374 0.5000000000
140596  31.969  -26.826  -14.298 0.8000000119
140602  26.711  -59.319  -3.108 0.5000000000
140757  28.217  -49.938  -13.822 0.5000000000
140868  33.513  -41.416  -13.498 0.6000000238
141061  31.719  -25.197  -14.274 0.8000000119
141570  24.207  -52.970  -5.155 0.6999999881
142413  36.270  -34.590  -5.646 0.5000000000
143125  28.494  -56.392  -3.263 0.6000000238
143162  34.832  -28.678  -13.658 0.6999999881
