#!ascii label  , from subject sub-032304 vox2ras=TkReg
1522
3383  27.353  -88.225  -17.802 0.5000000000
8014  23.335  -80.258  -21.313 0.6000000238
8024  22.373  -80.313  -21.683 0.6000000238
8016  21.294  -80.486  -21.647 0.6000000238
8035  22.068  -79.783  -22.206 0.6999999881
8026  20.826  -80.129  -21.927 0.6000000238
9571  22.896  -78.641  -20.427 0.6999999881
9588  22.132  -78.996  -20.826 0.6000000238
5535  26.477  -84.137  -12.793 0.5000000000
4970  28.710  -85.085  -16.093 0.6000000238
5578  27.660  -84.903  -15.197 0.6000000238
5548  27.083  -84.268  -13.508 0.5000000000
5007  29.363  -85.695  -17.516 0.5000000000
4987  29.043  -85.438  -16.757 0.4000000060
5579  26.903  -85.055  -15.115 0.6000000238
9468  23.190  -78.483  -13.031 0.5000000000
3424  29.487  -88.419  -20.759 0.4000000060
8659  22.855  -78.840  -13.867 0.5000000000
9469  22.265  -78.491  -13.283 0.5000000000
8699  23.078  -79.825  -15.127 0.6000000238
7978  23.283  -80.582  -17.757 0.6000000238
8001  24.030  -80.159  -20.822 0.6000000238
8774  24.012  -79.197  -21.836 0.6999999881
8003  22.753  -80.792  -19.514 0.6000000238
8775  23.412  -79.267  -22.026 0.6999999881
10445  24.489  -77.167  -20.783 0.6000000238
10464  23.848  -78.568  -21.703 0.6999999881
121095  25.116  -76.111  -19.414 0.6000000238
10423  24.210  -77.523  -19.291 0.6000000238
10424  23.683  -78.140  -20.037 0.6999999881
11306  25.114  -76.272  -17.982 0.6999999881
8778  20.458  -79.589  -21.726 0.6000000238
6087  26.129  -83.514  -11.589 0.5000000000
6101  26.718  -83.691  -12.184 0.5000000000
5588  29.449  -84.840  -16.364 0.6000000238
5576  29.211  -84.465  -15.707 0.6999999881
5564  27.393  -84.546  -14.470 0.6000000238
5023  29.751  -85.967  -18.326 0.4000000060
8677  24.320  -79.617  -14.239 0.5000000000
8658  23.758  -79.121  -13.592 0.5000000000
3395  29.424  -88.800  -18.953 0.5000000000
8678  23.421  -79.471  -14.397 0.5000000000
7989  24.456  -80.267  -18.562 0.6999999881
7944  23.588  -80.256  -15.682 0.6000000238
8741  24.660  -79.963  -19.360 0.6999999881
7991  23.663  -80.671  -18.849 0.6000000238
130037  24.078  -80.507  -17.815 0.6000000238
7990  24.183  -80.296  -19.656 0.6999999881
8762  24.401  -79.565  -21.261 0.6999999881
10463  24.754  -77.131  -21.258 0.6000000238
9602  24.660  -78.269  -21.540 0.6000000238
12207  25.479  -75.270  -18.972 0.6000000238
9603  23.990  -78.739  -21.815 0.6000000238
13071  25.867  -74.457  -18.355 0.6000000238
125217  25.739  -74.629  -17.149 0.6999999881
10411  22.385  -77.712  -18.535 0.6999999881
10426  20.137  -78.164  -21.030 0.5000000000
141511  24.069  -77.508  -18.434 0.6999999881
10410  23.460  -77.816  -18.606 0.6999999881
9573  21.382  -78.530  -20.277 0.6000000238
6099  28.125  -82.989  -12.750 0.5000000000
6100  27.397  -83.349  -12.419 0.5000000000
6634  26.439  -82.619  -11.330 0.5000000000
6120  29.341  -83.105  -14.729 0.6999999881
6113  27.710  -83.645  -13.067 0.6000000238
5587  30.151  -84.426  -16.677 0.5000000000
133102  29.815  -83.991  -16.191 0.6999999881
6129  29.566  -83.613  -15.523 0.6999999881
6130  29.029  -84.048  -14.953 0.6000000238
6122  27.950  -83.963  -13.854 0.6000000238
5022  30.681  -85.776  -18.399 0.4000000060
5006  30.302  -85.493  -17.659 0.4000000060
5598  29.853  -85.219  -16.957 0.5000000000
119920  25.084  -79.608  -14.140 0.5000000000
122371  24.915  -80.093  -16.894 0.5000000000
7930  24.876  -80.162  -14.967 0.5000000000
7943  24.318  -80.296  -15.704 0.5000000000
8740  25.067  -79.688  -18.694 0.6000000238
139741  24.389  -80.396  -17.144 0.5000000000
8750  25.105  -79.395  -19.705 0.6999999881
10443  26.139  -76.953  -21.159 0.6000000238
10444  25.632  -77.358  -21.269 0.6999999881
8761  25.106  -79.196  -20.939 0.6999999881
12231  25.901  -75.372  -20.866 0.6000000238
10461  25.591  -76.682  -21.340 0.6000000238
9586  25.275  -78.194  -21.308 0.6999999881
13951  26.375  -72.940  -19.166 0.6999999881
12232  25.379  -75.588  -20.859 0.6000000238
11356  25.061  -76.437  -21.287 0.6000000238
14865  27.718  -72.021  -17.164 0.6000000238
14873  26.675  -72.629  -18.245 0.6999999881
128375  26.221  -73.628  -18.485 0.6999999881
15739  29.744  -71.994  -15.955 0.6000000238
14864  28.008  -72.277  -16.525 0.6000000238
14866  26.652  -73.000  -17.405 0.6999999881
11309  21.630  -76.914  -18.768 0.6000000238
14854  26.941  -72.828  -16.523 0.6999999881
10401  22.916  -77.405  -17.775 0.6999999881
10412  21.663  -77.461  -18.994 0.6000000238
14850  30.050  -72.255  -15.113 0.6999999881
14852  28.291  -72.597  -15.719 0.6000000238
13923  26.369  -73.490  -16.638 0.8000000119
142962  25.956  -74.049  -16.734 0.6999999881
12162  24.685  -75.900  -16.905 0.6999999881
11288  24.291  -76.732  -17.426 0.6999999881
6648  27.631  -82.663  -12.263 0.6000000238
122532  29.757  -82.705  -15.416 0.6999999881
6659  29.576  -82.127  -14.535 0.6999999881
142530  28.747  -82.966  -13.728 0.6000000238
6136  30.348  -83.485  -16.761 0.5000000000
6137  30.077  -83.106  -16.128 0.6999999881
5005  31.070  -85.235  -17.935 0.4000000060
5597  30.625  -84.704  -17.276 0.5000000000
8656  25.542  -79.613  -13.592 0.5000000000
118987  25.376  -79.552  -12.798 0.5000000000
8698  25.533  -79.904  -15.275 0.5000000000
8730  25.543  -79.499  -17.115 0.6000000238
9553  26.307  -78.045  -18.299 0.6000000238
128585  25.460  -79.331  -17.970 0.6999999881
7977  24.903  -79.827  -17.810 0.6999999881
9569  26.239  -78.032  -19.544 0.6999999881
9554  25.715  -78.886  -18.840 0.6999999881
13121  26.238  -74.413  -20.482 0.6000000238
11321  26.473  -76.496  -20.687 0.6000000238
9585  25.966  -77.712  -20.747 0.6999999881
15771  28.283  -70.826  -18.861 0.6999999881
14896  26.846  -72.380  -19.690 0.6999999881
13995  25.988  -73.991  -20.321 0.6999999881
13051  22.140  -75.016  -15.928 0.6000000238
127221  28.976  -71.408  -17.562 0.6000000238
15772  27.392  -71.592  -18.588 0.6999999881
13973  25.916  -73.647  -20.140 0.6999999881
16619  31.946  -70.853  -15.218 0.6000000238
15737  31.363  -71.302  -15.530 0.6000000238
15748  31.098  -71.342  -16.426 0.6000000238
15750  29.311  -71.711  -16.830 0.6000000238
15760  27.764  -71.641  -17.816 0.6999999881
12185  22.355  -76.051  -16.953 0.6000000238
143447  31.094  -71.565  -15.119 0.6000000238
13033  24.271  -74.558  -15.407 0.6999999881
12146  23.736  -75.205  -15.787 0.6000000238
11277  22.919  -76.321  -16.725 0.6999999881
11308  22.133  -77.114  -18.101 0.6000000238
16613  32.646  -70.173  -14.338 0.5000000000
15729  30.744  -71.806  -14.655 0.6000000238
14839  29.429  -72.567  -14.604 0.8000000119
14840  28.630  -72.880  -14.904 0.8000000119
13911  26.902  -73.334  -14.999 0.8000000119
13924  25.801  -73.885  -16.061 0.8000000119
13050  24.627  -75.059  -16.155 0.6999999881
11276  23.767  -76.358  -16.672 0.6999999881
13912  26.427  -73.433  -15.708 0.8000000119
7232  29.312  -81.907  -13.721 0.6999999881
7233  28.718  -81.668  -13.237 0.6999999881
7904  28.004  -81.017  -12.681 0.6999999881
7227  27.214  -81.426  -11.893 0.6000000238
6677  29.935  -82.199  -16.144 0.6999999881
7905  27.450  -80.884  -12.425 0.6000000238
6676  30.197  -82.438  -16.973 0.6000000238
7919  26.131  -79.993  -12.754 0.5000000000
123598  26.197  -79.790  -13.584 0.5000000000
15714  22.207  -71.170  -12.063 0.6000000238
121028  25.718  -79.713  -14.409 0.5000000000
15715  21.712  -71.892  -12.468 0.5000000000
8697  26.219  -79.346  -15.475 0.5000000000
14799  21.794  -72.744  -12.121 0.6000000238
8729  26.109  -78.666  -17.445 0.6999999881
8713  26.179  -79.017  -16.343 0.6000000238
10409  26.806  -77.413  -18.672 0.6999999881
13881  22.232  -73.864  -13.195 0.6000000238
12230  26.537  -74.927  -20.592 0.6999999881
11320  27.082  -76.279  -19.942 0.6000000238
135200  28.227  -70.629  -19.538 0.6999999881
133004  27.475  -71.805  -19.942 0.6999999881
13994  26.337  -73.557  -20.307 0.6999999881
13035  22.514  -74.584  -15.236 0.6000000238
13021  22.067  -74.087  -14.586 0.6000000238
15770  29.068  -70.891  -18.397 0.6000000238
15773  27.324  -71.620  -19.365 0.6999999881
13020  22.988  -74.387  -14.575 0.6000000238
119196  21.645  -74.322  -16.139 0.6000000238
15756  31.606  -70.878  -17.230 0.6000000238
15757  30.644  -71.169  -17.362 0.6000000238
13895  24.577  -74.231  -14.153 0.6999999881
13034  23.374  -74.701  -15.205 0.6000000238
16618  32.488  -70.483  -15.662 0.6000000238
127268  28.383  -73.147  -13.522 0.6000000238
132546  26.901  -73.483  -13.621 0.6000000238
13894  25.439  -73.869  -14.461 0.6999999881
13018  24.813  -74.108  -14.968 0.6000000238
12164  22.607  -75.639  -16.353 0.6000000238
14826  30.225  -72.275  -13.463 0.6000000238
13892  27.349  -73.361  -14.334 0.8000000119
128474  30.582  -71.908  -13.895 0.6000000238
14828  28.819  -72.811  -13.997 0.6999999881
13913  25.609  -73.825  -15.273 0.8000000119
7248  29.680  -81.228  -14.873 0.6999999881
7915  29.150  -81.057  -13.690 0.6999999881
7916  28.442  -80.756  -13.239 0.6999999881
7257  30.054  -81.697  -16.752 0.6999999881
6669  29.783  -81.885  -15.371 0.6999999881
7917  27.746  -80.402  -13.003 0.6000000238
7918  26.887  -80.219  -13.032 0.6000000238
16580  23.070  -70.693  -10.022 0.6000000238
17433  22.746  -69.522  -11.232 0.6000000238
16581  22.703  -70.551  -10.797 0.6000000238
16592  22.508  -70.420  -11.614 0.6000000238
8655  26.651  -79.747  -13.935 0.6000000238
15705  22.462  -71.501  -11.240 0.5000000000
9522  26.784  -78.167  -16.355 0.6999999881
9503  26.775  -78.679  -15.652 0.6999999881
14797  22.962  -73.134  -11.107 0.4000000060
142337  22.392  -72.223  -11.338 0.5000000000
10408  27.321  -76.798  -19.026 0.6999999881
10389  26.856  -77.489  -17.270 0.8000000119
13853  22.792  -73.589  -11.681 0.5000000000
12206  27.530  -75.664  -19.630 0.6000000238
13864  22.559  -73.823  -12.395 0.6000000238
13993  27.184  -73.226  -20.401 0.6999999881
12221  27.462  -74.855  -20.063 0.6999999881
13862  24.556  -74.111  -12.185 0.6999999881
13880  23.074  -74.259  -13.069 0.6000000238
16652  30.212  -70.308  -19.023 0.6999999881
16664  28.454  -70.415  -19.916 0.6999999881
13861  25.580  -73.945  -12.282 0.5000000000
13008  23.583  -74.287  -13.932 0.6000000238
17499  32.950  -69.944  -18.244 0.6000000238
120336  30.886  -70.633  -18.168 0.6000000238
128599  29.470  -70.411  -18.980 0.6999999881
119758  25.076  -74.140  -12.861 0.6999999881
16629  32.371  -70.414  -17.647 0.6000000238
13859  27.249  -73.437  -12.625 0.5000000000
139662  25.708  -73.938  -13.131 0.6000000238
124402  32.476  -70.537  -16.652 0.6000000238
14812  30.375  -72.303  -12.641 0.6000000238
13876  28.209  -73.258  -12.788 0.5000000000
13893  26.064  -73.638  -13.860 0.6999999881
127035  31.308  -71.365  -13.001 0.6000000238
7942  29.587  -80.348  -15.158 0.6999999881
8673  29.122  -79.785  -14.612 0.6999999881
8674  28.417  -79.500  -14.324 0.6000000238
8675  27.559  -79.484  -14.172 0.6000000238
17407  23.261  -69.981  -9.595 0.4000000060
130511  23.202  -69.026  -10.040 0.5000000000
8696  27.074  -79.025  -14.880 0.6000000238
16569  23.510  -70.797  -9.314 0.5000000000
18182  22.762  -68.642  -11.900 0.6000000238
9502  27.513  -78.328  -15.611 0.6999999881
10388  27.493  -77.617  -16.365 0.6999999881
8676  26.263  -79.593  -14.709 0.6000000238
14782  23.413  -72.510  -10.320 0.5000000000
139235  27.850  -76.489  -18.329 0.6999999881
13843  24.751  -73.387  -10.269 0.4000000060
14908  29.171  -71.583  -20.440 0.6999999881
13971  28.451  -73.499  -19.750 0.6999999881
13107  28.436  -74.435  -19.310 0.6999999881
140767  24.513  -73.712  -10.897 0.6000000238
141808  30.431  -69.684  -20.110 0.6999999881
16671  29.351  -70.229  -20.230 0.6999999881
13108  27.572  -73.973  -20.240 0.6999999881
13842  25.767  -73.504  -10.476 0.5000000000
121736  24.925  -73.900  -11.479 0.5000000000
16651  31.193  -70.189  -19.121 0.6000000238
16662  30.286  -69.800  -19.809 0.6999999881
16672  28.511  -70.521  -20.134 0.6999999881
14910  27.554  -72.349  -20.165 0.6999999881
13850  25.719  -73.776  -11.355 0.5000000000
17497  34.478  -69.304  -17.389 0.5000000000
16640  32.148  -70.175  -18.698 0.6000000238
127975  29.344  -79.457  -15.408 0.6999999881
8695  28.671  -79.056  -15.019 0.6999999881
17396  23.497  -69.283  -8.971 0.4000000060
9520  29.220  -78.356  -16.244 0.6999999881
9488  27.927  -78.824  -14.813 0.6999999881
18153  23.366  -68.181  -9.648 0.4000000060
9501  28.243  -78.400  -15.464 0.6999999881
18181  23.083  -67.939  -11.346 0.6000000238
10398  28.624  -76.909  -16.912 0.8000000119
10387  28.229  -77.428  -16.392 0.6999999881
133692  29.007  -75.495  -18.220 0.6000000238
11304  28.537  -76.102  -18.196 0.6000000238
19802  22.617  -66.483  -11.558 0.6000000238
14895  28.787  -72.822  -19.919 0.6999999881
13106  29.327  -74.083  -18.921 0.6999999881
12205  28.308  -75.404  -18.979 0.6000000238
15803  30.034  -70.496  -20.633 0.6000000238
17514  32.178  -69.246  -20.150 0.6000000238
18980  20.016  -67.713  -11.699 0.5000000000
124816  32.646  -69.578  -19.303 0.6000000238
135014  31.818  -69.639  -19.589 0.6999999881
17505  34.335  -69.204  -18.519 0.5000000000
10386  29.132  -77.628  -16.585 0.6999999881
18950  23.509  -67.119  -9.508 0.4000000060
128408  23.339  -67.197  -11.011 0.5000000000
12204  29.756  -75.389  -18.166 0.8000000119
19783  23.035  -66.357  -10.959 0.4000000060
139713  23.342  -66.383  -10.121 0.4000000060
11303  29.451  -75.946  -17.836 0.6999999881
18978  21.811  -66.611  -11.087 0.4000000060
19800  23.031  -66.522  -11.558 0.5000000000
16679  30.654  -70.099  -20.817 0.6000000238
14894  29.512  -72.499  -19.868 0.6000000238
13970  29.498  -73.315  -19.406 0.6999999881
18964  20.906  -67.385  -10.461 0.4000000060
17523  31.516  -69.500  -20.505 0.6000000238
17524  30.690  -69.720  -20.361 0.6000000238
18167  19.432  -68.294  -11.061 0.4000000060
18989  20.745  -67.250  -12.330 0.6000000238
18269  33.128  -68.900  -19.901 0.6000000238
18257  34.961  -68.492  -19.289 0.5000000000
18255  36.350  -68.143  -18.646 0.5000000000
18937  23.717  -66.769  -8.812 0.4000000060
10397  29.550  -77.061  -17.191 0.8000000119
19782  23.233  -65.965  -10.160 0.4000000060
11285  30.030  -76.499  -17.602 0.6999999881
143231  22.654  -66.129  -9.991 0.4000000060
13969  30.275  -73.048  -19.514 0.6000000238
13089  30.064  -74.643  -18.523 0.6999999881
15791  30.181  -70.969  -20.894 0.6000000238
14893  29.981  -72.227  -19.991 0.6000000238
18952  20.724  -67.480  -9.527 0.4000000060
129420  20.136  -67.965  -9.947 0.4000000060
18270  32.959  -69.024  -20.238 0.6000000238
18168  18.979  -68.996  -10.283 0.4000000060
18268  34.559  -68.382  -20.026 0.4000000060
142180  23.562  -66.161  -9.035 0.4000000060
12203  30.794  -75.444  -18.329 0.6999999881
20617  23.163  -65.813  -9.800 0.4000000060
13968  30.974  -73.297  -19.871 0.6999999881
13088  31.085  -74.457  -18.877 0.6000000238
19769  22.063  -66.402  -9.285 0.4000000060
16678  31.302  -70.371  -21.223 0.6000000238
14918  30.744  -71.504  -21.306 0.6000000238
18154  19.488  -68.549  -9.580 0.4000000060
17521  33.287  -69.023  -20.482 0.6000000238
18155  18.837  -69.183  -9.231 0.3000000119
18277  33.810  -68.676  -20.232 0.4000000060
18267  35.278  -68.067  -20.078 0.4000000060
19063  36.047  -67.827  -20.201 0.4000000060
19757  21.186  -66.689  -8.260 0.4000000060
18938  20.526  -67.493  -8.592 0.4000000060
16677  32.386  -70.348  -21.180 0.6000000238
18280  34.187  -68.799  -20.600 0.6000000238
17528  34.795  -69.494  -20.997 0.6000000238
18274  36.404  -68.012  -20.510 0.4000000060
17525  36.743  -68.720  -20.638 0.5000000000
19067  37.831  -67.447  -20.495 0.4000000060
18144  15.569  -68.192  -8.419 0.3000000119
19066  38.669  -67.368  -20.546 0.4000000060
20552  23.175  -65.117  -5.880 0.4000000060
18926  17.547  -67.642  -7.334 0.3000000119
20605  14.591  -66.054  -8.908 0.4000000060
21353  23.471  -64.909  -5.003 0.4000000060
20554  21.397  -65.202  -5.722 0.4000000060
20573  18.058  -65.854  -6.483 0.3000000119
20556  19.640  -65.548  -5.775 0.3000000119
19759  15.733  -66.649  -8.241 0.3000000119
19758  16.437  -66.721  -7.747 0.3000000119
19760  15.028  -66.710  -8.544 0.3000000119
21338  22.998  -64.067  -4.305 0.4000000060
122929  21.032  -64.592  -5.313 0.4000000060
20555  20.458  -64.982  -5.542 0.4000000060
20585  17.424  -65.987  -6.903 0.3000000119
20586  16.839  -65.987  -7.501 0.3000000119
22272  14.354  -63.013  -11.195 0.4000000060
137157  14.689  -61.785  -11.482 0.3000000119
123795  15.228  -61.057  -11.599 0.3000000119
20603  16.155  -65.745  -8.228 0.3000000119
20604  15.362  -65.920  -8.673 0.3000000119
21340  21.195  -64.026  -4.879 0.4000000060
21357  19.664  -64.592  -5.531 0.4000000060
21358  18.944  -64.954  -5.700 0.3000000119
21371  18.272  -65.066  -6.256 0.3000000119
21372  17.674  -65.225  -6.799 0.3000000119
21423  15.122  -64.214  -10.228 0.3000000119
21388  16.831  -65.151  -7.905 0.3000000119
120245  14.956  -62.478  -11.462 0.3000000119
21401  16.334  -64.739  -8.652 0.3000000119
23145  16.147  -61.791  -12.049 0.4000000060
25055  15.980  -61.236  -12.216 0.3000000119
24080  16.547  -61.280  -12.384 0.3000000119
25054  16.644  -60.741  -12.461 0.3000000119
119809  19.706  -63.877  -5.455 0.4000000060
22211  19.097  -63.985  -5.761 0.4000000060
22222  18.547  -63.625  -6.419 0.3000000119
22259  15.525  -63.609  -10.671 0.4000000060
22230  18.141  -63.383  -7.160 0.3000000119
21422  15.869  -63.986  -10.010 0.3000000119
22270  15.997  -63.145  -11.288 0.4000000060
23128  16.716  -62.847  -10.907 0.4000000060
137831  17.966  -60.826  -13.011 0.3000000119
23077  20.413  -62.559  -5.131 0.4000000060
22221  19.071  -63.131  -6.010 0.4000000060
23088  18.697  -62.865  -6.718 0.4000000060
23098  18.555  -62.770  -7.617 0.4000000060
21400  16.998  -64.314  -8.145 0.3000000119
22247  17.314  -63.529  -9.392 0.3000000119
22257  17.093  -63.292  -10.184 0.3000000119
23127  17.456  -62.625  -10.550 0.3000000119
23137  17.917  -62.115  -11.038 0.5000000000
23138  17.119  -62.186  -11.361 0.4000000060
24068  17.670  -61.621  -11.954 0.4000000060
24088  18.365  -60.556  -13.401 0.3000000119
23087  19.366  -62.444  -6.350 0.4000000060
23097  19.135  -62.279  -7.207 0.4000000060
23103  19.083  -62.269  -8.129 0.3000000119
23115  19.081  -62.134  -9.094 0.3000000119
132542  19.430  -61.653  -10.000 0.3000000119
25026  20.618  -60.597  -10.767 0.3000000119
22237  18.076  -63.325  -8.135 0.3000000119
23104  18.529  -62.721  -8.588 0.3000000119
24059  18.663  -61.851  -10.572 0.3000000119
24058  19.215  -61.357  -11.046 0.3000000119
24057  19.828  -60.830  -11.550 0.3000000119
23117  17.751  -62.956  -9.795 0.3000000119
24077  18.998  -61.124  -12.245 0.3000000119
125889  18.325  -61.175  -12.678 0.3000000119
26083  18.426  -59.752  -13.394 0.3000000119
24005  22.556  -61.524  -4.296 0.3000000119
24013  21.432  -61.403  -5.171 0.3000000119
24022  20.389  -61.449  -6.210 0.3000000119
24978  20.683  -61.025  -7.028 0.3000000119
25011  20.949  -60.805  -9.109 0.3000000119
25025  21.447  -60.299  -10.353 0.3000000119
24023  19.762  -61.640  -6.832 0.3000000119
24998  20.836  -60.923  -8.140 0.3000000119
24037  20.341  -61.360  -8.778 0.3000000119
129748  20.971  -60.601  -9.875 0.3000000119
25038  21.291  -60.231  -11.440 0.3000000119
25039  20.625  -60.537  -12.152 0.3000000119
25040  19.669  -60.690  -12.804 0.3000000119
25051  19.588  -60.804  -14.019 0.3000000119
24078  18.502  -60.743  -13.252 0.3000000119
25062  19.612  -60.650  -14.162 0.3000000119
24940  23.967  -60.995  -3.479 0.3000000119
24967  21.894  -60.769  -5.821 0.3000000119
24021  21.039  -61.063  -6.005 0.3000000119
24989  21.494  -60.600  -7.659 0.3000000119
25010  21.563  -60.397  -9.467 0.3000000119
26065  21.746  -59.702  -11.942 0.3000000119
25060  21.061  -60.205  -13.653 0.3000000119
25061  20.235  -60.473  -14.205 0.3000000119
26066  19.013  -59.171  -12.725 0.3000000119
26032  21.969  -59.950  -9.849 0.3000000119
26047  21.819  -59.777  -10.819 0.3000000119
134031  21.530  -59.620  -13.800 0.3000000119
26096  21.080  -59.374  -14.336 0.3000000119
26091  19.430  -60.308  -14.211 0.3000000119
27039  19.812  -59.300  -13.989 0.3000000119
120799  22.338  -59.342  -10.250 0.3000000119
26046  22.271  -59.181  -11.252 0.3000000119
26081  21.725  -59.738  -13.066 0.3000000119
26022  23.001  -58.988  -9.051 0.3000000119
26996  22.680  -58.578  -10.591 0.3000000119
142682  22.526  -58.575  -11.541 0.3000000119
26064  22.256  -59.019  -12.458 0.3000000119
27037  21.862  -58.540  -14.114 0.3000000119
28022  21.244  -58.338  -14.197 0.3000000119
27029  20.278  -58.359  -13.496 0.3000000119
3382  28.766  -88.640  -18.101 0.5000000000
2773  29.052  -88.786  -19.756 0.5000000000
2797  29.005  -88.802  -20.053 0.4000000060
9587  23.170  -78.798  -21.715 0.6999999881
139173  22.154  -78.542  -19.798 0.6999999881
4472  30.146  -86.264  -19.121 0.4000000060
2772  29.759  -88.850  -19.337 0.5000000000
12222  25.436  -75.223  -20.197 0.6000000238
8714  25.531  -79.678  -16.176 0.5000000000
13952  26.000  -73.656  -19.508 0.6000000238
10399  27.682  -76.971  -16.937 0.8000000119
11305  27.785  -76.158  -19.008 0.6000000238
17498  33.710  -69.610  -17.802 0.5000000000
15793  28.391  -71.130  -20.353 0.6999999881
18979  20.934  -67.281  -11.427 0.4000000060
18249  35.003  -68.827  -18.019 0.5000000000
17531  31.810  -69.634  -20.836 0.6000000238
121896  35.753  -67.932  -19.648 0.4000000060
13991  30.603  -72.442  -20.271 0.6000000238
15801  31.198  -71.600  -21.565 0.6000000238
18141  19.311  -68.574  -8.682 0.3000000119
18275  35.581  -68.111  -20.279 0.4000000060
18279  35.106  -68.725  -20.567 0.4000000060
20553  22.329  -65.119  -5.755 0.4000000060
24014  20.660  -61.700  -5.422 0.3000000119
24957  22.812  -60.779  -4.566 0.3000000119
130222  31.240  -75.041  -21.416 0.5000000000
125619  31.628  -75.566  -19.855 0.5000000000
12202  31.377  -75.946  -18.568 0.6999999881
10407  31.119  -77.420  -18.176 0.6999999881
9538  29.727  -78.460  -16.798 0.6000000238
13119  31.295  -73.900  -20.877 0.5000000000
139292  31.529  -75.336  -18.963 0.6000000238
11302  30.884  -76.412  -18.033 0.6000000238
7267  30.109  -80.849  -16.978 0.6000000238
7258  29.906  -81.174  -15.889 0.6000000238
10421  31.565  -77.471  -19.329 0.6999999881
8739  30.487  -79.441  -18.181 0.6000000238
8727  30.020  -79.305  -17.214 0.6000000238
9552  30.834  -78.425  -18.187 0.6999999881
9537  30.291  -78.547  -17.484 0.6000000238
7956  29.798  -80.147  -16.099 0.6000000238
131388  31.315  -73.736  -22.109 0.5000000000
135904  31.474  -78.397  -19.803 0.6999999881
8749  31.173  -79.087  -19.067 0.6999999881
7988  30.378  -80.457  -18.570 0.6000000238
119398  30.190  -81.018  -17.978 0.6000000238
9551  31.313  -78.178  -18.820 0.6999999881
7976  30.133  -80.213  -17.679 0.6000000238
124944  30.731  -76.633  -21.979 0.6000000238
14011  31.623  -73.379  -22.295 0.5000000000
13990  31.239  -73.005  -20.955 0.5000000000
9584  31.367  -78.567  -20.964 0.6999999881
141255  30.924  -79.670  -19.695 0.6000000238
7266  30.242  -81.638  -17.466 0.6000000238
14920  33.155  -72.819  -22.271 0.5000000000
14922  31.440  -72.629  -21.936 0.5000000000
15797  35.557  -71.240  -21.159 0.5000000000
15806  32.687  -72.148  -21.785 0.5000000000
140121  36.724  -70.192  -20.508 0.4000000060
7306  20.984  -80.858  -20.510 0.4000000060
8015  22.701  -80.634  -20.609 0.4000000060
7295  21.914  -80.899  -20.004 0.4000000060
7283  21.765  -80.930  -19.057 0.5000000000
7992  22.571  -80.776  -18.458 0.5000000000
7979  22.194  -80.684  -17.411 0.5000000000
15798  34.086  -71.289  -21.611 0.5000000000
9470  20.754  -78.706  -13.327 0.6000000238
16674  35.302  -71.017  -21.422 0.4000000060
132672  23.062  -80.509  -16.998 0.5000000000
7960  22.434  -80.430  -16.488 0.5000000000
8660  21.997  -78.785  -14.048 0.5000000000
7284  20.776  -81.278  -18.767 0.5000000000
7993  21.475  -81.034  -18.205 0.5000000000
7268  20.540  -81.486  -18.104 0.5000000000
7980  20.922  -81.089  -17.467 0.5000000000
7962  20.050  -81.203  -16.700 0.5000000000
7946  21.791  -80.210  -15.935 0.5000000000
8701  21.147  -79.817  -15.397 0.5000000000
134307  21.082  -79.121  -13.961 0.5000000000
16675  34.580  -70.466  -21.402 0.5000000000
8680  21.573  -79.380  -14.649 0.5000000000
17513  37.955  -69.609  -19.847 0.4000000060
16673  36.183  -70.327  -21.011 0.4000000060
16660  37.469  -69.831  -20.210 0.4000000060
10425  20.911  -77.844  -19.936 0.5000000000
7269  19.904  -81.658  -17.634 0.5000000000
16676  33.469  -70.348  -21.288 0.5000000000
17527  35.712  -69.539  -20.876 0.4000000060
12186  21.975  -75.498  -17.356 0.5000000000
128910  21.720  -75.321  -18.621 0.5000000000
127376  21.491  -74.776  -20.070 0.5000000000
11324  20.744  -76.706  -19.930 0.5000000000
16669  37.172  -69.277  -20.583 0.4000000060
13072  21.759  -74.675  -17.913 0.5000000000
13092  21.803  -74.285  -19.333 0.5000000000
13925  21.577  -74.109  -17.119 0.5000000000
131649  21.561  -73.163  -17.355 0.5000000000
13954  22.231  -73.479  -19.880 0.5000000000
13123  21.117  -74.133  -20.789 0.4000000060
137889  21.323  -73.133  -15.718 0.5000000000
128691  21.958  -72.790  -18.349 0.6000000238
13974  22.238  -72.905  -20.706 0.6000000238
13022  21.696  -73.745  -14.976 0.5000000000
14855  21.325  -72.471  -15.398 0.5000000000
14867  21.374  -72.610  -16.418 0.5000000000
14874  21.758  -72.156  -17.672 0.6000000238
14884  22.332  -72.142  -18.832 0.6000000238
14912  21.995  -72.438  -21.174 0.6000000238
13975  20.840  -73.160  -20.733 0.5000000000
13955  20.359  -73.264  -19.118 0.5000000000
141724  20.246  -72.601  -18.756 0.5000000000
137466  21.280  -72.932  -13.810 0.5000000000
14815  21.469  -72.630  -13.060 0.5000000000
15730  21.291  -71.928  -14.738 0.5000000000
141837  21.368  -72.064  -15.990 0.5000000000
138192  21.471  -71.118  -14.933 0.6000000238
15775  22.471  -71.419  -18.694 0.6000000238
15786  22.160  -71.428  -20.069 0.6000000238
15796  21.399  -72.062  -21.098 0.6000000238
15788  21.066  -71.521  -20.298 0.5000000000
125927  19.463  -68.187  -16.510 0.5000000000
15777  19.323  -70.958  -18.645 0.5000000000
13865  21.831  -73.364  -12.608 0.5000000000
134033  21.479  -71.351  -14.203 0.6000000238
16616  21.752  -70.442  -14.564 0.6000000238
17488  22.247  -69.323  -15.884 0.6000000238
16643  22.180  -70.646  -17.260 0.6000000238
17500  22.560  -68.911  -16.927 0.6000000238
16655  22.468  -70.032  -18.937 0.6000000238
16642  22.484  -69.715  -17.851 0.6000000238
15787  21.512  -71.627  -20.486 0.6000000238
16668  21.092  -70.793  -19.720 0.5000000000
15776  20.396  -71.265  -19.167 0.5000000000
127642  20.592  -70.149  -19.169 0.5000000000
17509  20.640  -69.502  -18.849 0.5000000000
121547  19.780  -70.060  -18.732 0.5000000000
17510  19.635  -69.595  -18.344 0.5000000000
16610  21.801  -70.647  -13.684 0.6000000238
16615  22.243  -69.679  -14.042 0.6000000238
17477  22.499  -68.671  -15.359 0.6000000238
18227  22.699  -67.958  -15.751 0.6000000238
137928  22.472  -68.562  -16.094 0.6000000238
125508  22.499  -68.718  -17.972 0.6000000238
18240  22.557  -67.978  -16.604 0.6000000238
18259  22.157  -68.492  -18.673 0.5000000000
18250  22.200  -67.987  -17.918 0.5000000000
17508  21.743  -69.086  -19.166 0.5000000000
19052  21.125  -67.213  -17.650 0.5000000000
19879  21.417  -66.285  -17.382 0.6000000238
18251  20.781  -68.173  -18.021 0.5000000000
19053  20.297  -67.633  -17.124 0.5000000000
19041  19.548  -66.668  -16.473 0.5000000000
19859  18.276  -66.657  -15.417 0.5000000000
18221  22.704  -67.593  -14.474 0.6000000238
19013  22.533  -66.765  -14.635 0.6000000238
19026  22.507  -67.126  -16.197 0.6000000238
19878  21.965  -66.553  -17.434 0.6000000238
20673  20.387  -65.635  -16.392 0.6000000238
19872  19.196  -66.145  -16.003 0.5000000000
18999  22.686  -66.945  -13.791 0.6000000238
19869  21.599  -65.932  -16.973 0.6000000238
130263  19.848  -65.944  -15.620 0.6000000238
19841  18.990  -66.327  -15.579 0.5000000000
19817  22.684  -66.534  -12.597 0.6000000238
19827  22.725  -66.598  -13.070 0.6000000238
126324  22.432  -66.486  -13.285 0.6000000238
127769  21.462  -66.324  -14.408 0.6000000238
19857  20.610  -65.622  -15.898 0.6000000238
19014  18.629  -66.572  -14.757 0.5000000000
19819  21.347  -66.756  -12.991 0.6000000238
19829  20.721  -66.644  -13.948 0.6000000238
19000  20.426  -67.161  -13.124 0.6000000238
19840  20.648  -66.262  -14.974 0.6000000238
18990  19.767  -67.568  -12.620 0.6000000238
18208  18.137  -68.370  -12.778 0.5000000000
18183  19.187  -68.155  -11.972 0.4000000060
8712  29.593  -79.157  -16.293 0.6000000238
137756  30.541  -77.843  -17.650 0.6999999881
14917  31.236  -72.203  -21.636 0.5000000000
15807  31.869  -72.134  -21.810 0.5000000000
14916  34.411  -72.508  -21.582 0.5000000000
15804  34.393  -72.061  -21.633 0.5000000000
8681  20.432  -79.695  -14.681 0.6000000238
16632  21.780  -70.815  -16.313 0.6000000238
16631  22.264  -69.972  -16.606 0.6000000238
17517  22.260  -69.582  -19.169 0.6000000238
18260  21.932  -68.497  -18.847 0.5000000000
124729  22.330  -66.539  -13.931 0.6000000238
19838  22.153  -66.166  -15.027 0.6000000238
19001  19.543  -67.189  -13.762 0.6000000238
133555  18.622  -67.406  -13.912 0.6000000238
3984  28.285  -87.784  -16.292 0.4000000060
3952  29.915  -87.006  -14.615 0.5000000000
3968  30.525  -87.538  -15.346 0.5000000000
131082  29.715  -87.444  -15.238 0.4000000060
3983  29.567  -88.099  -16.630 0.4000000060
127310  30.120  -88.615  -17.509 0.4000000060
3366  29.117  -88.382  -17.362 0.4000000060
3966  32.864  -88.111  -15.430 0.5000000000
3950  31.983  -87.057  -14.792 0.5000000000
3364  31.506  -88.793  -16.882 0.5000000000
3380  30.983  -88.991  -17.621 0.5000000000
3381  29.763  -88.769  -18.214 0.4000000060
3350  33.013  -88.622  -16.331 0.5000000000
3363  32.371  -88.951  -17.000 0.5000000000
3379  31.688  -89.087  -17.686 0.5000000000
2761  31.068  -89.121  -18.282 0.5000000000
2762  30.270  -88.884  -18.714 0.4000000060
2771  30.341  -88.850  -19.203 0.4000000060
3349  33.457  -88.269  -16.688 0.5000000000
3378  32.712  -88.596  -17.952 0.5000000000
129067  33.097  -88.259  -18.348 0.5000000000
2759  32.163  -88.879  -18.206 0.5000000000
3394  31.637  -88.732  -19.158 0.5000000000
2783  30.163  -88.861  -19.691 0.4000000060
6156  30.969  -82.965  -17.963 0.5000000000
6144  30.911  -83.793  -17.343 0.4000000060
6155  31.410  -83.853  -18.136 0.4000000060
122103  31.941  -83.925  -18.792 0.4000000060
5021  31.314  -85.569  -18.613 0.4000000060
4477  31.040  -86.184  -19.177 0.4000000060
135750  32.903  -88.114  -18.924 0.5000000000
4476  31.357  -86.508  -20.254 0.4000000060
4485  30.917  -87.282  -20.859 0.4000000060
4011  30.641  -87.888  -21.089 0.4000000060
4000  32.655  -87.976  -19.537 0.4000000060
3413  31.977  -88.431  -19.770 0.5000000000
125064  30.839  -88.540  -20.455 0.4000000060
2794  31.198  -88.666  -19.881 0.4000000060
6706  31.488  -83.032  -18.867 0.4000000060
5609  32.309  -84.481  -19.408 0.4000000060
5038  31.883  -85.630  -19.474 0.4000000060
4475  33.762  -87.169  -19.701 0.4000000060
4484  31.747  -86.997  -21.178 0.4000000060
4010  31.246  -88.076  -20.979 0.4000000060
4483  33.518  -86.996  -20.425 0.4000000060
4004  32.347  -87.913  -20.211 0.4000000060
4009  32.002  -87.751  -20.818 0.4000000060
4005  31.608  -88.298  -20.416 0.4000000060
132792  30.509  -81.854  -18.529 0.5000000000
6701  30.798  -82.368  -18.618 0.4000000060
6713  31.630  -82.583  -20.176 0.4000000060
5612  32.895  -84.312  -21.378 0.4000000060
5608  32.647  -85.232  -20.535 0.4000000060
5065  33.111  -85.490  -21.605 0.4000000060
5052  32.595  -86.377  -21.260 0.4000000060
142031  33.887  -86.194  -21.000 0.4000000060
5064  33.313  -85.900  -21.579 0.4000000060
119146  32.868  -86.297  -21.413 0.4000000060
7282  30.409  -81.251  -18.840 0.5000000000
7294  30.555  -81.358  -19.878 0.5000000000
8000  30.474  -80.684  -19.606 0.6000000238
6707  30.923  -81.906  -20.090 0.5000000000
6170  32.435  -83.359  -20.713 0.4000000060
6175  32.409  -83.395  -22.676 0.4000000060
5617  33.035  -84.100  -22.480 0.4000000060
6177  33.581  -84.231  -22.453 0.4000000060
130703  30.558  -81.484  -21.784 0.4000000060
121151  30.742  -80.178  -20.351 0.5000000000
6719  30.817  -82.022  -22.563 0.4000000060
6724  31.625  -82.691  -22.709 0.4000000060
122016  30.658  -80.990  -22.774 0.5000000000
127981  31.012  -81.375  -23.070 0.4000000060
123700  31.120  -82.202  -22.957 0.4000000060
7318  31.811  -82.230  -23.040 0.4000000060
137150  30.735  -79.935  -22.328 0.6000000238
8759  31.190  -79.314  -20.355 0.6000000238
8033  30.878  -80.438  -22.941 0.5000000000
8032  31.704  -80.289  -22.950 0.4000000060
141196  31.661  -75.991  -19.125 0.5000000000
16609  22.234  -69.919  -13.163 0.5000000000
18192  22.902  -68.043  -12.844 0.5000000000
18988  22.920  -66.636  -12.298 0.5000000000
17448  22.540  -69.222  -12.604 0.5000000000
18191  22.980  -67.400  -12.174 0.5000000000
17461  22.541  -68.884  -13.447 0.5000000000
3351  32.165  -88.523  -16.147 0.5000000000
3353  30.094  -87.883  -15.955 0.5000000000
6163  32.240  -83.509  -19.579 0.4000000060
4491  33.110  -86.680  -21.209 0.4000000060
6714  30.893  -82.051  -21.338 0.4000000060
6718  31.522  -82.651  -21.796 0.4000000060
5614  33.176  -84.702  -22.106 0.4000000060
5616  33.532  -84.847  -22.197 0.4000000060
8012  30.530  -80.954  -20.872 0.5000000000
6722  32.515  -82.787  -23.051 0.4000000060
8760  30.586  -80.497  -21.640 0.5000000000
8034  30.866  -79.993  -22.745 0.6000000238
129953  32.389  -81.144  -22.855 0.5000000000
8772  31.057  -79.003  -22.622 0.5000000000
14871  35.311  -72.827  -17.289 0.3000000119
13934  34.825  -73.356  -18.072 0.3000000119
14880  35.261  -72.507  -18.307 0.3000000119
15755  35.738  -71.993  -17.806 0.3000000119
15747  35.747  -72.090  -16.923 0.3000000119
137763  36.152  -72.047  -14.854 0.3000000119
15735  36.106  -71.678  -15.689 0.3000000119
13070  34.797  -73.978  -17.846 0.3000000119
13104  34.359  -74.582  -18.919 0.4000000060
13117  33.961  -74.550  -19.877 0.4000000060
123900  35.121  -73.653  -17.316 0.3000000119
139752  33.825  -74.074  -20.923 0.4000000060
14881  34.730  -72.920  -18.997 0.4000000060
14010  32.467  -73.259  -22.413 0.4000000060
124047  31.392  -74.341  -22.359 0.4000000060
13922  35.499  -73.349  -16.607 0.3000000119
15784  35.393  -71.995  -19.278 0.3000000119
14905  34.574  -72.738  -20.923 0.4000000060
140412  36.714  -70.650  -16.849 0.3000000119
131108  33.775  -76.158  -21.186 0.4000000060
11354  33.108  -76.480  -22.384 0.4000000060
11362  30.823  -76.352  -22.968 0.4000000060
11355  30.610  -76.616  -22.850 0.4000000060
12201  34.651  -75.186  -18.759 0.4000000060
12228  33.966  -75.472  -20.309 0.4000000060
12229  33.571  -75.508  -21.460 0.4000000060
12252  31.221  -75.502  -22.924 0.4000000060
12253  30.733  -75.815  -22.707 0.4000000060
13069  35.246  -74.364  -17.481 0.3000000119
13118  33.719  -74.800  -21.076 0.4000000060
13141  32.078  -74.805  -22.832 0.4000000060
13048  35.517  -74.077  -16.784 0.3000000119
126330  32.840  -74.206  -22.411 0.4000000060
12246  30.825  -75.386  -22.745 0.4000000060
13921  35.894  -73.755  -16.142 0.3000000119
14008  33.996  -73.138  -21.980 0.4000000060
15790  35.703  -71.450  -20.366 0.4000000060
10469  33.924  -77.725  -22.247 0.4000000060
141905  31.717  -77.749  -23.036 0.4000000060
11336  34.331  -76.611  -20.719 0.4000000060
10459  33.925  -76.972  -21.708 0.4000000060
10470  32.730  -77.224  -22.582 0.4000000060
125915  30.715  -77.437  -22.906 0.4000000060
12199  36.251  -75.815  -18.136 0.3000000119
12218  34.846  -75.817  -19.093 0.4000000060
13046  37.107  -74.755  -16.207 0.3000000119
13047  36.282  -74.508  -16.470 0.3000000119
132215  30.686  -75.909  -22.596 0.4000000060
13031  36.470  -74.212  -15.886 0.3000000119
137133  31.400  -78.617  -22.999 0.4000000060
131293  33.033  -77.957  -22.550 0.4000000060
15783  36.443  -70.827  -20.295 0.3000000119
16649  37.514  -70.100  -19.460 0.3000000119
15768  36.231  -71.178  -19.416 0.3000000119
123143  31.679  -76.546  -20.015 0.4000000060
10460  30.719  -77.254  -22.502 0.4000000060
9601  31.026  -78.130  -22.258 0.4000000060
126192  32.175  -79.353  -22.883 0.4000000060
142132  34.575  -73.532  -18.629 0.3000000119
126646  36.142  -71.456  -17.503 0.3000000119
16628  36.513  -70.870  -16.025 0.3000000119
12219  34.313  -75.319  -19.402 0.4000000060
14006  33.641  -73.921  -21.980 0.4000000060
14005  34.145  -73.267  -21.516 0.4000000060
13142  31.321  -74.867  -22.735 0.4000000060
14891  34.964  -72.298  -20.113 0.4000000060
119394  34.379  -76.130  -19.923 0.4000000060
141233  31.451  -76.937  -23.074 0.4000000060
11361  31.889  -76.320  -22.916 0.4000000060
12200  35.298  -75.459  -18.428 0.3000000119
13136  33.062  -74.830  -22.236 0.4000000060
13068  35.997  -74.827  -17.102 0.3000000119
11319  35.327  -76.488  -19.544 0.4000000060
11300  35.803  -76.162  -18.825 0.3000000119
12160  36.914  -75.160  -16.841 0.3000000119
3312  30.935  -88.619  -12.017 0.3000000119
121502  30.695  -89.687  -12.697 0.3000000119
3910  31.780  -87.350  -11.496 0.3000000119
3311  32.027  -89.314  -12.129 0.3000000119
3926  30.139  -87.383  -11.872 0.3000000119
3313  29.814  -88.337  -12.260 0.3000000119
4414  32.567  -86.741  -11.466 0.3000000119
126513  33.632  -87.266  -11.369 0.3000000119
3294  32.456  -88.729  -11.787 0.3000000119
139289  32.438  -85.933  -11.717 0.3000000119
4416  30.738  -86.642  -11.729 0.3000000119
3927  29.340  -87.303  -12.379 0.3000000119
3953  28.979  -87.175  -14.635 0.3000000119
4411  35.386  -85.720  -10.897 0.3000000119
3908  34.318  -87.358  -11.051 0.3000000119
4927  33.307  -85.721  -11.844 0.3000000119
4413  34.131  -86.461  -11.451 0.3000000119
3292  33.620  -88.312  -11.165 0.3000000119
122583  30.009  -86.120  -12.909 0.3000000119
4445  31.323  -86.316  -13.959 0.3000000119
4447  29.434  -86.729  -13.997 0.3000000119
4936  33.703  -85.294  -12.452 0.3000000119
4422  31.036  -85.944  -11.988 0.3000000119
142169  32.050  -85.540  -12.590 0.3000000119
4432  31.919  -85.714  -13.304 0.3000000119
4446  30.207  -86.390  -13.773 0.3000000119
4444  32.429  -86.346  -14.173 0.3000000119
4461  33.748  -87.278  -17.260 0.4000000060
3965  33.856  -87.541  -15.994 0.4000000060
2642  33.680  -89.104  -7.179 0.3000000119
3235  33.033  -89.029  -6.169 0.3000000119
3293  32.973  -89.076  -11.688 0.3000000119
2705  32.146  -89.995  -12.109 0.3000000119
140487  34.546  -87.325  -9.447 0.3000000119
3882  34.457  -87.914  -9.268 0.3000000119
124212  34.175  -88.689  -7.814 0.3000000119
130462  33.714  -89.225  -7.838 0.3000000119
3244  32.708  -88.957  -7.019 0.3000000119
4920  34.402  -85.563  -10.108 0.3000000119
3894  34.482  -87.931  -10.134 0.3000000119
3255  34.152  -88.642  -8.649 0.3000000119
2663  32.661  -89.745  -9.497 0.3000000119
135499  32.786  -89.447  -8.522 0.3000000119
127837  34.642  -87.189  -10.573 0.3000000119
3285  33.790  -88.723  -10.540 0.3000000119
2678  33.242  -89.600  -10.571 0.3000000119
2149  32.225  -90.316  -10.424 0.3000000119
2696  33.178  -89.357  -11.305 0.3000000119
2156  32.378  -90.472  -10.999 0.3000000119
4423  29.891  -86.594  -12.308 0.3000000119
3928  28.763  -87.334  -12.847 0.3000000119
3893  34.977  -86.411  -10.450 0.3000000119
4433  30.825  -85.908  -13.113 0.3000000119
136845  34.193  -88.601  -6.038 0.3000000119
2157  31.930  -90.650  -11.151 0.3000000119
3881  34.857  -87.166  -9.948 0.3000000119
124868  34.292  -88.168  -8.362 0.3000000119
3272  34.120  -88.607  -9.551 0.3000000119
2662  33.262  -89.568  -9.694 0.3000000119
2679  31.616  -90.321  -10.502 0.3000000119
137488  32.983  -87.224  -14.868 0.3000000119
7293  37.477  -81.643  -19.614 0.3000000119
6696  36.896  -82.175  -19.351 0.3000000119
6161  36.311  -83.662  -19.612 0.3000000119
5603  35.747  -84.374  -19.401 0.4000000060
5036  34.787  -85.913  -19.567 0.4000000060
4470  34.525  -86.489  -19.353 0.3000000119
3998  33.876  -87.342  -19.173 0.3000000119
132946  37.407  -81.674  -20.369 0.3000000119
6712  36.779  -82.643  -20.432 0.4000000060
6169  35.729  -84.190  -20.632 0.4000000060
6172  35.352  -83.788  -21.460 0.4000000060
5051  34.419  -86.212  -20.235 0.3000000119
6176  34.935  -83.164  -22.048 0.4000000060
6173  34.481  -84.111  -22.149 0.4000000060
5615  34.110  -84.992  -22.215 0.3000000119
127203  33.970  -83.384  -22.577 0.3000000119
7971  37.654  -80.124  -18.095 0.3000000119
7984  37.370  -80.863  -18.605 0.3000000119
6697  36.388  -82.929  -19.388 0.4000000060
6151  36.058  -83.581  -19.281 0.4000000060
127984  34.928  -85.626  -18.872 0.3000000119
5020  34.598  -86.492  -18.885 0.3000000119
4466  34.159  -87.096  -18.270 0.3000000119
7983  38.214  -80.416  -18.578 0.3000000119
133441  38.322  -80.584  -19.309 0.3000000119
7292  38.050  -81.007  -19.945 0.3000000119
7303  37.772  -80.925  -20.624 0.3000000119
7304  36.820  -81.821  -21.149 0.3000000119
6171  36.164  -83.337  -20.881 0.4000000060
8022  37.719  -80.382  -21.155 0.3000000119
8023  37.167  -80.446  -21.681 0.3000000119
7311  37.352  -81.107  -21.160 0.3000000119
6716  36.270  -82.524  -21.366 0.4000000060
135154  35.681  -83.018  -21.567 0.4000000060
8029  36.566  -80.386  -22.049 0.3000000119
7315  35.194  -81.675  -22.279 0.4000000060
6720  34.568  -82.498  -22.406 0.4000000060
8784  34.335  -79.467  -22.507 0.3000000119
8030  34.273  -80.265  -22.594 0.4000000060
128110  34.741  -80.896  -22.386 0.4000000060
6721  33.504  -82.688  -22.818 0.4000000060
9600  34.796  -78.218  -22.003 0.3000000119
8031  33.152  -80.072  -22.866 0.4000000060
8785  33.299  -79.189  -22.663 0.3000000119
10384  35.857  -77.771  -16.399 0.3000000119
9517  35.254  -78.307  -16.682 0.3000000119
8726  34.058  -79.985  -17.205 0.3000000119
7974  33.986  -80.883  -17.604 0.3000000119
8722  37.922  -79.618  -17.551 0.3000000119
8709  37.511  -79.211  -17.186 0.3000000119
8738  35.875  -80.095  -18.267 0.3000000119
6685  33.746  -81.846  -17.602 0.3000000119
9533  39.633  -78.725  -17.349 0.3000000119
8707  39.023  -79.245  -16.922 0.3000000119
7972  36.834  -80.225  -18.193 0.3000000119
7985  36.406  -80.799  -18.491 0.3000000119
128287  34.932  -82.284  -18.562 0.3000000119
6153  34.618  -83.894  -18.533 0.3000000119
5594  34.158  -84.771  -18.291 0.3000000119
5004  33.873  -86.292  -17.552 0.3000000119
123696  33.732  -86.611  -16.699 0.3000000119
3964  33.977  -87.225  -15.965 0.3000000119
141363  39.518  -78.831  -18.229 0.3000000119
133069  36.512  -79.287  -22.071 0.3000000119
8783  35.225  -79.999  -22.473 0.3000000119
10456  36.430  -77.936  -21.380 0.3000000119
138715  35.697  -79.347  -22.311 0.3000000119
10457  35.371  -77.824  -21.511 0.3000000119
10458  34.562  -77.593  -21.724 0.3000000119
9611  33.931  -78.546  -22.408 0.3000000119
11270  35.926  -76.789  -15.368 0.3000000119
10383  36.955  -78.031  -16.395 0.3000000119
9516  36.177  -78.445  -16.852 0.3000000119
8725  34.698  -79.348  -17.353 0.3000000119
9514  38.780  -78.764  -16.303 0.3000000119
9534  36.472  -79.105  -17.402 0.3000000119
3948  34.532  -86.921  -15.204 0.3000000119
11262  36.461  -76.409  -14.762 0.3000000119
11269  36.871  -76.873  -15.284 0.3000000119
10374  37.399  -77.501  -15.661 0.3000000119
9498  38.045  -78.183  -15.978 0.3000000119
120213  36.996  -78.699  -16.905 0.3000000119
9513  39.526  -78.725  -16.446 0.3000000119
129577  37.217  -76.607  -14.740 0.3000000119
10364  37.703  -77.044  -15.064 0.3000000119
138762  38.889  -77.885  -15.057 0.3000000119
9486  38.894  -78.299  -15.564 0.3000000119
3982  33.634  -87.832  -16.913 0.3000000119
3377  33.341  -88.269  -17.640 0.3000000119
3994  33.815  -87.504  -18.600 0.3000000119
5037  34.482  -86.376  -19.715 0.3000000119
5613  34.833  -84.815  -21.391 0.4000000060
129700  33.670  -80.999  -22.666 0.4000000060
11335  34.980  -76.841  -20.285 0.3000000119
7277  37.854  -81.050  -19.169 0.3000000119
6705  36.741  -82.925  -19.766 0.3000000119
7279  36.832  -81.546  -18.820 0.3000000119
6168  36.420  -83.588  -20.151 0.4000000060
5607  35.329  -85.192  -19.744 0.4000000060
5611  35.322  -85.072  -20.375 0.4000000060
6717  35.485  -82.401  -21.988 0.4000000060
8720  39.111  -79.248  -17.791 0.3000000119
6698  35.697  -82.883  -19.016 0.3000000119
122686  36.217  -82.163  -18.970 0.3000000119
120930  35.143  -84.657  -18.954 0.4000000060
5003  34.272  -85.853  -18.212 0.3000000119
8748  38.775  -79.929  -19.131 0.3000000119
135383  38.838  -79.582  -19.889 0.3000000119
8758  38.556  -79.525  -20.531 0.3000000119
7312  36.064  -81.700  -21.815 0.4000000060
9599  35.858  -78.602  -21.876 0.3000000119
7973  34.816  -80.169  -17.903 0.3000000119
7987  34.714  -80.975  -18.160 0.3000000119
6699  34.120  -82.413  -18.187 0.3000000119
8679  22.540  -79.344  -14.554 0.4000000060
2148  32.710  -90.024  -10.476 0.3000000119
2173  32.714  -90.087  -11.148 0.3000000119
2174  32.135  -90.451  -11.562 0.3000000119
2627  34.049  -88.847  -6.078 0.3000000119
2643  33.343  -89.180  -6.905 0.3000000119
2649  33.767  -89.109  -9.055 0.3000000119
2650  33.403  -89.403  -8.647 0.3000000119
2651  33.181  -89.340  -7.730 0.3000000119
2652  32.143  -89.307  -8.800 0.3000000119
2677  33.654  -89.182  -9.861 0.3000000119
2697  32.574  -89.809  -11.650 0.3000000119
2751  32.263  -88.917  -17.720 0.5000000000
2760  31.679  -89.080  -18.203 0.5000000000
2769  31.788  -88.910  -18.552 0.5000000000
2770  31.121  -88.919  -18.748 0.5000000000
2782  30.767  -88.794  -19.422 0.4000000060
2784  29.664  -88.855  -19.726 0.5000000000
2795  30.440  -88.828  -19.966 0.4000000060
2796  29.750  -88.906  -20.001 0.4000000060
3219  34.199  -88.770  -5.477 0.3000000119
3256  32.413  -88.939  -7.906 0.3000000119
3295  31.664  -88.321  -11.761 0.3000000119
3310  32.426  -89.469  -11.908 0.3000000119
3314  28.889  -88.099  -12.599 0.3000000119
3352  31.063  -88.201  -16.058 0.5000000000
3362  32.952  -88.707  -17.218 0.5000000000
3365  30.568  -88.492  -16.783 0.5000000000
3393  32.395  -88.608  -18.604 0.5000000000
3414  30.035  -88.686  -20.377 0.4000000060
3415  29.197  -88.710  -20.385 0.4000000060
3423  30.378  -88.287  -20.823 0.4000000060
3853  34.248  -88.355  -5.684 0.3000000119
3869  34.261  -87.441  -8.694 0.3000000119
3907  34.253  -87.931  -10.816 0.3000000119
3909  32.933  -87.913  -11.462 0.3000000119
3911  30.988  -87.571  -11.709 0.3000000119
3949  33.660  -87.583  -15.342 0.4000000060
3951  30.887  -86.969  -14.677 0.5000000000
3967  31.574  -87.700  -15.444 0.5000000000
3969  29.107  -87.554  -15.672 0.4000000060
3992  33.659  -87.746  -17.884 0.3000000119
3995  33.423  -87.776  -18.758 0.3000000119
3999  33.315  -87.619  -19.316 0.4000000060
4003  33.107  -87.524  -19.978 0.4000000060
4008  32.758  -87.362  -20.685 0.4000000060
4391  35.186  -85.892  -10.535 0.3000000119
4392  34.575  -86.736  -9.525 0.3000000119
4412  34.919  -86.390  -11.013 0.3000000119
4415  31.650  -86.274  -11.630 0.3000000119
4424  29.197  -86.692  -12.994 0.3000000119
4471  34.291  -87.017  -19.014 0.3000000119
4474  34.217  -86.849  -19.478 0.3000000119
4482  34.115  -86.685  -20.046 0.4000000060
4492  32.352  -86.962  -21.217 0.4000000060
4493  31.250  -87.603  -21.042 0.4000000060
4909  34.902  -86.054  -10.056 0.3000000119
4928  31.789  -85.730  -11.980 0.3000000119
4937  32.614  -85.555  -12.171 0.3000000119
4938  30.706  -85.942  -12.578 0.3000000119
4947  32.784  -85.363  -12.943 0.3000000119
4948  31.343  -85.723  -12.577 0.3000000119
4971  27.927  -85.241  -15.907 0.6000000238
4972  27.166  -85.302  -15.828 0.5000000000
5019  34.840  -86.051  -19.244 0.3000000119
5050  34.762  -85.799  -19.982 0.3000000119
5053  32.085  -86.205  -20.616 0.4000000060
5063  34.577  -85.621  -20.764 0.3000000119
5075  33.740  -85.452  -21.821 0.3000000119
5563  28.233  -84.301  -14.649 0.6000000238
5577  28.483  -84.707  -15.397 0.6000000238
5596  31.209  -84.549  -17.766 0.5000000000
5604  35.158  -85.322  -19.311 0.3000000119
5605  31.671  -84.784  -18.491 0.4000000060
5610  35.969  -84.401  -19.932 0.4000000060
6086  26.987  -83.080  -11.763 0.5000000000
6112  28.366  -83.272  -13.438 0.6000000238
6114  27.101  -83.848  -12.751 0.5000000000
6121  28.668  -83.447  -14.204 0.6000000238
6152  35.511  -83.790  -18.961 0.4000000060
6162  32.651  -84.072  -20.198 0.4000000060
6174  32.235  -83.414  -22.173 0.4000000060
6633  27.180  -82.253  -11.694 0.5000000000
6647  28.289  -82.240  -12.703 0.6999999881
6653  28.704  -82.525  -13.337 0.5000000000
6660  29.177  -82.654  -13.971 0.6000000238
6687  30.483  -82.222  -17.871 0.5000000000
6700  34.078  -83.143  -18.228 0.3000000119
6711  37.167  -82.306  -19.874 0.3000000119
6723  31.977  -82.835  -22.904 0.4000000060
7225  28.289  -81.469  -12.787 0.6999999881
7226  27.767  -81.728  -12.294 0.6999999881
7241  29.490  -81.376  -14.166 0.6999999881
7278  37.307  -81.483  -19.042 0.3000000119
7280  35.328  -81.618  -18.521 0.3000000119
7281  34.347  -81.625  -18.155 0.3000000119
7296  20.977  -81.011  -19.562 0.5000000000
7305  21.887  -80.687  -20.891 0.6000000238
7313  30.554  -81.289  -22.561 0.5000000000
7314  35.801  -80.794  -22.147 0.4000000060
7316  34.150  -81.770  -22.542 0.4000000060
7317  32.985  -81.982  -22.895 0.4000000060
7906  26.803  -80.704  -12.109 0.6000000238
7928  29.373  -80.614  -14.340 0.6999999881
7929  28.839  -80.220  -13.918 0.6999999881
7931  23.978  -80.033  -15.020 0.5000000000
7945  22.749  -80.168  -15.785 0.6000000238
7947  20.243  -80.293  -15.376 0.6000000238
7957  24.942  -80.169  -15.909 0.5000000000
7958  24.428  -80.370  -16.465 0.5000000000
7959  23.295  -80.402  -16.336 0.5000000000
7961  21.374  -80.658  -16.643 0.5000000000
7970  38.202  -79.846  -18.006 0.3000000119
7986  35.506  -80.787  -18.380 0.3000000119
7999  38.453  -80.165  -19.887 0.3000000119
8002  23.485  -80.495  -20.102 0.6000000238
8011  38.140  -80.295  -20.581 0.3000000119
8013  23.711  -79.741  -21.671 0.6999999881
8025  21.691  -80.079  -22.099 0.6999999881
8036  21.335  -79.821  -22.084 0.6000000238
8654  28.182  -79.948  -13.592 0.6000000238
8694  29.001  -78.649  -15.649 0.6999999881
8700  22.161  -79.749  -15.261 0.4000000060
8708  38.334  -79.270  -16.950 0.3000000119
8721  38.548  -79.497  -17.563 0.3000000119
8723  37.141  -79.665  -17.708 0.3000000119
8724  35.589  -79.498  -17.721 0.3000000119
8728  29.932  -79.971  -16.905 0.6000000238
8736  39.192  -79.300  -18.659 0.3000000119
8737  38.667  -79.673  -18.283 0.3000000119
8747  39.289  -79.211  -19.550 0.3000000119
8751  24.547  -79.791  -20.277 0.6999999881
8768  38.119  -79.636  -21.144 0.3000000119
8769  37.542  -79.819  -21.583 0.3000000119
8771  31.121  -79.188  -21.735 0.4000000060
8773  24.601  -78.846  -21.584 0.6000000238
8776  22.698  -79.471  -22.204 0.6999999881
8777  21.978  -79.610  -22.122 0.6999999881
8782  36.183  -79.931  -22.321 0.3000000119
8786  31.090  -78.780  -22.763 0.5000000000
9515  37.799  -78.753  -16.596 0.3000000119
9521  28.588  -78.044  -16.036 0.6999999881
9535  35.450  -78.840  -17.234 0.3000000119
9536  34.743  -78.775  -16.892 0.3000000119
9550  39.616  -78.643  -19.061 0.3000000119
9555  22.684  -78.341  -19.215 0.6999999881
9570  25.580  -78.594  -20.180 0.6999999881
9572  21.855  -78.123  -19.272 0.6999999881
9589  21.113  -79.113  -21.317 0.6000000238
9590  20.222  -78.858  -21.511 0.5000000000
9604  23.283  -79.002  -22.028 0.6999999881
9605  22.357  -79.300  -22.003 0.6999999881
9606  21.003  -79.442  -21.771 0.6000000238
9610  35.018  -78.911  -22.292 0.3000000119
9612  30.939  -77.893  -22.944 0.4000000060
9613  31.018  -78.100  -22.818 0.5000000000
10373  38.250  -77.695  -15.351 0.3000000119
10375  36.411  -77.367  -15.837 0.3000000119
10377  27.994  -77.831  -15.877 0.6999999881
10396  30.402  -77.140  -17.569 0.6000000238
10400  23.884  -77.395  -17.870 0.6999999881
10422  26.671  -77.170  -20.062 0.6999999881
10441  34.775  -77.179  -21.068 0.3000000119
10442  31.408  -77.610  -20.862 0.6000000238
10446  24.249  -77.948  -21.287 0.6999999881
10462  25.101  -77.415  -21.430 0.6000000238
10471  30.761  -77.146  -23.037 0.4000000060
11255  37.052  -76.198  -14.109 0.3000000119
11261  37.865  -76.689  -14.419 0.3000000119
11286  29.096  -76.470  -17.474 0.6999999881
11287  28.186  -76.562  -17.540 0.6000000238
11289  23.404  -76.881  -17.231 0.6999999881
11290  22.570  -76.705  -17.393 0.6999999881
11291  22.076  -76.285  -18.032 0.6000000238
11301  31.511  -76.632  -18.744 0.6999999881
11307  24.542  -77.016  -18.509 0.6999999881
11322  24.963  -75.824  -20.836 0.6000000238
11323  24.683  -76.609  -20.171 0.6000000238
11337  31.196  -75.927  -21.212 0.4000000060
11338  26.447  -75.761  -20.714 0.6999999881
11339  25.978  -76.185  -21.284 0.6000000238
11340  24.996  -75.944  -21.131 0.6000000238
11341  24.805  -76.292  -21.105 0.6000000238
12147  22.862  -75.254  -15.700 0.6000000238
12161  25.263  -75.200  -16.746 0.6999999881
12163  23.323  -75.762  -16.265 0.6000000238
12165  22.125  -75.426  -16.625 0.6000000238
12181  36.626  -75.474  -17.498 0.3000000119
12182  35.628  -75.115  -17.759 0.3000000119
12183  30.274  -75.949  -17.917 0.6999999881
12184  25.468  -75.410  -17.570 0.6999999881
12208  21.409  -75.971  -19.402 0.5000000000
12220  31.499  -74.673  -19.680 0.5000000000
12245  32.646  -75.634  -22.623 0.4000000060
12247  25.431  -75.987  -21.232 0.6000000238
13009  22.627  -74.107  -13.878 0.6000000238
13019  23.948  -74.339  -14.723 0.6000000238
13030  37.100  -74.339  -15.506 0.3000000119
13032  25.087  -74.316  -15.665 0.6999999881
13036  21.896  -74.256  -15.417 0.6000000238
13049  25.406  -74.502  -16.363 0.8000000119
13052  21.813  -74.897  -16.748 0.6000000238
13087  34.865  -74.648  -18.205 0.4000000060
13090  29.108  -74.846  -18.498 0.6000000238
13091  25.639  -74.311  -19.838 0.6000000238
13105  31.221  -74.020  -19.556 0.6999999881
13109  21.886  -73.749  -20.506 0.4000000060
13120  26.803  -74.081  -20.551 0.6999999881
13122  25.830  -74.632  -20.394 0.6999999881
13137  31.162  -74.639  -22.435 0.4000000060
13143  30.956  -75.197  -22.659 0.4000000060
13841  26.774  -73.439  -10.484 0.5000000000
13844  23.859  -73.417  -10.700 0.4000000060
13849  26.417  -73.631  -11.122 0.5000000000
13851  24.092  -73.908  -11.400 0.6000000238
13852  23.426  -73.643  -11.384 0.5000000000
13854  22.181  -73.302  -11.890 0.6000000238
13860  26.457  -73.703  -11.950 0.5000000000
13863  23.485  -74.088  -12.125 0.6000000238
13877  27.694  -73.315  -13.539 0.6000000238
13878  26.351  -73.698  -12.934 0.6000000238
13879  24.236  -74.254  -13.129 0.6999999881
13882  21.626  -73.404  -13.445 0.5000000000
13896  21.917  -73.828  -13.849 0.6000000238
13897  21.543  -73.463  -14.278 0.5000000000
13914  21.527  -73.721  -15.591 0.5000000000
13935  26.426  -73.173  -18.121 0.6999999881
13936  26.199  -73.780  -17.513 0.6000000238
13937  21.863  -73.644  -18.511 0.5000000000
13949  34.543  -73.974  -18.422 0.3000000119
13950  30.239  -73.856  -18.957 0.6999999881
13953  22.374  -72.689  -19.643 0.6000000238
13967  34.310  -73.769  -19.206 0.3000000119
13972  26.196  -73.088  -20.050 0.6999999881
13989  34.098  -73.588  -20.324 0.4000000060
13992  27.970  -72.745  -20.253 0.6999999881
13997  21.193  -72.856  -21.192 0.5000000000
14007  31.332  -73.056  -22.056 0.5000000000
14009  33.287  -73.440  -22.292 0.4000000060
14783  22.688  -72.353  -10.915 0.5000000000
14798  22.319  -72.801  -11.490 0.5000000000
14827  29.552  -72.516  -13.721 0.6000000238
14829  28.095  -73.138  -14.255 0.6999999881
14830  21.232  -72.258  -13.918 0.5000000000
14838  30.095  -72.213  -14.255 0.8000000119
14841  27.704  -73.085  -15.145 0.8000000119
14842  21.275  -72.735  -14.493 0.5000000000
14851  29.237  -72.507  -15.427 0.6999999881
14853  27.487  -72.625  -16.046 0.6000000238
14863  28.832  -72.176  -16.271 0.6000000238
14872  27.186  -72.281  -17.674 0.6000000238
14882  26.842  -72.112  -18.814 0.6999999881
14883  22.421  -71.744  -19.628 0.6000000238
14892  34.486  -73.058  -19.869 0.4000000060
14897  22.343  -72.151  -20.657 0.6000000238
14898  20.707  -72.228  -19.740 0.5000000000
14904  35.077  -71.963  -21.070 0.4000000060
14906  30.936  -72.120  -21.372 0.6000000238
14907  30.140  -71.492  -20.730 0.6000000238
14909  28.352  -72.017  -20.291 0.6999999881
14911  26.830  -72.753  -20.149 0.6999999881
14913  21.529  -72.432  -21.261 0.6000000238
14914  21.167  -72.337  -21.082 0.6000000238
14915  34.924  -71.695  -21.386 0.5000000000
14919  33.971  -72.777  -21.997 0.5000000000
14921  32.144  -72.766  -22.285 0.5000000000
15681  24.049  -71.507  -9.149 0.5000000000
15695  22.881  -71.521  -10.434 0.5000000000
15706  22.079  -72.101  -11.745 0.5000000000
15723  21.535  -71.603  -13.346 0.5000000000
15728  31.456  -71.295  -14.664 0.6000000238
15736  35.855  -72.081  -16.212 0.3000000119
15738  30.647  -71.712  -15.621 0.6000000238
15740  21.462  -71.486  -15.634 0.5000000000
15746  36.223  -71.374  -16.675 0.3000000119
15749  30.232  -71.592  -16.626 0.6000000238
15751  28.385  -71.750  -17.138 0.6000000238
15752  21.598  -71.589  -16.689 0.5000000000
15758  29.724  -71.290  -17.493 0.6000000238
15759  28.380  -71.311  -18.035 0.6999999881
15761  22.457  -70.613  -18.393 0.6000000238
15762  22.021  -71.310  -17.712 0.6000000238
15774  22.529  -70.895  -19.296 0.6000000238
15785  27.705  -71.119  -19.773 0.6999999881
15789  36.154  -70.819  -20.873 0.4000000060
15792  29.248  -70.804  -20.545 0.6000000238
15794  27.898  -70.977  -20.106 0.6999999881
15795  21.892  -72.048  -21.077 0.6000000238
15799  33.084  -71.303  -21.505 0.5000000000
15800  32.057  -71.344  -21.497 0.6000000238
15802  30.628  -70.802  -21.204 0.6000000238
15805  33.700  -72.180  -21.804 0.5000000000
16602  22.355  -70.204  -12.379 0.5000000000
16603  21.902  -70.909  -12.837 0.6000000238
16614  32.085  -70.711  -14.416 0.5000000000
16620  22.163  -69.506  -14.968 0.6000000238
16621  21.770  -70.377  -15.535 0.6000000238
16630  31.807  -70.865  -16.123 0.6000000238
16641  30.004  -70.790  -18.234 0.6000000238
16653  28.807  -70.423  -19.443 0.6999999881
16654  27.748  -71.003  -19.272 0.6999999881
16656  20.305  -70.651  -19.023 0.5000000000
16657  19.243  -70.420  -18.580 0.5000000000
16661  36.961  -70.480  -19.898 0.3000000119
16663  28.986  -70.173  -19.992 0.6999999881
16665  28.049  -70.667  -19.881 0.6999999881
16666  22.285  -70.382  -19.353 0.6000000238
16667  21.803  -70.695  -19.635 0.6000000238
16670  30.104  -70.014  -20.353 0.6000000238
17423  22.949  -69.776  -10.392 0.6000000238
17506  33.554  -69.488  -18.925 0.6000000238
17507  22.384  -69.187  -18.778 0.6000000238
17515  31.074  -69.524  -20.073 0.6999999881
17516  29.858  -69.883  -20.084 0.6999999881
17518  22.070  -69.635  -19.313 0.6000000238
17519  21.353  -69.958  -19.328 0.5000000000
17522  32.380  -69.314  -20.434 0.6000000238
17526  36.494  -69.538  -20.708 0.4000000060
17529  33.825  -69.503  -20.951 0.6000000238
17530  32.822  -69.610  -20.795 0.6000000238
17532  31.161  -69.697  -20.813 0.6000000238
18166  23.221  -68.086  -10.564 0.4000000060
18193  18.448  -68.630  -12.196 0.4000000060
18206  23.042  -66.991  -13.012 0.5000000000
18207  22.745  -67.797  -13.666 0.5000000000
18256  35.625  -68.478  -18.463 0.5000000000
18258  34.052  -68.767  -19.610 0.5000000000
18261  21.238  -68.670  -18.660 0.5000000000
18262  20.404  -68.945  -18.340 0.5000000000
18271  22.120  -68.970  -19.148 0.5000000000
18273  37.329  -68.208  -20.614 0.5000000000
18276  34.767  -68.428  -20.230 0.4000000060
18278  35.996  -68.774  -20.512 0.4000000060
18939  19.834  -68.062  -8.109 0.3000000119
18940  16.057  -67.481  -8.037 0.3000000119
18951  21.751  -66.758  -10.037 0.4000000060
18953  19.996  -68.047  -9.057 0.4000000060
18963  23.320  -67.226  -10.289 0.5000000000
18965  20.126  -67.803  -10.803 0.4000000060
18977  23.183  -66.815  -11.586 0.5000000000
18991  18.821  -67.933  -12.966 0.6000000238
19039  22.294  -67.260  -17.273 0.6000000238
19040  20.586  -66.392  -17.013 0.6000000238
19050  22.020  -67.378  -17.704 0.5000000000
19051  21.735  -67.237  -17.697 0.5000000000
19058  21.918  -68.002  -18.220 0.5000000000
19059  21.570  -68.002  -18.202 0.5000000000
19068  36.940  -67.659  -20.293 0.4000000060
19735  17.849  -66.527  -6.706 0.3000000119
19748  17.284  -66.831  -7.241 0.3000000119
19755  23.818  -66.313  -8.161 0.4000000060
19767  23.467  -66.210  -9.574 0.4000000060
19768  22.929  -65.777  -9.579 0.4000000060
19770  21.241  -67.041  -9.130 0.4000000060
19784  22.712  -66.301  -10.667 0.4000000060
19801  22.844  -66.577  -11.927 0.5000000000
19803  21.861  -66.633  -12.102 0.6000000238
19818  22.333  -66.424  -12.808 0.6000000238
19828  21.882  -66.398  -13.611 0.6000000238
19830  19.687  -66.464  -14.797 0.5000000000
19839  21.559  -66.031  -15.170 0.6000000238
19855  22.044  -66.357  -16.068 0.6000000238
19856  21.447  -65.892  -15.950 0.6000000238
19858  19.756  -65.767  -16.107 0.6000000238
19868  22.174  -66.464  -17.008 0.6000000238
19870  20.837  -65.741  -16.882 0.6000000238
19871  20.008  -65.855  -16.448 0.6000000238
19889  38.299  -66.914  -20.343 0.4000000060
20569  22.899  -65.349  -6.593 0.4000000060
20572  18.798  -65.745  -6.137 0.3000000119
20672  20.957  -65.592  -16.508 0.6000000238
21354  22.595  -64.707  -5.038 0.4000000060
21355  21.750  -64.622  -5.202 0.4000000060
21356  20.388  -64.102  -5.268 0.4000000060
21387  17.372  -64.718  -7.448 0.3000000119
21402  15.674  -65.135  -8.900 0.3000000119
22196  21.498  -63.365  -4.525 0.4000000060
22210  20.025  -63.335  -5.278 0.4000000060
22223  17.937  -64.281  -6.768 0.3000000119
22231  17.603  -63.911  -7.658 0.3000000119
22246  17.990  -63.225  -9.018 0.3000000119
22258  16.306  -63.454  -10.469 0.3000000119
22271  15.234  -63.116  -11.228 0.4000000060
23078  19.647  -62.780  -5.613 0.4000000060
23086  19.967  -62.028  -5.860 0.4000000060
23116  18.377  -62.590  -9.418 0.3000000119
23126  18.132  -62.353  -10.164 0.3000000119
23139  16.365  -62.351  -11.608 0.4000000060
23140  15.731  -62.529  -11.631 0.3000000119
24004  23.226  -61.300  -3.936 0.3000000119
24006  21.851  -61.775  -4.520 0.3000000119
24012  22.161  -61.087  -4.922 0.3000000119
24049  20.305  -61.114  -9.735 0.3000000119
24050  18.716  -62.105  -9.818 0.3000000119
24069  16.876  -61.616  -12.236 0.3000000119
24070  15.490  -61.838  -11.757 0.3000000119
24079  17.251  -61.063  -12.672 0.3000000119
24996  22.147  -60.130  -8.991 0.3000000119
24997  21.555  -60.515  -8.603 0.3000000119
25041  15.873  -60.545  -11.912 0.3000000119
25049  21.230  -60.277  -12.666 0.3000000119
25050  20.430  -60.541  -13.388 0.3000000119
25052  18.952  -60.826  -13.448 0.3000000119
25053  17.622  -60.563  -12.842 0.3000000119
25063  19.042  -60.734  -13.957 0.3000000119
25067  21.009  -59.846  -14.193 0.3000000119
25068  19.969  -60.399  -14.353 0.3000000119
26031  22.469  -59.505  -9.367 0.3000000119
26080  22.034  -59.095  -13.685 0.3000000119
26082  19.060  -59.641  -13.746 0.3000000119
26084  17.967  -60.079  -13.105 0.3000000119
26089  21.609  -59.141  -14.242 0.3000000119
26090  20.340  -59.647  -14.318 0.3000000119
26092  18.665  -60.271  -13.747 0.3000000119
26980  22.701  -58.940  -9.757 0.3000000119
27030  19.627  -58.799  -13.148 0.3000000119
27038  20.589  -58.714  -14.142 0.3000000119
27046  21.539  -58.764  -14.305 0.3000000119
27047  21.015  -58.934  -14.415 0.3000000119
119206  30.695  -79.964  -19.199 0.6000000238
119327  20.723  -80.542  -15.975 0.5000000000
119467  21.426  -73.212  -15.048 0.5000000000
119727  18.428  -61.551  -11.563 0.3000000119
119901  27.876  -71.247  -18.508 0.6999999881
119917  23.144  -65.909  -10.180 0.4000000060
119976  23.199  -66.468  -10.866 0.4000000060
120273  17.731  -61.155  -12.750 0.3000000119
120275  26.189  -73.574  -14.782 0.8000000119
120392  31.694  -87.475  -21.032 0.4000000060
120855  29.108  -72.990  -13.022 0.6000000238
121090  29.530  -70.094  -19.672 0.6999999881
121103  34.772  -83.029  -18.606 0.3000000119
121748  30.641  -81.854  -19.208 0.5000000000
121836  29.953  -77.761  -17.153 0.6000000238
122297  19.794  -72.843  -18.094 0.5000000000
122621  32.442  -70.489  -14.935 0.6000000238
122926  15.352  -60.337  -11.393 0.3000000119
123229  25.236  -74.061  -13.621 0.6999999881
123397  28.079  -88.153  -17.191 0.5000000000
123732  33.920  -89.098  -8.189 0.3000000119
123823  21.413  -73.555  -16.343 0.5000000000
124050  22.558  -68.598  -14.423 0.6000000238
124368  33.878  -88.938  -6.760 0.3000000119
124540  33.001  -70.113  -15.060 0.6000000238
124619  19.769  -61.646  -9.208 0.3000000119
124843  24.520  -80.223  -17.651 0.6999999881
124916  22.703  -67.364  -15.244 0.6000000238
125098  34.205  -85.466  -21.577 0.4000000060
125257  24.460  -78.088  -21.463 0.6000000238
126977  27.461  -76.948  -17.958 0.6999999881
127129  30.548  -80.707  -22.464 0.5000000000
127156  17.240  -65.438  -7.318 0.3000000119
127187  27.020  -75.497  -20.300 0.6999999881
127212  31.660  -70.485  -18.145 0.6000000238
127462  22.605  -66.518  -12.259 0.6000000238
127540  36.650  -81.064  -21.706 0.4000000060
128370  30.330  -81.003  -22.050 0.5000000000
128620  30.520  -82.910  -17.367 0.5000000000
128806  33.462  -87.945  -18.270 0.3000000119
129052  34.299  -86.525  -18.262 0.3000000119
130121  18.552  -64.378  -6.148 0.3000000119
130214  23.337  -65.923  -9.504 0.4000000060
131095  32.788  -83.983  -22.338 0.4000000060
131351  32.060  -74.066  -22.544 0.4000000060
131370  22.411  -66.649  -15.388 0.6000000238
131399  33.463  -88.176  -15.895 0.4000000060
132046  29.819  -72.582  -13.017 0.6000000238
132070  32.874  -83.459  -22.868 0.4000000060
132247  30.365  -81.585  -18.133 0.5000000000
133176  27.876  -71.566  -20.189 0.6999999881
133416  19.891  -61.080  -10.576 0.3000000119
133725  23.036  -79.816  -22.040 0.6000000238
133952  19.625  -68.335  -10.327 0.4000000060
134248  34.460  -85.613  -11.720 0.3000000119
135428  33.377  -85.267  -21.891 0.4000000060
136037  22.409  -79.852  -22.176 0.6000000238
136060  34.959  -86.424  -10.154 0.3000000119
136093  23.018  -68.850  -10.803 0.5000000000
136228  35.822  -70.791  -21.210 0.4000000060
136292  32.341  -88.439  -19.201 0.5000000000
136344  14.357  -64.318  -10.244 0.3000000119
136892  30.674  -81.554  -20.789 0.5000000000
137410  35.502  -70.333  -21.291 0.4000000060
137625  20.507  -60.047  -14.306 0.3000000119
137852  27.456  -72.416  -16.796 0.6000000238
137995  31.094  -79.541  -22.982 0.5000000000
138394  23.609  -78.363  -21.271 0.6999999881
138515  25.107  -73.713  -10.852 0.6000000238
138519  27.037  -73.011  -15.687 0.8000000119
138735  14.491  -61.166  -11.247 0.3000000119
139278  23.844  -80.565  -16.925 0.6000000238
139332  30.959  -79.867  -21.279 0.5000000000
139382  30.763  -73.782  -19.281 0.6000000238
139419  22.469  -68.174  -17.344 0.6000000238
139593  24.032  -75.770  -16.275 0.6999999881
139721  19.477  -63.390  -5.609 0.4000000060
139919  31.027  -82.320  -19.362 0.4000000060
140099  27.438  -79.970  -13.497 0.6000000238
140388  22.592  -69.614  -11.950 0.5000000000
140484  22.898  -68.747  -11.310 0.6000000238
140809  35.108  -79.409  -22.409 0.3000000119
141062  22.090  -66.348  -14.246 0.6000000238
141468  30.726  -81.612  -22.842 0.4000000060
141520  22.514  -73.233  -11.541 0.6000000238
141721  20.409  -81.078  -19.900 0.4000000060
142155  30.458  -86.196  -12.307 0.3000000119
142159  35.624  -82.270  -18.773 0.3000000119
142237  36.083  -81.382  -18.636 0.3000000119
142301  21.527  -78.631  -13.492 0.5000000000
142349  30.601  -84.091  -16.918 0.5000000000
142442  30.518  -88.968  -18.138 0.5000000000
142560  26.856  -79.515  -14.388 0.6000000238
142621  32.629  -78.555  -22.752 0.4000000060
142784  25.998  -73.231  -20.000 0.6999999881
143290  33.193  -86.305  -11.564 0.3000000119
143351  34.341  -87.027  -15.512 0.3000000119
143400  34.734  -71.339  -21.512 0.5000000000
143501  36.380  -79.692  -17.882 0.3000000119
143520  23.957  -80.462  -16.214 0.6000000238
143558  22.815  -68.045  -15.070 0.6000000238
143581  30.727  -88.905  -18.716 0.4000000060
143677  26.690  -73.486  -14.336 0.8000000119
