#!ascii label  , from subject sub-032304 vox2ras=TkReg
1847
5553  20.906  -83.950  -13.497 0.6999999881
120444  20.032  -84.064  -12.345 0.8000000119
5528  20.026  -84.039  -11.418 0.8000000119
5520  19.693  -84.971  -10.992 0.6999999881
5570  21.355  -84.605  -14.690 0.6000000238
5554  20.208  -84.252  -13.928 0.6000000238
5529  19.655  -84.615  -11.995 0.6000000238
4977  21.279  -84.914  -15.438 0.6000000238
6093  20.508  -83.361  -11.140 0.8000000119
141811  19.989  -84.358  -10.779 0.6999999881
5512  19.883  -84.553  -9.000 0.6999999881
4913  19.556  -85.410  -9.395 0.6999999881
137687  21.599  -84.205  -13.694 0.6000000238
6107  20.491  -83.463  -11.936 0.6999999881
142091  19.836  -85.332  -10.145 0.6999999881
4995  21.875  -85.237  -16.278 0.6000000238
136523  22.110  -86.013  -17.761 0.6000000238
133287  21.452  -85.643  -17.042 0.6000000238
5047  21.549  -86.118  -19.951 0.6000000238
119916  20.751  -86.051  -18.997 0.6000000238
6612  20.904  -82.595  -9.462 0.8000000119
142327  20.537  -82.618  -8.667 0.8000000119
6061  20.038  -83.207  -8.137 0.6999999881
6598  19.622  -82.505  -7.618 0.6999999881
6052  18.703  -83.739  -7.654 0.6999999881
6078  20.994  -82.946  -10.851 0.8000000119
6070  20.044  -83.833  -8.732 0.6999999881
5495  18.982  -84.292  -7.883 0.6999999881
6092  21.052  -83.088  -11.490 0.6999999881
5511  20.258  -83.915  -9.572 0.8000000119
5501  19.571  -84.079  -8.236 0.6999999881
6106  21.345  -83.363  -12.230 0.6999999881
4959  22.047  -85.089  -14.786 0.6999999881
4993  23.146  -85.373  -16.951 0.6000000238
4976  22.341  -85.136  -15.590 0.6000000238
5030  22.616  -86.179  -19.368 0.6000000238
5031  21.802  -86.215  -18.702 0.6000000238
130463  22.762  -86.266  -20.906 0.6000000238
3437  22.762  -88.439  -22.264 0.6999999881
138216  21.644  -86.800  -21.739 0.6000000238
1819  23.529  -90.847  -21.300 0.5000000000
2815  23.010  -89.301  -22.141 0.6000000238
1816  23.610  -91.408  -20.821 0.5000000000
7200  20.917  -81.892  -8.738 0.8999999762
6597  20.297  -82.224  -7.960 0.8000000119
7182  19.504  -81.608  -7.475 0.6999999881
143472  21.330  -82.542  -10.190 0.6999999881
126901  21.285  -82.129  -9.485 0.8999999762
123313  18.432  -82.151  -7.508 0.6999999881
6091  21.962  -83.141  -11.575 0.8000000119
6639  21.590  -82.756  -10.947 0.8000000119
5539  22.779  -84.246  -12.811 0.8000000119
5568  23.483  -84.947  -14.286 0.6999999881
5552  22.307  -84.406  -13.567 0.6999999881
4958  22.895  -85.117  -14.927 0.8000000119
4975  23.214  -85.153  -15.737 0.8000000119
5012  23.139  -85.639  -17.767 0.6999999881
137637  22.667  -86.038  -18.484 0.6999999881
5046  22.637  -86.182  -20.336 0.6000000238
4509  22.670  -87.049  -21.929 0.6999999881
2814  23.729  -89.672  -22.272 0.6999999881
7199  21.597  -81.491  -9.112 0.8999999762
7190  20.549  -81.335  -7.920 0.8000000119
7183  18.678  -81.378  -7.501 0.6999999881
6623  22.193  -82.368  -10.365 0.8000000119
6611  21.916  -81.992  -9.725 0.8000000119
6638  22.555  -82.844  -10.906 0.6999999881
5550  24.091  -84.801  -13.538 0.6999999881
5538  23.740  -84.439  -12.710 0.6000000238
5551  23.171  -84.620  -13.505 0.8000000119
4957  23.748  -85.101  -15.080 0.8000000119
135481  23.805  -85.369  -17.252 0.8000000119
5029  23.550  -85.802  -18.925 0.6999999881
5058  23.633  -86.067  -20.599 0.8000000119
137026  23.371  -86.093  -19.848 0.6999999881
5069  24.298  -86.026  -21.145 0.8000000119
2812  24.789  -88.952  -22.329 0.6999999881
4022  24.174  -87.811  -22.598 0.6999999881
5070  23.339  -86.247  -21.202 0.6999999881
2807  24.287  -89.795  -22.051 0.6999999881
3436  23.719  -88.749  -22.592 0.6999999881
131699  16.531  -77.639  -16.365 0.6000000238
11281  16.968  -76.439  -15.961 0.6000000238
129283  16.023  -76.036  -17.094 0.6000000238
13075  16.757  -74.013  -17.436 0.6999999881
7189  21.275  -80.992  -8.403 0.8999999762
8597  19.939  -80.215  -7.562 0.6999999881
6089  23.986  -83.543  -11.336 0.6000000238
5537  24.727  -84.384  -12.784 0.6000000238
6103  24.395  -84.116  -11.940 0.6000000238
5567  24.327  -85.068  -14.375 0.6999999881
4991  25.205  -85.324  -16.873 0.6999999881
119024  24.879  -85.361  -15.996 0.6999999881
10325  19.465  -77.493  -11.033 0.6999999881
10304  18.749  -77.394  -10.278 0.6999999881
5010  24.615  -85.323  -17.495 0.8000000119
4992  24.344  -85.338  -16.665 0.8000000119
9440  19.992  -77.985  -11.796 0.6000000238
10341  19.127  -77.632  -11.818 0.6000000238
130673  17.918  -77.108  -10.776 0.6999999881
5011  24.089  -85.413  -18.153 0.6999999881
10342  18.391  -77.363  -11.818 0.5000000000
10343  17.666  -77.115  -12.229 0.6999999881
5057  24.650  -85.812  -20.494 0.8000000119
5045  24.138  -85.833  -19.801 0.8000000119
9456  19.515  -78.318  -12.533 0.5000000000
9457  18.541  -77.891  -12.636 0.5000000000
140094  25.134  -87.657  -22.541 0.6999999881
8663  18.462  -79.552  -13.962 0.5000000000
7933  18.286  -80.709  -15.218 0.6000000238
8683  17.928  -80.221  -14.704 0.5000000000
8684  17.378  -80.061  -14.924 0.6000000238
9489  17.022  -79.442  -14.593 0.6999999881
119445  15.989  -79.315  -15.406 0.6999999881
7934  17.709  -80.414  -15.303 0.5000000000
141488  17.402  -80.115  -15.255 0.6000000238
9490  16.407  -79.413  -15.020 0.6000000238
135727  17.493  -77.738  -15.799 0.6000000238
130890  18.018  -81.022  -15.957 0.6000000238
132765  17.206  -79.765  -15.375 0.6000000238
10378  18.551  -77.581  -15.745 0.6000000238
8715  18.135  -80.663  -16.203 0.5000000000
129070  18.252  -79.637  -15.906 0.5000000000
11272  18.239  -76.756  -15.597 0.6000000238
12168  17.393  -75.355  -15.857 0.6000000238
13056  16.928  -74.562  -16.527 0.6999999881
14875  17.925  -72.024  -18.593 0.6000000238
13957  17.246  -72.595  -18.539 0.6999999881
9524  18.693  -78.545  -15.925 0.6000000238
10390  19.212  -77.549  -16.177 0.6000000238
12148  18.323  -75.828  -15.702 0.6000000238
13054  18.408  -74.171  -16.159 0.6999999881
121625  18.985  -71.488  -18.326 0.5000000000
7863  20.736  -80.354  -7.883 0.8999999762
6637  23.549  -82.923  -10.827 0.6000000238
7208  22.723  -81.839  -9.886 0.6999999881
137641  20.390  -79.462  -7.858 0.8000000119
7864  18.146  -80.186  -8.311 0.6999999881
9394  19.893  -78.777  -8.294 0.6999999881
9393  20.717  -78.644  -8.383 0.8000000119
5549  25.110  -84.829  -13.668 0.6999999881
10303  19.877  -77.633  -10.288 0.8000000119
134351  19.424  -77.829  -9.485 0.6000000238
133478  20.385  -77.640  -11.056 0.6999999881
9455  20.380  -78.423  -12.539 0.6000000238
5044  24.969  -85.555  -19.878 0.8000000119
126414  25.278  -85.482  -19.171 0.8000000119
5067  26.226  -86.168  -21.253 0.8000000119
9471  19.854  -78.829  -13.219 0.5000000000
4498  25.754  -86.436  -21.707 0.8000000119
8662  19.304  -79.501  -13.797 0.5000000000
132129  19.574  -80.926  -15.859 0.5000000000
119726  18.918  -81.425  -16.343 0.6000000238
7932  19.233  -80.639  -14.998 0.6000000238
7963  18.423  -81.381  -16.525 0.6000000238
8732  18.658  -80.510  -17.221 0.6000000238
17511  19.008  -70.226  -18.482 0.5000000000
9523  18.898  -79.232  -16.451 0.5000000000
15778  18.303  -71.220  -18.517 0.5000000000
16659  18.287  -71.218  -18.490 0.6000000238
10402  19.449  -77.316  -17.270 0.6000000238
125348  18.912  -75.898  -16.181 0.6999999881
13053  19.191  -74.334  -16.731 0.6999999881
13939  18.543  -73.000  -17.108 0.6999999881
9539  19.344  -78.077  -18.138 0.6000000238
13938  19.276  -73.322  -17.216 0.6000000238
127005  19.362  -76.447  -18.050 0.6999999881
131062  19.529  -74.977  -17.776 0.6000000238
13073  19.604  -74.118  -17.613 0.5000000000
7198  22.306  -81.269  -9.483 0.6999999881
7872  22.003  -80.726  -8.854 0.6999999881
7862  21.636  -80.123  -8.416 0.6999999881
8609  21.226  -79.402  -8.241 0.8000000119
9392  21.545  -78.594  -8.625 0.6999999881
10302  20.798  -77.539  -10.310 0.6999999881
10285  20.428  -77.689  -9.468 0.6999999881
18252  19.901  -68.783  -17.510 0.5000000000
7285  19.922  -81.702  -18.382 0.5000000000
7270  19.243  -81.615  -17.835 0.6000000238
17501  18.870  -69.852  -17.913 0.5000000000
7286  19.513  -81.338  -18.576 0.5000000000
8004  20.104  -80.884  -20.272 0.5000000000
7981  18.698  -81.058  -17.697 0.6000000238
8731  19.244  -79.176  -17.646 0.6000000238
14885  19.917  -71.856  -18.457 0.5000000000
8005  19.476  -80.708  -19.754 0.5000000000
124453  19.137  -79.908  -19.665 0.6000000238
9556  19.057  -78.902  -19.312 0.6000000238
7871  22.648  -80.433  -9.319 0.6999999881
8617  22.757  -79.536  -9.177 0.6999999881
9391  22.147  -78.516  -8.907 0.6999999881
11310  19.288  -76.389  -19.599 0.5000000000
8027  20.002  -79.916  -21.480 0.5000000000
13094  19.925  -74.285  -18.801 0.5000000000
8763  19.155  -79.206  -21.176 0.5000000000
10427  19.140  -77.141  -20.228 0.5000000000
124905  19.164  -77.119  -18.926 0.5000000000
123519  19.420  -75.721  -18.730 0.5000000000
13125  19.930  -75.173  -20.608 0.5000000000
130759  20.877  -73.621  -20.838 0.5000000000
11325  19.970  -76.855  -20.753 0.5000000000
12233  20.061  -75.516  -20.669 0.5000000000
13110  19.731  -74.937  -20.156 0.5000000000
10465  19.724  -78.462  -21.284 0.5000000000
11343  19.867  -76.244  -20.627 0.5000000000
11326  19.565  -76.413  -20.479 0.5000000000
8779  19.662  -79.318  -21.480 0.5000000000
10447  19.557  -77.554  -20.805 0.5000000000
11342  20.129  -75.981  -20.633 0.5000000000
19027  17.466  -66.893  -15.380 0.6000000238
17490  17.530  -68.886  -15.583 0.6000000238
19042  18.766  -66.648  -16.007 0.5000000000
123615  16.638  -66.807  -15.282 0.6999999881
19028  15.926  -67.195  -15.574 0.6000000238
17492  15.604  -68.849  -16.287 0.6000000238
18232  14.037  -68.349  -15.904 0.6999999881
19017  16.107  -66.769  -14.673 0.6000000238
19029  15.177  -66.895  -15.438 0.6999999881
19043  15.190  -67.453  -15.856 0.6999999881
129051  14.865  -68.625  -16.337 0.6999999881
130722  13.251  -67.643  -15.494 0.8000000119
19016  16.980  -66.928  -14.666 0.5000000000
19842  17.724  -66.613  -15.165 0.5000000000
19030  14.420  -67.070  -15.523 0.8000000119
19019  14.607  -66.696  -14.925 0.6000000238
18234  11.376  -68.387  -15.239 0.6999999881
19003  17.303  -67.671  -13.780 0.5000000000
19015  17.877  -67.107  -14.426 0.5000000000
19021  12.094  -67.681  -15.032 0.6999999881
17479  12.086  -68.946  -15.604 0.6999999881
19847  13.157  -66.991  -15.075 0.6999999881
19005  15.618  -67.349  -14.110 0.6999999881
17481  10.005  -69.544  -15.531 0.6999999881
18223  11.419  -68.183  -14.762 0.6999999881
18210  16.767  -68.356  -13.289 0.6000000238
19006  14.767  -67.243  -14.290 0.8000000119
19806  8.138  -66.318  -11.311 0.6999999881
18984  7.101  -67.653  -11.872 0.8000000119
18184  18.714  -68.818  -11.323 0.4000000060
17482  9.190  -69.727  -15.220 0.6999999881
18194  17.799  -68.968  -12.383 0.5000000000
122902  10.418  -68.770  -15.251 0.6999999881
18209  17.530  -68.394  -13.025 0.6000000238
18196  16.219  -69.017  -12.872 0.6000000238
19008  12.752  -67.357  -14.623 0.6999999881
18212  15.055  -67.981  -13.566 0.8000000119
18213  14.173  -67.933  -13.720 0.8000000119
25959  12.271  -59.274  -3.047 0.5000000000
25972  12.553  -59.349  -3.735 0.5000000000
24960  12.642  -59.640  -4.567 0.5000000000
23131  10.503  -63.165  -9.965 0.5000000000
21428  10.118  -64.629  -10.772 0.6000000238
22263  10.728  -63.836  -10.618 0.6000000238
23106  10.544  -62.804  -8.939 0.6000000238
23099  12.956  -62.819  -6.836 0.6000000238
21429  9.682  -64.660  -10.435 0.6999999881
22250  10.222  -63.987  -10.250 0.6999999881
20635  8.330  -65.842  -10.883 0.6999999881
20623  9.037  -65.604  -10.044 0.6999999881
17465  9.016  -69.475  -13.942 0.6999999881
17456  9.394  -69.289  -13.027 0.6999999881
18200  8.624  -68.762  -12.747 0.8000000119
17435  17.489  -69.802  -11.095 0.5000000000
17472  9.759  -69.052  -14.679 0.6999999881
17450  16.465  -69.566  -12.129 0.6000000238
18215  11.485  -68.343  -14.130 0.8000000119
18198  14.549  -68.753  -13.129 0.6999999881
17462  11.839  -69.182  -13.200 0.8000000119
18214  12.293  -68.085  -13.999 0.8000000119
24928  12.853  -59.886  -2.717 0.5000000000
25971  13.037  -59.573  -3.320 0.6000000238
135705  13.190  -59.271  -3.907 0.5000000000
25987  13.033  -59.091  -4.400 0.6000000238
25988  12.884  -59.198  -4.381 0.6000000238
24969  12.623  -59.985  -5.539 0.6000000238
26000  12.777  -59.069  -5.308 0.6000000238
24979  12.434  -60.380  -6.423 0.5000000000
121542  11.576  -62.565  -10.315 0.5000000000
23118  10.776  -62.391  -9.620 0.5000000000
120262  11.432  -64.154  -10.778 0.6000000238
24039  11.195  -61.507  -8.857 0.6000000238
122511  11.442  -62.862  -8.227 0.6999999881
24024  12.656  -61.245  -6.464 0.6000000238
21427  10.686  -64.720  -10.768 0.6000000238
126653  9.870  -65.043  -11.027 0.6999999881
21415  9.510  -64.942  -9.944 0.6999999881
22239  10.408  -63.692  -9.131 0.6999999881
125911  10.959  -63.745  -8.587 0.8000000119
132458  12.403  -63.047  -7.595 0.6999999881
19787  10.245  -65.664  -10.837 0.6999999881
19804  9.389  -65.904  -11.427 0.6999999881
120903  9.985  -66.734  -11.011 0.6999999881
18982  8.457  -67.205  -11.815 0.8000000119
18185  10.002  -68.772  -11.487 0.8000000119
18187  7.670  -67.847  -12.393 0.8000000119
133597  16.717  -70.060  -11.294 0.5000000000
16584  14.855  -70.274  -10.451 0.6000000238
17455  10.406  -69.348  -12.585 0.8000000119
17442  9.767  -69.121  -12.116 0.8000000119
17451  15.638  -69.520  -12.360 0.6000000238
17437  15.063  -69.916  -11.800 0.6999999881
17453  12.303  -69.531  -12.243 0.8000000119
141859  14.143  -69.306  -12.646 0.6999999881
143065  13.367  -69.531  -12.277 0.6999999881
136431  13.714  -68.826  -13.199 0.8000000119
23980  13.500  -61.192  -2.317 0.4000000060
24927  13.744  -60.593  -2.952 0.5000000000
25999  13.438  -58.827  -5.026 0.4000000060
26918  13.026  -58.806  -5.130 0.5000000000
26008  12.355  -59.254  -6.313 0.5000000000
22262  11.745  -63.402  -10.717 0.5000000000
24051  11.911  -61.275  -9.390 0.6000000238
25013  11.624  -61.086  -8.832 0.6000000238
24980  11.867  -59.897  -7.149 0.6000000238
21426  11.676  -64.818  -10.599 0.6000000238
24034  11.630  -61.281  -8.106 0.6999999881
140761  12.069  -61.467  -7.527 0.6999999881
20632  11.838  -65.634  -10.361 0.6000000238
18981  9.749  -67.827  -11.336 0.8000000119
17426  13.111  -70.006  -10.602 0.6999999881
17439  12.743  -69.840  -11.372 0.6999999881
17440  11.747  -69.611  -11.271 0.8000000119
17428  11.207  -69.188  -10.849 0.8000000119
17438  13.635  -69.994  -11.325 0.6999999881
23979  14.459  -61.548  -2.348 0.4000000060
23966  14.058  -61.892  -1.521 0.4000000060
121711  13.397  -62.120  -1.003 0.4000000060
25986  14.576  -60.155  -4.426 0.5000000000
24944  13.983  -60.086  -3.733 0.4000000060
23009  12.251  -62.681  0.362 0.5000000000
133267  12.878  -58.050  -6.299 0.5000000000
26024  13.140  -59.043  -8.624 0.5000000000
26026  11.910  -59.814  -7.660 0.5000000000
26987  13.980  -58.591  -8.988 0.5000000000
25000  11.771  -60.471  -7.842 0.6999999881
19786  10.996  -66.749  -10.663 0.6000000238
18170  11.340  -68.564  -10.517 0.8000000119
16573  14.399  -69.963  -9.870 0.6000000238
17413  13.557  -69.797  -9.938 0.6000000238
18158  12.848  -68.593  -9.585 0.6999999881
18169  12.077  -68.555  -10.020 0.6999999881
132721  12.425  -69.718  -10.718 0.6999999881
23925  12.447  -61.968  1.541 0.3000000119
24943  15.176  -60.892  -3.909 0.4000000060
23995  14.729  -61.279  -3.197 0.3000000119
124210  14.923  -61.786  -1.724 0.4000000060
23949  14.007  -61.997  -0.448 0.4000000060
23935  12.802  -62.300  0.877 0.5000000000
26931  14.080  -58.577  -5.551 0.4000000060
23924  13.117  -61.712  1.257 0.3000000119
26932  13.194  -58.321  -5.797 0.4000000060
143036  13.070  -59.570  -9.092 0.5000000000
26949  12.935  -57.710  -6.782 0.4000000060
26054  13.872  -59.802  -9.988 0.6000000238
27930  14.282  -57.495  -6.762 0.4000000060
26033  14.344  -59.121  -9.676 0.4000000060
26971  13.605  -58.106  -8.199 0.5000000000
18968  10.702  -67.759  -10.728 0.6999999881
17427  11.910  -69.252  -10.515 0.6999999881
22998  12.062  -62.575  1.167 0.4000000060
23934  13.659  -61.713  0.551 0.4000000060
24875  13.567  -60.985  1.264 0.3000000119
25997  15.625  -59.887  -5.445 0.3000000119
27947  14.456  -57.183  -7.278 0.4000000060
26986  14.741  -58.463  -9.254 0.4000000060
26970  14.401  -57.834  -8.479 0.4000000060
23978  15.458  -61.665  -2.427 0.3000000119
23964  15.610  -61.517  -1.459 0.3000000119
23965  14.889  -61.688  -0.855 0.4000000060
24900  15.264  -60.909  -0.249 0.3000000119
24885  14.260  -60.810  0.767 0.3000000119
134094  16.058  -61.161  -3.638 0.3000000119
26947  14.745  -58.474  -6.251 0.3000000119
27961  14.812  -57.310  -7.899 0.3000000119
138325  15.026  -57.335  -7.019 0.3000000119
134580  15.865  -58.597  -9.120 0.3000000119
23948  15.591  -61.241  -0.766 0.3000000119
24883  15.369  -60.159  -0.161 0.3000000119
23977  16.284  -61.378  -2.007 0.3000000119
24899  15.941  -60.484  -0.662 0.3000000119
27929  15.764  -57.655  -7.019 0.3000000119
27945  16.190  -57.747  -7.463 0.3000000119
26968  16.213  -58.248  -8.526 0.3000000119
24876  12.756  -60.991  1.725 0.3000000119
24942  16.772  -60.863  -3.316 0.3000000119
24913  17.166  -60.320  -2.374 0.3000000119
27928  16.686  -57.951  -7.017 0.3000000119
9458  17.624  -77.616  -13.175 0.6000000238
9474  17.283  -78.651  -13.834 0.6999999881
142923  16.889  -77.595  -13.559 0.6999999881
10367  15.860  -78.544  -14.663 0.6999999881
26960  12.600  -58.454  -7.284 0.4000000060
26034  12.468  -59.738  -8.818 0.6000000238
25925  14.510  -59.726  0.724 0.3000000119
5555  19.373  -84.433  -13.625 0.6999999881
131174  19.225  -84.866  -8.474 0.6999999881
5569  22.644  -84.808  -14.222 0.8000000119
4502  22.141  -86.655  -21.563 0.6000000238
4501  23.007  -86.639  -21.681 0.6999999881
6104  23.374  -83.950  -12.055 0.6000000238
8598  19.274  -80.143  -7.623 0.6999999881
5028  24.485  -85.464  -19.055 0.8000000119
4507  24.618  -87.061  -22.405 0.6999999881
4506  25.578  -86.955  -22.319 0.8000000119
13940  17.903  -72.952  -17.385 0.6999999881
9473  18.109  -78.696  -13.481 0.5000000000
9505  16.703  -79.291  -15.780 0.6000000238
15779  17.547  -71.851  -18.498 0.6000000238
11278  19.330  -76.452  -16.663 0.6999999881
9410  20.173  -78.056  -8.803 0.8000000119
9470  20.754  -78.706  -13.327 0.5000000000
127391  19.565  -79.849  -14.346 0.6000000238
8742  19.099  -80.167  -18.427 0.6000000238
17463  10.914  -69.295  -13.298 0.8000000119
2721  26.020  -89.958  -13.083 0.4000000060
138891  26.129  -89.537  -12.377 0.4000000060
2233  25.215  -91.663  -15.146 0.3000000119
2737  24.744  -89.572  -14.273 0.4000000060
3330  24.872  -88.841  -12.928 0.4000000060
2711  25.508  -89.280  -12.617 0.4000000060
1382  27.690  -92.915  -15.237 0.4000000060
1371  27.609  -93.015  -14.433 0.5000000000
1769  27.450  -92.986  -13.906 0.5000000000
1383  26.820  -93.081  -15.785 0.3000000119
1770  26.794  -93.035  -14.360 0.4000000060
2207  26.591  -91.062  -13.337 0.4000000060
1782  25.475  -92.966  -15.626 0.3000000119
2224  25.471  -91.218  -14.378 0.3000000119
2208  25.744  -90.648  -13.725 0.3000000119
1783  24.990  -91.901  -15.933 0.3000000119
1390  27.323  -92.953  -15.999 0.4000000060
1780  27.749  -92.322  -15.737 0.4000000060
2230  28.197  -91.865  -15.259 0.5000000000
1789  27.249  -92.317  -16.440 0.3000000119
135900  25.822  -93.166  -16.337 0.3000000119
129979  24.745  -92.673  -17.332 0.4000000060
1401  25.462  -93.022  -17.358 0.3000000119
1810  23.775  -92.358  -19.648 0.4000000060
1802  23.898  -92.625  -18.876 0.4000000060
2261  23.312  -91.657  -19.755 0.4000000060
2241  27.405  -91.498  -16.303 0.4000000060
2232  26.625  -90.219  -16.175 0.4000000060
2242  26.881  -91.267  -16.824 0.4000000060
124298  26.010  -89.923  -16.788 0.4000000060
3369  26.002  -88.982  -17.062 0.5000000000
1796  26.445  -92.202  -17.944 0.4000000060
2763  25.397  -89.777  -18.548 0.4000000060
1408  24.436  -92.934  -18.613 0.4000000060
1414  24.678  -92.850  -19.062 0.5000000000
2254  25.606  -91.438  -19.245 0.4000000060
1815  24.009  -91.908  -20.496 0.4000000060
132277  21.830  -88.224  -22.008 0.6000000238
2809  23.124  -90.119  -21.628 0.4000000060
3384  26.170  -88.540  -17.851 0.6000000238
3398  25.814  -88.724  -18.699 0.6000000238
3399  25.471  -89.238  -18.914 0.6000000238
138716  25.690  -88.952  -19.531 0.6000000238
3409  25.290  -89.447  -19.800 0.6000000238
142428  25.610  -89.025  -20.384 0.6999999881
2786  24.707  -90.652  -20.653 0.5000000000
2799  24.428  -90.211  -21.462 0.6000000238
3428  25.361  -88.521  -22.098 0.6999999881
3417  27.734  -88.788  -20.865 0.6999999881
3426  27.846  -88.519  -21.311 0.6999999881
3407  27.566  -88.837  -20.163 0.6000000238
3418  26.929  -88.553  -21.286 0.6999999881
5066  26.806  -86.251  -21.091 0.6999999881
140275  26.242  -85.926  -20.533 0.6999999881
129952  24.896  -85.371  -18.348 0.6999999881
136833  26.050  -88.233  -21.502 0.6999999881
4497  26.230  -86.803  -21.933 0.6999999881
4021  25.857  -87.328  -22.219 0.6999999881
4495  28.050  -86.949  -21.354 0.5000000000
4479  27.951  -86.351  -20.418 0.6000000238
4014  27.504  -87.594  -21.535 0.6999999881
5054  26.816  -86.175  -20.637 0.6000000238
5042  26.567  -86.015  -19.944 0.6999999881
5026  26.662  -85.739  -18.917 0.6999999881
3427  26.858  -87.995  -21.541 0.6999999881
129176  26.213  -85.541  -18.108 0.6999999881
5009  25.419  -85.385  -17.734 0.6000000238
5041  27.320  -86.213  -20.167 0.6000000238
5025  27.434  -85.895  -19.097 0.6000000238
132859  27.787  -85.810  -18.058 0.6000000238
6102  25.398  -84.083  -11.970 0.5000000000
4385  18.691  -85.705  -8.729 0.6000000238
4394  19.017  -86.233  -9.609 0.6000000238
4990  26.015  -85.373  -17.114 0.6000000238
121652  25.824  -85.393  -16.092 0.6000000238
5566  25.729  -84.985  -14.388 0.5000000000
123666  26.124  -84.603  -13.545 0.5000000000
124104  16.868  -84.605  -8.209 0.6000000238
5496  18.279  -84.271  -7.765 0.6000000238
4901  18.003  -85.445  -8.294 0.6000000238
130218  26.786  -85.455  -17.309 0.6000000238
5580  26.149  -85.133  -15.181 0.5000000000
4973  25.368  -85.225  -15.244 0.5000000000
6606  16.770  -82.572  -8.768 0.6000000238
6605  17.388  -82.367  -7.977 0.6000000238
6062  17.325  -83.147  -7.852 0.6000000238
6063  16.602  -83.647  -8.414 0.6000000238
5503  17.475  -84.049  -7.867 0.6000000238
7184  17.849  -81.703  -7.795 0.6000000238
6600  17.919  -82.630  -7.579 0.6000000238
7197  23.084  -80.997  -9.707 0.6000000238
134089  26.613  -85.384  -16.466 0.6000000238
6613  17.234  -81.734  -8.711 0.6000000238
9413  17.223  -78.972  -9.509 0.6000000238
7192  17.605  -80.913  -8.466 0.6000000238
8618  18.154  -79.124  -8.779 0.6000000238
7873  17.446  -80.040  -8.980 0.6000000238
10286  18.498  -77.696  -9.683 0.5000000000
9395  18.804  -79.729  -8.044 0.6000000238
9411  18.768  -78.355  -9.164 0.5000000000
6615  15.725  -82.766  -9.862 0.6999999881
6614  16.634  -81.843  -9.552 0.6000000238
7874  17.004  -80.989  -9.452 0.6000000238
9424  17.245  -77.894  -9.996 0.6000000238
10287  17.896  -77.397  -10.072 0.6000000238
9460  13.600  -78.635  -12.964 0.6000000238
7201  16.467  -81.406  -10.099 0.6000000238
8619  16.835  -80.017  -9.560 0.6000000238
10306  16.526  -77.839  -10.489 0.5000000000
8636  15.693  -79.449  -10.829 0.6000000238
125010  15.335  -77.644  -11.620 0.6000000238
9442  14.731  -78.416  -11.879 0.6000000238
9459  14.264  -77.808  -12.778 0.6000000238
7885  15.868  -80.333  -10.646 0.6000000238
10305  17.153  -77.202  -10.715 0.6000000238
9426  16.097  -78.636  -10.614 0.6000000238
141579  16.407  -77.304  -10.992 0.5000000000
10345  15.540  -76.889  -12.386 0.6000000238
10330  14.906  -77.473  -12.299 0.5000000000
10357  14.519  -77.387  -13.654 0.5000000000
10344  16.852  -77.019  -12.938 0.6000000238
11249  16.150  -76.715  -12.789 0.6000000238
10356  15.422  -76.952  -13.252 0.6000000238
10368  14.450  -77.706  -14.643 0.6000000238
9508  14.726  -78.434  -15.734 0.6999999881
122748  14.187  -78.376  -16.293 0.6999999881
141008  14.204  -78.669  -16.932 0.6999999881
9541  14.513  -78.801  -18.009 0.6999999881
133658  15.198  -77.445  -14.127 0.6000000238
9491  15.240  -78.465  -15.160 0.6999999881
10392  15.330  -78.731  -16.602 0.6999999881
127882  15.117  -78.734  -16.509 0.6999999881
9540  15.080  -78.690  -17.566 0.6999999881
10404  15.436  -78.209  -18.024 0.6000000238
9525  16.008  -79.296  -16.147 0.6000000238
142294  26.101  -84.035  -12.138 0.5000000000
6088  25.074  -83.420  -11.366 0.5000000000
131566  25.802  -82.899  -11.099 0.5000000000
6621  25.028  -82.028  -10.466 0.6000000238
7894  26.151  -80.524  -11.731 0.6000000238
7216  26.530  -81.556  -11.429 0.6000000238
7205  25.236  -81.149  -10.533 0.6000000238
7206  24.412  -81.390  -10.274 0.6000000238
7883  23.895  -80.766  -9.952 0.6000000238
8644  25.602  -79.738  -12.015 0.5000000000
7881  24.967  -80.100  -10.719 0.6000000238
7870  23.457  -80.004  -9.576 0.6000000238
9451  24.255  -78.496  -11.744 0.6000000238
9436  23.626  -78.124  -11.190 0.5000000000
9422  23.705  -78.457  -10.289 0.6000000238
9407  22.647  -78.697  -9.177 0.6000000238
8646  24.077  -78.691  -12.674 0.5000000000
10322  22.925  -77.792  -10.541 0.6000000238
9439  20.849  -78.049  -11.789 0.5000000000
9454  21.421  -78.338  -12.643 0.5000000000
10301  21.568  -77.499  -10.338 0.6000000238
10323  22.153  -77.488  -10.807 0.6000000238
2267  24.181  -91.142  -20.951 0.6000000238
2806  24.891  -89.322  -21.951 0.6999999881
6636  24.516  -82.842  -10.811 0.5000000000
11241  16.794  -76.741  -12.175 0.6000000238
9507  15.729  -79.212  -16.016 0.6999999881
6622  24.048  -82.216  -10.428 0.6000000238
132914  22.354  -78.157  -9.381 0.6000000238
9438  21.850  -77.812  -11.693 0.6000000238
2225  24.919  -90.449  -14.746 0.3000000119
1771  25.982  -92.320  -14.894 0.3000000119
2223  26.305  -91.788  -14.096 0.4000000060
1791  25.214  -93.061  -16.237 0.3000000119
1400  26.333  -92.985  -17.287 0.4000000060
1407  25.294  -92.891  -18.422 0.4000000060
2752  26.294  -89.196  -16.146 0.4000000060
2249  25.815  -90.896  -18.287 0.3000000119
2243  25.674  -89.714  -17.669 0.5000000000
3385  25.633  -89.032  -18.079 0.6000000238
1801  26.022  -92.243  -18.676 0.5000000000
2774  25.020  -90.029  -19.563 0.5000000000
2259  25.116  -91.668  -19.989 0.5000000000
128429  26.460  -88.800  -20.520 0.6000000238
4496  27.164  -86.779  -21.460 0.6999999881
9425  16.698  -78.552  -10.128 0.6000000238
9575  14.601  -78.120  -19.090 0.6000000238
129205  25.859  -81.173  -11.099 0.6000000238
8657  24.696  -79.356  -13.337 0.5000000000
7882  24.520  -80.565  -10.281 0.6000000238
8626  24.468  -79.738  -10.361 0.6000000238
8635  25.111  -79.522  -11.429 0.5000000000
8625  24.675  -79.241  -10.914 0.6000000238
9437  22.785  -77.821  -11.458 0.5000000000
9453  22.502  -78.184  -12.387 0.5000000000
885  21.658  -93.564  4.315 0.4000000060
121251  21.334  -92.832  3.967 0.4000000060
894  21.663  -93.367  3.458 0.5000000000
139112  21.519  -95.780  4.263 0.5000000000
138011  20.864  -96.409  3.771 0.5000000000
111  19.253  -97.854  2.285 0.5000000000
393  21.780  -95.774  3.634 0.5000000000
140719  22.167  -94.741  4.555 0.5000000000
1581  20.833  -92.093  3.633 0.4000000060
1582  20.707  -91.230  3.437 0.4000000060
1591  21.390  -92.175  2.338 0.5000000000
3886  25.849  -87.571  -9.274 0.3000000119
140616  25.958  -87.811  -8.613 0.3000000119
3896  25.344  -87.676  -9.944 0.3000000119
3912  24.921  -87.837  -10.760 0.3000000119
380  21.913  -95.102  5.435 0.4000000060
230  20.842  -96.075  4.635 0.5000000000
96  19.953  -96.877  4.323 0.5000000000
876  22.073  -94.105  5.521 0.4000000060
133618  21.752  -93.717  5.091 0.4000000060
1569  20.959  -91.951  5.003 0.3000000119
1558  20.873  -91.558  5.691 0.3000000119
1601  21.161  -91.177  1.214 0.4000000060
2015  20.440  -90.037  4.186 0.3000000119
2025  20.554  -90.278  3.280 0.4000000060
1592  20.969  -91.220  2.104 0.5000000000
2518  20.397  -89.309  3.619 0.3000000119
127018  26.547  -87.647  -8.767 0.3000000119
3261  26.364  -88.292  -8.244 0.3000000119
3895  26.033  -87.692  -9.997 0.3000000119
138287  25.764  -87.948  -10.752 0.3000000119
127662  25.323  -88.294  -11.421 0.3000000119
589  22.044  -94.472  5.862 0.3000000119
125550  21.608  -94.963  6.183 0.4000000060
867  21.692  -93.435  6.633 0.3000000119
2494  20.300  -89.044  5.260 0.3000000119
2541  20.684  -89.429  1.864 0.4000000060
2049  20.951  -90.379  0.466 0.4000000060
2526  20.491  -89.398  2.723 0.4000000060
139344  20.422  -88.664  4.745 0.3000000119
3861  29.232  -87.993  -7.374 0.4000000060
3863  27.924  -87.837  -8.038 0.4000000060
2644  28.234  -89.474  -7.173 0.4000000060
2134  28.775  -90.419  -6.968 0.4000000060
2133  29.303  -91.423  -6.843 0.4000000060
1676  29.510  -92.094  -6.538 0.5000000000
3885  27.423  -87.498  -9.242 0.3000000119
136172  26.627  -87.604  -9.614 0.3000000119
3288  27.402  -87.877  -10.204 0.3000000119
3315  25.873  -88.870  -11.904 0.3000000119
585  21.784  -93.753  7.036 0.3000000119
3136  20.884  -88.048  2.036 0.3000000119
3150  20.839  -88.658  1.511 0.3000000119
130882  20.998  -90.482  -1.169 0.4000000060
119172  21.229  -90.800  -1.970 0.4000000060
3757  20.837  -87.522  6.007 0.3000000119
3775  20.785  -87.966  3.296 0.3000000119
3765  20.875  -87.836  4.159 0.3000000119
2505  20.530  -88.501  4.013 0.3000000119
1266  27.606  -92.137  -4.182 0.5000000000
128410  25.892  -92.067  -4.982 0.5000000000
3221  32.271  -88.789  -5.375 0.3000000119
3222  31.283  -88.568  -5.625 0.3000000119
3237  31.036  -88.134  -6.476 0.3000000119
2629  30.439  -88.643  -5.944 0.3000000119
3238  29.240  -88.570  -6.869 0.4000000060
1273  30.136  -91.855  -4.212 0.5000000000
947  29.476  -92.403  -4.507 0.5000000000
3247  29.977  -88.119  -6.769 0.3000000119
2119  29.456  -90.290  -6.395 0.4000000060
123775  29.828  -91.309  -6.059 0.4000000060
1675  29.910  -91.722  -5.709 0.5000000000
1274  29.595  -92.388  -5.246 0.5000000000
3276  28.234  -87.794  -9.891 0.3000000119
3297  27.313  -88.640  -11.159 0.3000000119
2701  26.760  -89.351  -11.932 0.3000000119
2177  27.402  -90.208  -12.344 0.3000000119
2193  27.189  -90.744  -12.903 0.4000000060
3160  21.119  -88.643  0.686 0.3000000119
2067  20.937  -89.675  -1.053 0.4000000060
119868  21.322  -87.187  6.197 0.3000000119
127869  21.479  -87.554  4.062 0.3000000119
3774  21.298  -87.607  3.374 0.3000000119
2077  21.353  -90.268  -2.623 0.4000000060
3756  21.444  -87.350  5.374 0.3000000119
1659  22.724  -91.026  -4.535 0.4000000060
1657  24.198  -91.997  -5.268 0.5000000000
2102  25.182  -90.453  -4.758 0.4000000060
125417  24.136  -90.841  -5.043 0.5000000000
2598  33.742  -89.100  -4.417 0.3000000119
1647  27.334  -91.507  -3.885 0.5000000000
1655  25.938  -91.119  -4.578 0.5000000000
2613  31.528  -89.230  -4.750 0.3000000119
141833  28.473  -91.694  -2.978 0.4000000060
1646  28.010  -91.775  -3.342 0.5000000000
3236  31.992  -88.381  -6.188 0.3000000119
2614  30.750  -89.121  -5.231 0.4000000060
2112  30.692  -90.013  -4.815 0.4000000060
1250  30.025  -91.705  -3.054 0.5000000000
1265  28.420  -92.309  -3.859 0.5000000000
137529  29.645  -87.684  -8.367 0.3000000119
2118  30.124  -89.908  -5.619 0.4000000060
123435  30.307  -91.197  -5.292 0.5000000000
1667  30.201  -91.780  -5.035 0.5000000000
126289  28.980  -88.554  -10.416 0.3000000119
2682  28.826  -89.284  -11.102 0.4000000060
2699  28.596  -89.957  -11.618 0.3000000119
2700  27.739  -89.636  -11.756 0.4000000060
2176  28.293  -90.533  -12.198 0.4000000060
5034  18.092  -85.356  -18.914 0.5000000000
2206  27.450  -91.616  -13.286 0.3000000119
3101  23.814  -87.898  6.765 0.3000000119
3755  22.684  -87.506  5.236 0.3000000119
2574  21.293  -89.204  -1.758 0.3000000119
3747  22.281  -87.152  5.986 0.3000000119
2583  21.911  -89.201  -3.187 0.3000000119
132528  23.577  -89.920  -4.700 0.5000000000
2101  26.135  -90.094  -4.517 0.4000000060
2604  24.464  -89.798  -4.716 0.3000000119
3205  33.862  -88.822  -4.342 0.3000000119
2100  26.982  -90.244  -4.170 0.5000000000
132164  32.617  -89.202  -4.656 0.3000000119
2076  28.770  -90.798  -2.651 0.4000000060
136679  28.120  -90.582  -3.217 0.4000000060
2111  31.252  -90.166  -4.226 0.4000000060
2085  31.359  -90.680  -3.057 0.4000000060
1628  30.813  -91.127  -2.766 0.4000000060
1629  30.335  -91.375  -2.512 0.4000000060
3258  30.551  -88.029  -8.532 0.3000000119
3274  30.638  -88.701  -9.609 0.3000000119
2099  30.657  -91.107  -4.514 0.4000000060
1262  30.362  -91.580  -3.453 0.5000000000
2681  29.655  -89.564  -10.821 0.3000000119
2159  30.252  -90.681  -11.453 0.4000000060
124157  29.351  -90.936  -12.088 0.4000000060
120218  18.368  -85.336  -17.728 0.5000000000
2192  27.882  -91.130  -12.662 0.4000000060
2190  29.578  -91.845  -12.750 0.5000000000
124719  18.532  -85.293  -19.663 0.5000000000
122790  23.308  -87.626  5.962 0.3000000119
131326  16.377  -85.087  -8.453 0.5000000000
2601  26.765  -89.286  -4.411 0.3000000119
3208  25.371  -88.612  -4.667 0.3000000119
137064  16.995  -86.035  -8.760 0.5000000000
4904  14.912  -84.840  -8.918 0.6000000238
3828  33.915  -88.254  -4.572 0.3000000119
3195  33.331  -88.829  -3.497 0.3000000119
3204  34.146  -88.572  -5.048 0.3000000119
2578  32.951  -89.115  -3.195 0.3000000119
2579  32.454  -89.344  -2.450 0.3000000119
2591  28.511  -89.908  -3.214 0.4000000060
2592  27.635  -89.863  -3.773 0.4000000060
4401  19.540  -86.069  -11.210 0.5000000000
5530  14.098  -84.078  -10.837 0.5000000000
2072  32.004  -90.025  -2.725 0.3000000119
2073  31.295  -90.495  -2.226 0.3000000119
2065  30.270  -90.676  -1.744 0.3000000119
130370  29.728  -89.377  -2.316 0.3000000119
139518  19.510  -85.336  -11.791 0.5000000000
3273  31.364  -88.848  -9.118 0.3000000119
4960  18.725  -84.695  -14.305 0.5000000000
2680  30.689  -89.863  -10.504 0.3000000119
132866  18.187  -84.771  -15.905 0.5000000000
2158  31.247  -90.746  -11.261 0.4000000060
4996  19.274  -84.870  -16.391 0.6000000238
2175  30.954  -91.271  -11.859 0.4000000060
1736  30.405  -91.807  -12.851 0.5000000000
5032  20.010  -85.499  -18.194 0.5000000000
1751  30.057  -92.025  -13.287 0.4000000060
1350  29.347  -92.407  -13.528 0.3000000119
1739  28.318  -91.951  -13.300 0.4000000060
121381  19.635  -85.596  -19.310 0.6000000238
2709  28.460  -88.808  -13.102 0.3000000119
2720  28.007  -89.290  -13.574 0.4000000060
2221  28.765  -91.774  -14.648 0.4000000060
1360  28.225  -92.843  -13.904 0.3000000119
5061  19.901  -85.653  -21.161 0.6000000238
5049  19.149  -85.303  -20.462 0.5000000000
3937  28.500  -87.200  -13.461 0.3000000119
3329  27.784  -88.426  -13.525 0.5000000000
2735  27.344  -89.220  -14.215 0.4000000060
2222  27.871  -90.609  -14.792 0.4000000060
5073  20.245  -86.000  -21.497 0.6000000238
3954  28.003  -87.235  -14.196 0.3000000119
3955  27.362  -87.973  -14.126 0.5000000000
2736  26.752  -89.119  -14.887 0.4000000060
2743  27.121  -89.793  -14.952 0.4000000060
3971  27.356  -87.750  -14.870 0.4000000060
3339  26.925  -88.462  -14.790 0.5000000000
3355  26.594  -88.757  -15.459 0.4000000060
3368  26.526  -88.574  -16.223 0.5000000000
5504  16.037  -84.372  -8.602 0.6000000238
5513  14.544  -84.527  -9.335 0.6000000238
4368  32.633  -86.608  -5.557 0.3000000119
3829  33.236  -87.597  -4.023 0.3000000119
3820  32.774  -87.712  -3.124 0.3000000119
130888  32.496  -88.444  -2.208 0.3000000119
6072  15.454  -83.463  -9.455 0.6000000238
6073  14.801  -83.878  -9.696 0.6000000238
3845  34.181  -88.005  -5.322 0.3000000119
3175  32.039  -88.863  -1.472 0.3000000119
3177  31.042  -88.418  -1.529 0.3000000119
125541  15.268  -83.214  -11.095 0.6000000238
138129  34.083  -87.669  -6.940 0.3000000119
2571  31.678  -89.278  -1.556 0.3000000119
2572  31.099  -89.434  -1.484 0.3000000119
6094  15.246  -83.396  -11.937 0.6000000238
2664  31.924  -89.857  -9.696 0.3000000119
7234  14.359  -81.986  -13.075 0.6000000238
6108  14.961  -83.427  -12.512 0.6000000238
6655  14.250  -82.469  -13.776 0.6000000238
7242  13.312  -82.094  -14.226 0.5000000000
2707  30.587  -90.599  -13.153 0.4000000060
2719  28.964  -89.969  -13.590 0.4000000060
3970  28.142  -87.458  -15.194 0.4000000060
3985  27.489  -87.760  -15.638 0.5000000000
4887  32.207  -85.914  -6.258 0.3000000119
4865  32.066  -86.253  -4.926 0.3000000119
4352  32.586  -86.871  -4.537 0.3000000119
124885  32.359  -86.954  -3.525 0.3000000119
3806  31.533  -87.325  -1.834 0.3000000119
3807  31.341  -87.811  -1.620 0.3000000119
3814  30.858  -87.443  -1.678 0.3000000119
6071  15.957  -83.000  -9.021 0.5000000000
4367  33.556  -87.287  -5.910 0.3000000119
3854  34.157  -87.803  -6.131 0.3000000119
6625  15.584  -82.619  -10.703 0.5000000000
6080  15.281  -83.273  -10.258 0.6000000238
4374  33.687  -87.157  -6.813 0.3000000119
3187  30.543  -88.174  -1.901 0.3000000119
6641  15.469  -82.547  -11.507 0.6000000238
3859  33.911  -87.155  -7.766 0.3000000119
130601  15.343  -82.927  -12.130 0.6000000238
2706  31.555  -90.017  -12.534 0.3000000119
2188  31.761  -90.558  -12.149 0.3000000119
7235  13.638  -81.567  -13.496 0.6000000238
7935  11.834  -80.662  -14.110 0.6000000238
7218  15.516  -81.699  -11.385 0.6000000238
7896  15.461  -80.832  -11.184 0.5000000000
7907  14.342  -80.532  -12.094 0.6000000238
7908  13.885  -80.878  -12.829 0.6000000238
7920  13.085  -80.600  -13.300 0.6000000238
7236  12.991  -81.305  -13.770 0.6000000238
8687  11.384  -80.064  -14.654 0.6000000238
8666  12.415  -80.003  -13.623 0.6000000238
8704  11.082  -79.747  -15.322 0.5000000000
7209  15.977  -81.321  -10.706 0.5000000000
136588  15.371  -80.069  -11.076 0.5000000000
8648  13.750  -79.705  -12.530 0.5000000000
9478  12.596  -79.081  -13.782 0.6000000238
123151  12.484  -78.336  -18.402 0.5000000000
9592  13.889  -78.242  -19.810 0.6000000238
128086  12.982  -78.287  -19.294 0.6000000238
9560  12.013  -77.724  -18.959 0.5000000000
9593  13.282  -78.085  -19.825 0.6000000238
10450  11.904  -76.874  -20.237 0.6000000238
8647  14.425  -79.514  -11.903 0.5000000000
9492  12.872  -78.265  -14.896 0.5000000000
127589  12.700  -78.544  -16.379 0.5000000000
8703  11.775  -79.231  -14.985 0.6000000238
9527  13.600  -78.506  -16.693 0.6000000238
9528  13.262  -78.639  -17.314 0.5000000000
9544  11.805  -78.530  -17.485 0.5000000000
9542  13.805  -78.814  -18.053 0.6000000238
10403  15.541  -78.217  -17.065 0.6000000238
9559  14.032  -78.756  -18.700 0.6000000238
11346  12.790  -76.355  -20.559 0.5000000000
130032  12.299  -72.751  -12.413 0.5000000000
8637  15.106  -79.393  -11.410 0.5000000000
129718  13.147  -78.618  -13.493 0.5000000000
9509  13.256  -78.186  -15.646 0.6000000238
123094  12.222  -72.208  -10.655 0.5000000000
14785  12.200  -72.236  -9.863 0.6000000238
14801  11.359  -71.991  -12.207 0.6000000238
14818  10.691  -72.004  -13.202 0.6000000238
131114  12.230  -72.433  -11.488 0.5000000000
14817  11.627  -72.428  -13.209 0.5000000000
14831  11.871  -72.688  -13.956 0.5000000000
120104  12.530  -74.891  -20.713 0.5000000000
12237  12.620  -75.559  -20.690 0.5000000000
18202  6.977  -68.648  -12.582 0.6000000238
18173  6.784  -68.024  -11.921 0.6999999881
139699  6.977  -68.731  -12.412 0.6000000238
16587  8.203  -70.026  -11.421 0.6999999881
16575  9.903  -70.422  -9.908 0.6000000238
15683  10.598  -70.972  -9.549 0.6000000238
16597  7.731  -70.572  -12.090 0.6000000238
16586  9.177  -70.481  -10.636 0.6000000238
17467  7.287  -69.311  -13.311 0.6000000238
16605  7.254  -69.871  -13.300 0.6000000238
15698  9.468  -71.140  -10.916 0.6000000238
15684  9.913  -70.983  -10.226 0.5000000000
15682  11.479  -71.624  -9.401 0.6000000238
17466  8.097  -69.722  -14.133 0.6000000238
15709  8.163  -70.890  -12.687 0.6000000238
15697  10.414  -71.435  -10.534 0.5000000000
15696  11.437  -71.726  -10.199 0.6000000238
15726  7.872  -70.936  -14.186 0.6000000238
15716  9.996  -71.603  -12.600 0.6000000238
15733  8.778  -71.047  -14.630 0.6000000238
15717  8.776  -71.410  -13.143 0.6000000238
15724  9.674  -71.741  -13.737 0.6000000238
14832  10.745  -72.064  -14.120 0.5000000000
138145  12.339  -73.022  -14.251 0.5000000000
14843  12.616  -72.815  -14.648 0.5000000000
13915  13.456  -73.455  -15.302 0.5000000000
13928  13.767  -73.627  -16.266 0.5000000000
140790  8.538  -69.595  -10.788 0.6000000238
17415  10.091  -69.669  -9.404 0.6999999881
17474  8.476  -69.945  -14.707 0.5000000000
15745  9.377  -71.039  -15.173 0.6000000238
15743  10.964  -71.409  -15.321 0.6000000238
14844  11.549  -72.279  -14.501 0.5000000000
119203  11.912  -71.004  -15.423 0.6000000238
15742  13.101  -71.423  -15.240 0.5000000000
16622  13.537  -70.806  -15.600 0.6000000238
15741  14.027  -71.713  -15.722 0.6000000238
19772  13.479  -66.941  -9.175 0.4000000060
18956  8.847  -66.996  -9.771 0.6999999881
19761  11.339  -66.784  -8.345 0.5000000000
18943  11.464  -67.644  -8.106 0.5000000000
18955  13.138  -67.729  -9.369 0.6000000238
18966  12.325  -67.678  -9.729 0.5000000000
18944  10.616  -67.308  -8.722 0.6000000238
18146  10.994  -68.247  -8.482 0.5000000000
18157  13.524  -68.500  -9.284 0.5000000000
136294  8.212  -66.644  -10.383 0.6000000238
18159  9.916  -67.903  -9.263 0.8000000119
18969  7.413  -67.356  -11.409 0.6999999881
130022  9.552  -68.811  -9.656 0.8000000119
17401  10.784  -69.731  -8.559 0.6999999881
16624  10.689  -70.492  -15.718 0.6000000238
137128  12.821  -70.641  -15.445 0.6000000238
18928  11.905  -67.218  -7.553 0.5000000000
20621  12.538  -66.025  -9.841 0.5000000000
20622  9.761  -65.480  -9.517 0.6999999881
18912  12.022  -67.555  -6.663 0.5000000000
18942  14.823  -67.546  -8.561 0.4000000060
19771  14.222  -66.840  -8.693 0.4000000060
143474  14.722  -69.027  -8.908 0.4000000060
17412  14.814  -69.530  -9.266 0.5000000000
16572  15.300  -70.197  -9.726 0.4000000060
20588  12.032  -65.483  -8.082 0.5000000000
18911  12.398  -67.018  -6.832 0.5000000000
20620  13.278  -65.651  -9.613 0.3000000119
20631  12.576  -65.193  -10.123 0.3000000119
20606  11.237  -65.823  -8.533 0.6000000238
17399  16.103  -69.106  -8.436 0.4000000060
143265  16.589  -69.597  -8.659 0.4000000060
16583  15.738  -70.433  -10.367 0.4000000060
21403  11.218  -64.869  -8.641 0.6000000238
21404  10.432  -64.355  -9.120 0.6000000238
16570  16.961  -70.340  -9.769 0.4000000060
21390  12.024  -64.588  -8.104 0.5000000000
142389  12.366  -65.863  -7.421 0.5000000000
136881  15.886  -64.680  -9.110 0.3000000119
21412  14.634  -64.789  -9.761 0.3000000119
21413  13.565  -64.815  -9.957 0.3000000119
21425  12.539  -64.277  -10.572 0.4000000060
17408  18.242  -69.723  -9.780 0.3000000119
143320  17.132  -70.207  -10.762 0.4000000060
17424  18.206  -69.552  -10.741 0.4000000060
22260  14.594  -63.668  -10.699 0.4000000060
22233  12.155  -63.720  -7.883 0.6000000238
21373  13.260  -64.625  -6.496 0.4000000060
22273  13.456  -62.956  -11.141 0.4000000060
21409  16.776  -64.030  -8.945 0.3000000119
22248  16.589  -63.763  -9.722 0.3000000119
22232  13.047  -63.729  -7.170 0.5000000000
23130  12.549  -62.862  -10.851 0.4000000060
24061  12.471  -62.086  -10.407 0.4000000060
25012  12.220  -60.523  -9.109 0.5000000000
24071  13.937  -61.656  -11.149 0.4000000060
25029  12.692  -60.839  -9.840 0.4000000060
26085  17.136  -60.199  -12.435 0.3000000119
26051  16.348  -59.409  -11.053 0.3000000119
26070  15.741  -59.831  -11.384 0.3000000119
26052  15.522  -59.394  -10.628 0.3000000119
27002  15.961  -59.072  -9.893 0.3000000119
132790  12.604  -61.932  -1.084 0.4000000060
26068  17.592  -59.730  -12.089 0.3000000119
3196  29.267  -87.987  -3.196 0.3000000119
1735  30.673  -91.451  -12.939 0.4000000060
25043  13.986  -60.900  -10.794 0.3000000119
129250  13.088  -68.619  -15.699 0.6000000238
23010  11.433  -62.763  0.602 0.4000000060
138433  14.060  -69.496  -9.548 0.5000000000
26053  14.708  -59.663  -10.403 0.3000000119
1370  28.418  -92.796  -14.487 0.3000000119
2734  28.311  -90.304  -14.114 0.4000000060
8665  13.063  -79.501  -13.167 0.5000000000
1197  21.360  -92.908  4.926 0.4000000060
125373  22.130  -94.693  3.996 0.5000000000
103  19.899  -97.293  3.529 0.5000000000
131122  21.401  -91.825  1.701 0.5000000000
3250  27.082  -88.692  -7.799 0.4000000060
877  21.669  -93.354  5.860 0.4000000060
2033  20.697  -90.262  2.353 0.4000000060
1615  21.226  -91.103  -0.324 0.4000000060
3872  27.616  -87.652  -8.561 0.4000000060
2645  27.472  -89.485  -7.557 0.4000000060
1687  28.081  -90.674  -7.513 0.4000000060
374  20.705  -95.460  6.478 0.3000000119
123556  20.543  -87.972  5.801 0.3000000119
123551  20.611  -88.657  2.280 0.3000000119
2557  20.865  -89.422  0.973 0.4000000060
3870  29.083  -87.640  -7.947 0.3000000119
3275  29.070  -87.878  -9.604 0.4000000060
131171  20.857  -89.277  -0.105 0.4000000060
1649  21.825  -91.165  -3.496 0.4000000060
1264  29.211  -92.334  -3.731 0.5000000000
4997  18.297  -84.959  -16.761 0.5000000000
3287  28.150  -88.511  -10.702 0.4000000060
3773  22.319  -87.507  3.604 0.3000000119
2594  21.615  -89.792  -3.122 0.4000000060
2088  22.148  -90.662  -3.972 0.4000000060
2103  23.276  -90.626  -4.784 0.5000000000
2087  26.755  -90.974  -4.115 0.5000000000
2084  32.028  -89.923  -3.427 0.3000000119
3257  31.496  -88.326  -8.104 0.3000000119
3259  29.845  -87.936  -9.231 0.3000000119
3286  29.871  -88.598  -10.103 0.3000000119
5033  18.956  -85.387  -18.505 0.6000000238
2605  23.213  -89.206  -4.367 0.3000000119
2104  22.671  -90.015  -4.429 0.4000000060
2582  29.270  -90.054  -2.516 0.3000000119
5581  19.186  -84.524  -14.911 0.5000000000
1723  30.262  -91.518  -12.398 0.4000000060
3207  26.184  -88.470  -4.624 0.3000000119
3189  29.005  -89.032  -3.078 0.3000000119
2708  29.611  -89.488  -12.950 0.4000000060
2718  29.926  -90.773  -13.576 0.4000000060
1767  29.423  -92.389  -13.833 0.4000000060
4434  29.507  -86.550  -13.407 0.3000000119
4342  31.927  -87.045  -2.529 0.3000000119
7219  14.938  -81.182  -11.705 0.6000000238
4336  30.994  -86.808  -1.728 0.3000000119
4337  30.554  -86.577  -2.069 0.3000000119
4378  34.025  -86.718  -8.756 0.3000000119
9510  11.672  -79.087  -15.941 0.5000000000
9543  12.926  -78.562  -17.817 0.6000000238
17417  8.481  -68.621  -10.485 0.6999999881
18147  10.478  -68.947  -8.932 0.6999999881
18957  8.001  -67.363  -10.499 0.6999999881
131492  9.866  -66.973  -9.334 0.6000000238
20618  15.034  -65.354  -9.281 0.3000000119
21411  15.485  -64.635  -9.556 0.3000000119
135219  20.755  -85.185  -16.318 0.5000000000
4978  19.993  -84.815  -15.552 0.5000000000
3416  28.439  -88.717  -20.622 0.6000000238
9477  13.084  -78.260  -14.166 0.4000000060
135337  13.879  -77.934  -15.182 0.5000000000
133008  14.411  -76.902  -20.361 0.5000000000
11293  15.733  -77.123  -17.395 0.5000000000
11311  15.351  -77.098  -18.579 0.5000000000
10428  14.725  -77.490  -19.877 0.5000000000
123869  13.708  -76.091  -20.617 0.5000000000
124125  15.377  -76.004  -20.096 0.5000000000
11292  16.275  -76.685  -16.608 0.5000000000
13127  14.246  -74.349  -20.313 0.4000000060
12188  15.710  -76.047  -17.969 0.5000000000
12211  15.537  -76.053  -19.160 0.5000000000
12235  15.100  -75.070  -20.342 0.5000000000
13999  13.424  -73.736  -19.988 0.5000000000
138570  16.405  -74.498  -18.402 0.6000000238
12225  15.721  -75.244  -19.652 0.5000000000
13126  14.967  -74.121  -20.030 0.5000000000
14869  14.188  -71.687  -16.792 0.5000000000
13976  16.318  -73.577  -19.276 0.6000000238
14890  13.500  -71.995  -19.019 0.5000000000
14876  13.826  -71.875  -18.062 0.5000000000
13977  15.655  -73.722  -19.585 0.6000000238
14901  14.114  -72.294  -19.503 0.6000000238
13979  13.508  -72.689  -19.508 0.5000000000
13941  17.159  -73.257  -18.079 0.6000000238
14887  16.454  -72.635  -18.845 0.6000000238
14900  15.151  -72.884  -19.373 0.6000000238
15766  14.275  -71.048  -18.243 0.6000000238
15780  16.457  -72.106  -18.461 0.6000000238
15753  14.270  -70.672  -17.609 0.5000000000
16638  14.035  -70.717  -16.488 0.5000000000
14888  14.551  -72.066  -19.080 0.6000000238
14889  13.902  -71.633  -19.158 0.6000000238
15668  11.252  -71.051  -8.693 0.5000000000
16560  11.185  -70.385  -8.175 0.5000000000
16574  10.599  -70.332  -9.092 0.5000000000
17494  13.798  -69.331  -15.980 0.6000000238
15764  15.764  -71.422  -17.873 0.6000000238
125904  14.232  -69.662  -16.518 0.6000000238
15765  14.679  -70.987  -18.164 0.6000000238
16648  14.536  -70.547  -17.716 0.6000000238
16647  15.099  -70.299  -17.517 0.6000000238
23141  14.113  -62.404  -11.319 0.3000000119
24915  12.020  -60.751  -2.033 0.3000000119
3367  27.091  -87.992  -16.452 0.4000000060
3397  27.065  -88.558  -18.987 0.5000000000
4503  20.681  -86.499  -21.681 0.5000000000
5072  21.249  -86.455  -21.445 0.5000000000
3406  28.280  -88.824  -19.864 0.4000000060
5059  21.706  -86.340  -20.909 0.4000000060
3425  28.664  -88.479  -20.954 0.4000000060
136240  21.085  -85.923  -17.930 0.4000000060
5013  20.325  -85.353  -17.205 0.4000000060
5048  20.322  -85.828  -20.153 0.4000000060
120382  30.362  -86.835  -20.036 0.4000000060
142740  29.480  -86.622  -19.866 0.4000000060
5040  28.135  -86.189  -19.653 0.4000000060
5572  19.473  -84.421  -14.268 0.4000000060
4486  29.979  -87.460  -20.677 0.4000000060
4487  28.405  -86.604  -20.951 0.4000000060
5024  28.572  -85.965  -18.454 0.4000000060
5008  28.410  -85.657  -17.432 0.5000000000
15763  16.656  -71.663  -18.047 0.5000000000
16644  18.370  -70.644  -18.166 0.5000000000
16634  17.108  -70.315  -16.325 0.5000000000
16633  18.170  -70.088  -16.697 0.5000000000
17489  19.063  -69.241  -16.758 0.5000000000
17491  16.677  -69.235  -15.790 0.5000000000
18241  18.725  -67.880  -15.952 0.5000000000
16544  11.297  -69.872  -7.639 0.4000000060
18134  11.520  -68.402  -7.579 0.4000000060
131023  17.584  -69.607  -15.955 0.5000000000
16636  15.067  -69.435  -16.689 0.5000000000
4013  28.369  -87.915  -21.381 0.5000000000
4494  28.959  -87.344  -21.075 0.4000000060
5039  29.125  -86.242  -19.267 0.4000000060
110  19.954  -97.466  2.760 0.4000000060
138621  20.047  -97.500  2.063 0.4000000060
291  19.628  -96.716  -4.646 0.4000000060
235  21.399  -96.314  2.980 0.4000000060
243  20.785  -96.763  2.242 0.4000000060
287  19.923  -96.172  -3.649 0.4000000060
251  20.516  -97.041  1.327 0.4000000060
446  21.225  -94.992  -3.018 0.4000000060
128360  20.575  -95.808  -2.902 0.4000000060
148  20.221  -97.033  -3.081 0.4000000060
399  22.350  -95.177  2.754 0.5000000000
242  21.751  -96.147  2.163 0.5000000000
241  22.291  -95.523  2.107 0.4000000060
250  21.362  -96.428  1.299 0.4000000060
139  21.055  -97.005  -1.623 0.4000000060
893  21.901  -94.091  3.755 0.5000000000
903  22.201  -94.050  2.309 0.5000000000
612  22.524  -94.788  2.071 0.5000000000
131347  21.965  -96.266  0.454 0.4000000060
260  21.073  -96.676  0.467 0.4000000060
620  22.745  -94.773  1.194 0.4000000060
407  22.615  -95.276  1.325 0.4000000060
425  24.020  -95.144  -1.310 0.4000000060
426  23.466  -95.460  -1.250 0.4000000060
271  22.680  -95.796  -1.411 0.4000000060
272  21.811  -96.498  -1.185 0.4000000060
132  21.511  -96.772  -0.841 0.4000000060
140237  22.110  -95.091  -2.663 0.4000000060
434  21.499  -95.643  -2.394 0.4000000060
626  23.112  -94.493  0.499 0.5000000000
406  22.976  -95.069  0.741 0.4000000060
413  22.636  -95.620  0.455 0.4000000060
259  21.791  -96.507  -0.272 0.4000000060
632  23.891  -94.859  -0.873 0.5000000000
420  23.665  -95.196  -0.690 0.4000000060
421  23.012  -95.587  -0.469 0.4000000060
266  22.454  -96.109  -0.818 0.4000000060
649  24.219  -95.344  -3.481 0.3000000119
660  24.299  -95.319  -4.493 0.3000000119
650  24.130  -94.647  -3.247 0.4000000060
123380  23.684  -94.126  -1.691 0.3000000119
1252  23.337  -93.521  -3.294 0.4000000060
941  23.268  -93.489  -2.163 0.4000000060
669  25.804  -94.432  -6.291 0.3000000119
659  24.857  -95.052  -5.236 0.4000000060
949  24.257  -94.671  -4.198 0.4000000060
950  23.737  -93.902  -4.031 0.4000000060
971  25.429  -94.430  -5.661 0.4000000060
958  24.734  -94.344  -5.110 0.4000000060
1279  23.335  -92.972  -4.267 0.4000000060
1280  22.916  -91.994  -4.539 0.3000000119
639  24.178  -94.883  -1.651 0.3000000119
1254  21.922  -92.071  -2.348 0.3000000119
1241  22.547  -92.768  -1.820 0.4000000060
970  26.136  -94.006  -6.023 0.4000000060
1267  22.666  -92.477  -3.720 0.3000000119
1278  24.437  -92.996  -5.236 0.4000000060
1277  24.991  -92.498  -5.376 0.4000000060
120629  23.686  -92.456  -4.949 0.4000000060
931  23.637  -94.262  -1.068 0.4000000060
932  23.175  -93.493  -1.359 0.4000000060
680  26.884  -93.863  -7.147 0.4000000060
1633  22.038  -91.879  -3.203 0.3000000119
969  27.700  -93.344  -6.226 0.4000000060
981  27.571  -93.547  -6.875 0.4000000060
955  28.869  -92.731  -5.226 0.4000000060
1275  27.894  -92.617  -4.784 0.4000000060
133031  26.165  -93.526  -5.623 0.4000000060
919  23.000  -93.770  0.089 0.4000000060
924  23.087  -93.596  -0.599 0.4000000060
1237  21.850  -92.071  -0.624 0.3000000119
1236  22.514  -92.815  -0.967 0.4000000060
1621  21.429  -91.369  -1.248 0.3000000119
979  28.914  -92.964  -6.522 0.4000000060
1685  29.019  -92.339  -7.419 0.4000000060
1289  29.357  -92.565  -6.047 0.4000000060
1276  26.828  -92.656  -5.006 0.4000000060
913  22.121  -93.439  1.679 0.4000000060
1232  21.728  -92.030  0.220 0.3000000119
1205  21.382  -92.572  3.115 0.4000000060
124493  22.561  -94.202  1.441 0.4000000060
1226  21.721  -92.595  1.746 0.4000000060
912  22.514  -93.466  0.812 0.4000000060
1231  22.075  -92.662  0.663 0.4000000060
4989  27.353  -85.377  -16.617 0.4000000060
957  27.153  -93.223  -5.613 0.4000000060
118  19.657  -97.729  1.432 0.4000000060
224  20.977  -95.648  5.523 0.4000000060
236  20.601  -96.852  3.061 0.4000000060
249  22.129  -95.913  1.291 0.4000000060
258  22.400  -96.056  -0.204 0.4000000060
279  22.547  -95.587  -2.094 0.4000000060
280  21.785  -96.168  -1.721 0.4000000060
281  20.890  -96.592  -2.277 0.4000000060
379  22.154  -94.747  5.080 0.5000000000
386  22.077  -95.224  4.393 0.5000000000
387  21.675  -95.486  4.880 0.5000000000
392  22.214  -95.234  3.483 0.5000000000
400  22.041  -95.725  2.882 0.5000000000
412  23.352  -95.187  0.108 0.4000000060
600  21.989  -94.269  4.643 0.4000000060
606  22.240  -94.564  3.072 0.5000000000
638  24.095  -95.259  -2.117 0.4000000060
681  26.152  -94.370  -6.722 0.4000000060
904  21.754  -93.185  2.521 0.4000000060
918  23.443  -94.336  -0.350 0.5000000000
940  23.928  -94.443  -2.361 0.3000000119
948  28.812  -92.569  -4.568 0.5000000000
956  28.288  -92.882  -5.476 0.4000000060
959  24.027  -93.537  -4.693 0.4000000060
967  28.955  -92.908  -5.868 0.4000000060
968  28.633  -93.071  -6.037 0.4000000060
982  26.709  -93.794  -6.513 0.4000000060
1174  21.541  -93.159  7.243 0.3000000119
1179  21.412  -92.696  6.583 0.3000000119
1187  21.277  -92.404  5.761 0.3000000119
1225  22.012  -92.854  1.195 0.4000000060
1242  21.926  -92.132  -1.491 0.3000000119
1251  29.493  -91.921  -3.093 0.5000000000
1253  22.588  -92.687  -2.736 0.3000000119
1263  29.864  -92.018  -3.795 0.5000000000
1288  29.781  -92.160  -5.513 0.5000000000
1290  25.236  -93.468  -5.468 0.4000000060
1298  29.520  -92.308  -6.130 0.5000000000
1304  29.118  -92.687  -6.854 0.4000000060
1359  28.829  -92.690  -13.644 0.3000000119
1369  28.961  -92.774  -13.987 0.3000000119
1372  27.036  -92.955  -15.002 0.3000000119
1391  26.779  -93.057  -16.512 0.4000000060
1392  25.154  -93.051  -16.912 0.3000000119
1402  24.848  -92.990  -17.749 0.3000000119
1406  25.992  -92.711  -17.967 0.4000000060
1415  24.111  -92.876  -19.171 0.4000000060
1600  21.625  -92.060  1.046 0.5000000000
1620  30.204  -91.135  -1.890 0.4000000060
1630  29.814  -91.430  -2.450 0.4000000060
1631  29.000  -91.483  -2.670 0.4000000060
1632  28.237  -91.280  -2.944 0.4000000060
1634  21.534  -91.198  -2.752 0.4000000060
1644  30.803  -91.195  -3.481 0.4000000060
1645  28.776  -92.083  -3.157 0.4000000060
1648  22.313  -91.529  -3.971 0.3000000119
1654  30.440  -91.530  -4.223 0.4000000060
1656  25.031  -91.488  -5.082 0.5000000000
1658  23.461  -91.501  -4.935 0.4000000060
1721  31.485  -90.972  -11.828 0.3000000119
1722  30.837  -91.348  -12.423 0.4000000060
1737  29.903  -92.203  -13.008 0.5000000000
1738  29.126  -92.328  -13.307 0.3000000119
1752  28.470  -92.667  -13.568 0.4000000060
1753  27.806  -92.648  -13.624 0.4000000060
1754  27.117  -92.395  -13.795 0.5000000000
1768  28.960  -92.605  -14.365 0.3000000119
1779  28.392  -92.621  -14.965 0.5000000000
1781  26.297  -93.057  -15.350 0.3000000119
1790  26.823  -92.221  -17.160 0.3000000119
1797  24.355  -92.428  -18.007 0.4000000060
1808  25.353  -92.350  -19.287 0.5000000000
1809  24.544  -92.416  -19.778 0.5000000000
1811  23.450  -91.697  -20.246 0.5000000000
1817  23.167  -91.000  -20.744 0.5000000000
1818  23.911  -91.219  -21.005 0.5000000000
2037  20.880  -90.312  1.488 0.4000000060
2057  20.850  -90.121  -0.464 0.4000000060
2063  31.268  -89.993  -1.663 0.3000000119
2064  30.732  -90.374  -1.706 0.3000000119
2066  21.002  -89.959  -1.886 0.4000000060
2074  30.866  -91.176  -2.060 0.3000000119
2075  29.645  -90.939  -2.001 0.3000000119
2086  27.514  -90.964  -3.501 0.5000000000
2089  21.662  -90.484  -3.324 0.4000000060
2098  31.163  -90.697  -3.778 0.4000000060
2120  28.978  -89.344  -6.810 0.4000000060
2189  30.859  -91.034  -13.018 0.4000000060
2191  28.799  -91.554  -12.665 0.5000000000
2203  30.432  -91.337  -13.315 0.4000000060
2204  29.790  -91.693  -13.697 0.4000000060
2205  29.328  -91.249  -14.064 0.4000000060
2220  29.381  -92.086  -14.229 0.4000000060
2231  27.522  -90.829  -15.663 0.4000000060
2248  26.285  -90.987  -17.511 0.4000000060
2260  24.533  -91.727  -20.379 0.5000000000
2269  24.031  -90.645  -21.484 0.6000000238
2270  22.905  -90.646  -21.179 0.4000000060
2570  32.136  -89.200  -1.714 0.3000000119
2573  30.555  -90.021  -1.616 0.3000000119
2580  31.813  -89.722  -2.005 0.3000000119
2581  29.834  -89.922  -1.785 0.3000000119
2584  21.458  -89.467  -2.520 0.4000000060
2589  33.375  -89.103  -3.793 0.3000000119
2590  32.655  -89.437  -3.265 0.3000000119
2593  22.034  -89.849  -3.703 0.4000000060
2599  32.929  -89.325  -3.878 0.3000000119
2600  32.154  -89.644  -4.028 0.3000000119
2602  25.958  -89.184  -4.692 0.3000000119
2603  25.284  -89.502  -4.719 0.3000000119
2606  22.532  -89.200  -3.853 0.3000000119
2630  29.619  -89.014  -6.298 0.4000000060
2665  31.311  -89.558  -9.917 0.3000000119
2698  29.335  -90.108  -11.407 0.3000000119
2710  26.620  -90.151  -12.596 0.3000000119
2722  25.179  -89.676  -13.437 0.4000000060
2744  26.635  -89.509  -15.472 0.4000000060
2785  28.436  -88.793  -20.277 0.6999999881
2798  25.083  -89.440  -20.924 0.6000000238
2808  23.779  -90.273  -21.794 0.6999999881
2813  24.274  -89.218  -22.474 0.6999999881
3112  20.456  -88.375  5.281 0.3000000119
3120  20.603  -88.171  4.669 0.3000000119
3137  20.520  -88.595  3.087 0.3000000119
3149  21.305  -88.151  1.366 0.3000000119
3176  31.596  -88.678  -1.468 0.3000000119
3178  30.464  -89.161  -1.835 0.3000000119
3182  21.665  -88.708  -1.560 0.3000000119
3185  32.793  -88.866  -2.695 0.3000000119
3186  32.367  -88.846  -1.863 0.3000000119
3188  29.866  -88.536  -2.437 0.3000000119
3209  24.576  -88.893  -4.630 0.3000000119
3245  31.755  -88.092  -7.108 0.3000000119
3246  30.788  -87.889  -7.407 0.3000000119
3248  28.647  -88.583  -7.216 0.4000000060
3249  27.848  -88.506  -7.594 0.4000000060
3260  27.226  -87.996  -8.197 0.3000000119
3289  26.580  -87.956  -10.527 0.3000000119
3296  28.107  -89.190  -11.257 0.4000000060
3298  26.333  -88.568  -11.280 0.3000000119
3328  28.298  -87.838  -13.125 0.3000000119
3354  26.892  -88.149  -15.515 0.5000000000
3396  28.364  -88.650  -18.959 0.4000000060
3408  26.375  -88.720  -19.550 0.6000000238
3419  25.871  -88.707  -21.088 0.6999999881
3433  25.975  -87.753  -21.839 0.6999999881
3434  25.329  -88.150  -22.381 0.6999999881
3435  24.640  -88.519  -22.557 0.6999999881
3748  21.862  -86.965  6.723 0.3000000119
3758  20.787  -87.762  5.137 0.3000000119
3763  22.029  -87.418  4.546 0.3000000119
3764  21.202  -87.545  4.645 0.3000000119
3784  21.095  -87.737  2.631 0.3000000119
3805  32.014  -88.259  -1.606 0.3000000119
3812  32.944  -88.398  -2.919 0.3000000119
3813  32.315  -87.843  -2.248 0.3000000119
3819  33.531  -88.340  -3.725 0.3000000119
3860  29.851  -87.769  -7.675 0.3000000119
3862  28.530  -87.907  -7.742 0.4000000060
3871  28.391  -87.647  -8.263 0.4000000060
3883  29.039  -87.594  -8.689 0.3000000119
3884  28.283  -87.478  -8.974 0.3000000119
3938  27.891  -87.564  -13.681 0.3000000119
4012  29.790  -88.002  -21.068 0.4000000060
4015  26.632  -87.168  -21.804 0.6999999881
4016  21.224  -87.316  -21.920 0.5000000000
4023  23.238  -87.781  -22.370 0.6999999881
4024  22.236  -87.561  -22.033 0.6000000238
4351  33.433  -87.461  -4.979 0.3000000119
4387  16.367  -85.729  -8.675 0.5000000000
4425  19.335  -86.000  -12.147 0.5000000000
4435  28.883  -86.893  -13.735 0.3000000119
4478  28.681  -86.476  -20.210 0.4000000060
4488  27.496  -86.379  -20.944 0.6000000238
4499  24.948  -86.457  -21.747 0.8000000119
4500  23.961  -86.541  -21.754 0.6999999881
4508  23.619  -87.118  -22.252 0.6999999881
4881  31.975  -85.920  -5.497 0.3000000119
4902  17.157  -85.439  -8.387 0.5000000000
4903  15.567  -85.140  -8.735 0.6000000238
4921  19.521  -85.842  -10.284 0.5000000000
4974  24.049  -85.298  -15.872 0.8000000119
4988  28.144  -85.374  -16.680 0.4000000060
4994  22.446  -85.546  -16.976 0.6000000238
4998  17.905  -85.013  -16.373 0.5000000000
5014  19.202  -85.181  -17.438 0.5000000000
5027  25.560  -85.479  -18.490 0.6999999881
5043  25.801  -85.750  -20.018 0.6999999881
5055  26.431  -86.043  -20.718 0.6999999881
5056  26.049  -85.842  -20.719 0.6999999881
5060  20.781  -86.134  -20.784 0.4000000060
5062  18.833  -85.104  -21.164 0.5000000000
5068  25.375  -85.943  -21.071 0.8000000119
5071  22.357  -86.450  -21.270 0.6000000238
5502  18.511  -84.931  -8.141 0.6999999881
5505  15.202  -84.201  -8.983 0.6000000238
5519  20.240  -83.873  -10.560 0.8000000119
5536  25.658  -84.321  -12.813 0.5000000000
5540  21.718  -83.893  -13.001 0.6999999881
5541  20.707  -83.668  -12.751 0.6999999881
5542  19.574  -84.532  -12.861 0.6999999881
5565  26.577  -84.794  -14.377 0.5000000000
5571  20.394  -84.504  -14.729 0.6000000238
6051  19.302  -83.513  -7.754 0.6999999881
6053  18.061  -83.480  -7.585 0.6999999881
6060  20.456  -83.250  -9.076 0.6999999881
6064  15.781  -83.712  -8.807 0.6000000238
6079  20.700  -83.212  -10.141 0.8000000119
6081  14.708  -83.718  -10.488 0.6000000238
6090  22.966  -83.360  -11.470 0.6999999881
6105  22.357  -83.562  -12.265 0.8000000119
6599  18.732  -82.904  -7.505 0.6999999881
6624  16.100  -82.049  -10.288 0.6000000238
6635  25.294  -82.668  -10.832 0.5000000000
6640  15.770  -82.046  -10.983 0.6000000238
6649  14.917  -82.530  -12.575 0.6000000238
6654  14.754  -83.053  -13.186 0.6000000238
7181  20.050  -81.750  -7.618 0.8000000119
7191  18.134  -80.911  -7.827 0.6999999881
7207  23.558  -81.616  -10.081 0.6000000238
7217  25.798  -82.045  -10.832 0.5000000000
7228  15.213  -82.114  -11.980 0.6000000238
7229  14.616  -81.532  -12.402 0.6000000238
7259  19.110  -81.510  -17.052 0.6000000238
7260  18.651  -81.336  -17.291 0.6000000238
7297  20.079  -81.345  -19.336 0.5000000000
7854  20.059  -81.014  -7.565 0.6999999881
7855  19.374  -80.802  -7.491 0.6999999881
7856  18.693  -80.499  -7.678 0.6999999881
7869  24.142  -80.086  -9.911 0.6000000238
7884  16.485  -80.671  -10.161 0.6000000238
7895  25.519  -80.363  -11.212 0.6000000238
7897  14.889  -80.270  -11.510 0.6000000238
7921  12.512  -80.799  -13.752 0.6000000238
7948  18.516  -81.243  -15.833 0.6000000238
7964  18.350  -81.184  -16.798 0.6000000238
7994  19.228  -80.777  -18.627 0.6000000238
8017  20.414  -80.461  -21.225 0.5000000000
8018  19.662  -80.282  -20.856 0.5000000000
8608  22.106  -79.237  -8.644 0.6999999881
8610  19.576  -79.528  -7.831 0.6999999881
8615  24.000  -79.346  -9.915 0.6000000238
8616  23.356  -78.942  -9.509 0.6000000238
8627  16.411  -79.548  -10.195 0.6000000238
8645  24.874  -79.089  -12.219 0.5000000000
8661  20.179  -79.349  -13.818 0.5000000000
8664  17.663  -79.520  -14.233 0.6000000238
8682  18.749  -80.212  -14.451 0.5000000000
8685  17.002  -79.724  -15.187 0.6000000238
8686  11.996  -79.586  -14.216 0.6000000238
8702  17.736  -80.328  -15.445 0.5000000000
8752  19.190  -79.789  -20.678 0.5000000000
9408  21.781  -78.002  -9.183 0.6999999881
9409  20.984  -77.930  -8.890 0.6999999881
9412  17.929  -78.094  -9.471 0.5000000000
9421  24.334  -78.568  -10.972 0.6000000238
9423  22.922  -78.143  -9.742 0.6000000238
9441  15.455  -78.558  -11.197 0.6000000238
9452  23.446  -78.240  -12.102 0.5000000000
9472  18.994  -78.789  -13.273 0.5000000000
9475  16.537  -78.615  -14.253 0.6999999881
9476  13.672  -77.890  -13.569 0.6000000238
9493  12.413  -78.782  -14.544 0.5000000000
9504  17.920  -78.795  -15.659 0.6000000238
9506  16.424  -79.528  -15.599 0.6999999881
9526  14.790  -78.798  -17.186 0.6999999881
9557  14.906  -78.507  -18.307 0.6000000238
9558  14.406  -78.594  -18.655 0.6000000238
9574  19.209  -78.563  -21.072 0.5000000000
9576  14.288  -78.107  -19.727 0.6000000238
9577  13.664  -78.497  -19.329 0.6000000238
9578  12.492  -77.622  -19.783 0.5000000000
9591  19.447  -78.808  -21.356 0.5000000000
9607  19.990  -78.981  -21.666 0.5000000000
10284  21.305  -77.623  -9.636 0.6000000238
10300  22.190  -77.668  -9.930 0.6000000238
10307  15.877  -77.762  -10.960 0.5000000000
10324  21.288  -77.559  -10.999 0.6999999881
10326  18.600  -77.224  -11.117 0.6000000238
10327  17.345  -76.921  -11.440 0.6999999881
10328  16.664  -76.898  -11.509 0.6000000238
10329  15.968  -77.100  -11.536 0.5000000000
10346  14.921  -77.114  -12.912 0.6000000238
10355  16.078  -77.193  -13.644 0.6999999881
10358  13.772  -77.687  -14.290 0.5000000000
10369  13.363  -78.010  -14.804 0.6000000238
10391  15.866  -78.583  -16.565 0.6000000238
10413  15.072  -77.932  -18.636 0.6000000238
10429  14.155  -77.742  -20.159 0.5000000000
10448  13.601  -77.798  -20.131 0.6000000238
10449  12.834  -77.265  -20.262 0.5000000000
11242  16.239  -76.724  -12.119 0.6000000238
11279  18.847  -76.672  -15.834 0.6000000238
11280  17.652  -76.371  -15.634 0.6000000238
11327  15.187  -76.796  -19.619 0.5000000000
11344  14.743  -75.997  -20.476 0.5000000000
11345  13.625  -77.116  -20.420 0.5000000000
12166  19.289  -75.422  -16.727 0.6999999881
12167  18.689  -75.043  -16.165 0.6999999881
12169  16.569  -75.632  -16.448 0.6000000238
12187  16.284  -75.100  -17.439 0.6999999881
12209  19.580  -75.116  -19.165 0.5000000000
12210  16.070  -75.230  -18.766 0.6000000238
12223  20.672  -75.309  -20.542 0.5000000000
12224  19.562  -75.646  -20.112 0.5000000000
12234  19.846  -75.793  -20.573 0.5000000000
12236  14.123  -75.201  -20.598 0.4000000060
13037  18.122  -74.869  -15.845 0.6999999881
13055  17.706  -74.254  -16.144 0.6999999881
13074  17.447  -73.657  -16.775 0.6999999881
13093  20.211  -74.262  -20.480 0.5000000000
13095  16.628  -73.769  -18.724 0.6000000238
13111  16.206  -74.409  -19.298 0.6000000238
13112  15.556  -74.511  -19.837 0.6000000238
13124  20.371  -74.653  -20.635 0.5000000000
13128  13.389  -74.560  -20.521 0.5000000000
13898  12.855  -73.636  -14.532 0.5000000000
13926  18.602  -73.600  -16.619 0.6999999881
13927  18.088  -73.564  -16.552 0.6999999881
13956  19.811  -73.586  -18.076 0.5000000000
13958  16.756  -73.125  -19.040 0.6000000238
13978  14.805  -73.313  -19.622 0.5000000000
13996  21.559  -73.077  -21.217 0.5000000000
13998  14.138  -73.410  -19.810 0.5000000000
14766  12.423  -72.752  -9.604 0.6000000238
14800  11.535  -71.736  -11.102 0.5000000000
14856  14.097  -72.680  -15.956 0.6000000238
14857  13.386  -72.418  -15.183 0.5000000000
14858  12.031  -71.930  -15.018 0.6000000238
14868  14.171  -71.104  -18.126 0.6000000238
14886  19.221  -72.326  -17.709 0.5000000000
14899  16.163  -73.127  -19.343 0.6000000238
14902  13.719  -71.922  -19.214 0.5000000000
15707  10.307  -71.517  -11.494 0.5000000000
15708  8.860  -71.232  -11.920 0.6000000238
15718  7.957  -70.964  -13.575 0.6000000238
15725  8.584  -71.458  -14.122 0.6000000238
15731  10.612  -71.718  -14.883 0.5000000000
15732  9.614  -71.613  -14.700 0.6000000238
15734  8.287  -70.465  -14.543 0.5000000000
15744  10.024  -71.279  -15.458 0.6000000238
15767  13.916  -71.390  -18.838 0.6000000238
15781  15.376  -71.932  -18.537 0.6000000238
15782  14.138  -71.355  -18.746 0.6000000238
16571  16.217  -70.356  -9.695 0.4000000060
16582  16.650  -70.396  -10.430 0.4000000060
16585  13.991  -70.084  -10.566 0.6999999881
16593  16.073  -70.366  -10.988 0.4000000060
16594  15.348  -70.288  -11.095 0.6999999881
16595  14.503  -70.152  -11.219 0.6000000238
16596  8.723  -70.741  -11.387 0.6000000238
16598  7.154  -69.760  -12.615 0.6000000238
16604  7.486  -70.482  -12.984 0.6000000238
16611  7.657  -70.152  -14.058 0.6000000238
16623  11.836  -70.001  -15.834 0.6000000238
16625  9.598  -70.456  -15.550 0.6999999881
16626  8.888  -70.354  -15.088 0.6999999881
16635  15.905  -69.899  -16.489 0.5000000000
16637  14.270  -70.105  -17.087 0.6000000238
16645  17.580  -71.443  -18.026 0.5000000000
16646  16.534  -71.139  -17.000 0.5000000000
16658  18.675  -70.770  -18.482 0.5000000000
17386  11.331  -69.117  -8.086 0.4000000060
17400  15.273  -69.075  -8.723 0.4000000060
17409  17.510  -70.045  -9.395 0.3000000119
17410  16.750  -70.058  -9.182 0.4000000060
17411  15.866  -69.787  -9.074 0.4000000060
17414  12.710  -69.432  -10.021 0.6000000238
17416  9.347  -69.645  -10.156 0.6000000238
17425  17.507  -70.172  -10.269 0.4000000060
17429  7.425  -68.905  -11.504 0.6999999881
17434  18.050  -69.329  -11.677 0.5000000000
17436  15.886  -70.078  -11.642 0.5000000000
17441  10.711  -69.322  -11.560 0.8000000119
17443  7.275  -69.669  -12.090 0.6000000238
17449  17.268  -69.475  -11.872 0.6000000238
17452  14.829  -69.379  -12.499 0.6999999881
17454  11.339  -69.497  -12.334 0.8000000119
17457  8.115  -69.217  -13.524 0.6999999881
17458  6.955  -69.174  -12.811 0.6000000238
17464  9.956  -69.250  -13.555 0.6999999881
17473  9.045  -69.586  -14.777 0.5000000000
17478  13.089  -69.818  -15.702 0.6000000238
17480  10.995  -69.290  -15.673 0.6999999881
17493  14.464  -69.222  -16.400 0.6999999881
17502  14.659  -69.882  -17.162 0.6000000238
18145  14.751  -68.451  -8.748 0.4000000060
18156  14.160  -68.912  -9.115 0.5000000000
18160  9.036  -67.923  -9.968 0.6999999881
18171  10.596  -68.683  -10.951 0.8000000119
18172  7.518  -68.118  -11.164 0.6999999881
18186  9.099  -68.364  -11.982 0.8000000119
18188  6.758  -68.174  -12.105 0.6999999881
18195  17.032  -69.031  -12.625 0.6000000238
18197  15.373  -68.858  -13.017 0.6999999881
18199  12.794  -69.001  -13.198 0.8000000119
18201  7.335  -68.560  -12.900 0.6000000238
18211  15.927  -68.190  -13.449 0.6000000238
18216  10.580  -68.659  -14.465 0.8000000119
18222  12.094  -67.719  -14.640 0.6999999881
18224  10.169  -68.639  -14.989 0.6999999881
18228  18.198  -66.943  -15.668 0.6000000238
18229  17.942  -68.016  -15.433 0.6000000238
18230  16.878  -67.837  -15.522 0.6000000238
18231  13.974  -67.484  -15.656 0.6999999881
18233  12.350  -67.917  -15.340 0.6999999881
18235  9.725  -69.075  -15.100 0.6999999881
18242  15.869  -68.021  -16.031 0.6000000238
18243  15.261  -68.114  -16.211 0.6999999881
18244  14.621  -67.780  -15.998 0.6999999881
18941  15.450  -67.314  -8.356 0.4000000060
18954  13.994  -67.856  -8.915 0.5000000000
18967  11.554  -67.660  -10.259 0.6999999881
18983  7.752  -67.058  -11.840 0.8000000119
18992  7.052  -67.941  -12.319 0.6000000238
19002  18.073  -67.852  -13.468 0.5000000000
19004  16.469  -67.513  -13.981 0.5000000000
19007  13.789  -67.238  -14.576 0.8000000119
19018  15.357  -66.726  -14.741 0.6000000238
19020  12.578  -67.290  -14.983 0.6999999881
19031  13.561  -67.050  -15.275 0.8000000119
19032  12.790  -67.260  -15.125 0.6999999881
19736  12.588  -66.253  -6.626 0.5000000000
19749  12.100  -66.382  -7.704 0.5000000000
19773  12.736  -66.879  -9.603 0.4000000060
19774  10.382  -66.252  -9.085 0.6000000238
19775  9.361  -66.255  -9.589 0.6999999881
19776  8.606  -66.209  -10.097 0.6999999881
19785  11.856  -66.644  -10.076 0.6000000238
19788  8.182  -66.214  -10.664 0.6000000238
19789  7.889  -66.276  -10.988 0.6999999881
19805  8.681  -66.172  -11.523 0.6999999881
19807  8.193  -65.990  -11.086 0.6999999881
19843  16.571  -66.652  -15.101 0.6000000238
19844  15.834  -66.585  -14.988 0.6000000238
19845  15.242  -66.645  -15.092 0.6000000238
19846  13.971  -66.807  -15.193 0.6999999881
19860  15.888  -66.703  -15.204 0.6999999881
19861  14.648  -66.776  -15.227 0.8000000119
20587  12.628  -65.279  -7.176 0.5000000000
20607  10.489  -65.226  -9.122 0.6000000238
20619  14.152  -65.464  -9.409 0.3000000119
20624  8.551  -65.804  -10.460 0.6999999881
20633  11.129  -65.308  -10.632 0.6000000238
20634  8.956  -65.312  -10.635 0.6999999881
20640  9.313  -65.472  -11.300 0.6999999881
20641  8.690  -65.634  -11.275 0.6999999881
21389  12.690  -64.404  -7.416 0.5000000000
21410  16.159  -64.312  -9.368 0.3000000119
21414  10.002  -64.778  -9.482 0.6999999881
21424  13.624  -64.000  -10.471 0.4000000060
21436  9.425  -65.121  -11.091 0.6999999881
22238  17.427  -63.697  -8.524 0.3000000119
22249  10.026  -64.224  -9.663 0.6999999881
22261  12.902  -63.517  -10.804 0.4000000060
23024  11.596  -62.620  -0.087 0.4000000060
23100  12.039  -62.131  -7.755 0.6999999881
23105  11.171  -62.041  -8.617 0.6999999881
23119  10.547  -62.691  -9.393 0.5000000000
23129  13.291  -62.275  -11.021 0.4000000060
23933  14.641  -61.379  0.026 0.3000000119
23950  13.046  -62.390  -0.169 0.5000000000
23967  13.081  -61.578  -1.744 0.4000000060
23981  12.707  -60.630  -2.353 0.4000000060
23993  16.237  -61.445  -2.894 0.3000000119
23994  15.581  -61.454  -3.247 0.3000000119
24040  10.617  -62.058  -9.134 0.6000000238
24052  11.030  -61.686  -9.150 0.6000000238
24060  13.190  -61.396  -10.518 0.4000000060
24062  11.600  -61.879  -9.775 0.4000000060
24884  14.906  -60.477  0.293 0.3000000119
24925  17.367  -60.426  -3.050 0.3000000119
24926  16.792  -60.903  -2.554 0.3000000119
24929  12.091  -59.533  -2.550 0.5000000000
24959  15.477  -60.460  -4.682 0.4000000060
24990  12.074  -60.834  -7.273 0.6000000238
24999  11.940  -60.257  -8.378 0.6000000238
25027  14.163  -60.269  -10.478 0.6000000238
25028  13.478  -60.515  -10.232 0.6000000238
25042  14.728  -60.465  -10.985 0.3000000119
25960  11.680  -59.245  -2.836 0.5000000000
25998  14.551  -59.542  -5.096 0.5000000000
26016  11.987  -59.158  -7.145 0.5000000000
26025  12.281  -59.259  -7.966 0.5000000000
26069  16.411  -60.040  -11.888 0.3000000119
26071  15.211  -59.923  -10.944 0.3000000119
26930  15.003  -59.250  -5.791 0.3000000119
26933  12.724  -58.461  -5.858 0.5000000000
26946  16.319  -58.234  -6.646 0.3000000119
26948  13.305  -57.721  -6.568 0.4000000060
26950  12.498  -58.445  -6.570 0.5000000000
26959  13.231  -57.685  -7.401 0.5000000000
26969  15.251  -58.022  -8.682 0.3000000119
26972  12.916  -58.479  -7.915 0.5000000000
26985  15.171  -58.575  -9.515 0.3000000119
27003  15.034  -58.790  -10.082 0.4000000060
27931  13.601  -57.223  -7.049 0.4000000060
27944  17.116  -57.858  -7.408 0.3000000119
27946  15.264  -57.382  -7.398 0.3000000119
27960  15.696  -57.612  -7.955 0.3000000119
27962  13.999  -57.303  -7.672 0.4000000060
120433  14.141  -78.497  -19.278 0.6000000238
120657  20.351  -89.221  4.483 0.3000000119
120693  13.392  -78.600  -18.657 0.6000000238
121083  12.229  -78.734  -16.946 0.5000000000
121135  33.330  -89.199  -4.464 0.3000000119
121480  20.921  -91.732  2.884 0.5000000000
121792  31.015  -90.549  -12.818 0.3000000119
121837  31.143  -86.240  -2.083 0.3000000119
122014  13.202  -67.954  -13.874 0.8000000119
122215  24.565  -85.205  -15.192 0.6999999881
122377  21.874  -84.621  -14.200 0.6000000238
122472  13.802  -70.127  -16.029 0.6000000238
122899  13.793  -66.182  -9.115 0.3000000119
122940  7.622  -66.847  -11.396 0.6999999881
123309  18.949  -79.083  -20.608 0.5000000000
123822  13.690  -59.264  -4.366 0.5000000000
123832  26.548  -88.444  -17.022 0.4000000060
123874  13.781  -63.415  -10.814 0.4000000060
124161  23.113  -82.319  -10.413 0.6000000238
124357  19.217  -97.708  3.203 0.5000000000
124792  14.010  -72.680  -16.737 0.5000000000
124842  21.552  -91.541  -1.976 0.3000000119
124966  19.023  -82.130  -7.419 0.6999999881
125085  20.956  -92.324  4.334 0.4000000060
125219  10.636  -71.390  -9.968 0.6000000238
125742  34.268  -88.172  -6.505 0.3000000119
125747  22.057  -93.890  6.290 0.3000000119
125983  30.064  -92.006  -4.838 0.5000000000
126055  10.362  -63.413  -9.564 0.5000000000
126057  12.466  -72.818  -10.957 0.5000000000
126521  12.617  -74.041  -20.324 0.5000000000
126750  23.595  -94.883  -0.242 0.5000000000
127173  23.528  -95.447  -2.004 0.4000000060
127296  22.766  -85.168  -16.352 0.6000000238
127699  19.103  -78.124  -20.448 0.5000000000
127959  20.058  -84.087  -13.161 0.8000000119
128046  15.578  -72.608  -19.039 0.6000000238
128255  26.012  -85.692  -19.142 0.6999999881
128348  27.058  -85.679  -18.126 0.6000000238
128611  14.140  -78.802  -12.406 0.6000000238
128668  21.892  -93.898  3.020 0.5000000000
128750  24.684  -78.902  -11.462 0.6000000238
129054  27.556  -85.527  -17.367 0.5000000000
129354  19.390  -75.803  -17.502 0.6999999881
129542  18.341  -69.080  -15.919 0.5000000000
129929  19.050  -77.810  -19.515 0.5000000000
130310  20.168  -84.779  -10.017 0.6999999881
130514  26.740  -91.757  -4.439 0.5000000000
131167  16.919  -59.714  -11.739 0.3000000119
131789  29.239  -86.868  -20.568 0.4000000060
132102  21.085  -84.224  -14.172 0.6000000238
132689  14.131  -78.763  -17.450 0.6999999881
132702  13.441  -69.201  -9.526 0.6999999881
132789  12.005  -59.154  -3.184 0.5000000000
132828  12.424  -78.612  -15.410 0.5000000000
132874  12.528  -61.762  -6.979 0.6999999881
132921  17.954  -77.073  -11.398 0.6999999881
133096  17.728  -84.851  -8.000 0.6000000238
133169  7.510  -70.566  -13.732 0.6000000238
133454  29.041  -88.112  -21.138 0.4000000060
133907  15.352  -57.926  -6.704 0.3000000119
134056  34.253  -88.024  -7.519 0.3000000119
134280  17.557  -71.013  -17.000 0.5000000000
134348  7.708  -66.628  -10.890 0.6000000238
135059  10.752  -68.450  -14.969 0.6999999881
135093  13.037  -60.035  -9.527 0.5000000000
135172  31.230  -90.902  -12.582 0.4000000060
135707  13.586  -59.371  -9.340 0.5000000000
136066  16.248  -61.120  -1.222 0.3000000119
136126  20.630  -90.780  3.967 0.3000000119
136188  14.979  -76.657  -20.151 0.5000000000
136208  17.257  -66.704  -15.122 0.6999999881
136349  25.172  -90.310  -14.067 0.3000000119
136748  12.392  -61.489  -10.001 0.4000000060
136777  20.712  -90.964  2.790 0.5000000000
136831  17.940  -79.476  -15.664 0.5000000000
136949  14.242  -69.768  -11.951 0.6999999881
136989  23.537  -85.279  -16.485 0.8000000119
137189  22.098  -95.168  4.977 0.4000000060
137444  25.797  -88.480  -11.321 0.3000000119
137510  19.530  -85.559  -21.403 0.6000000238
137525  19.383  -78.215  -16.813 0.5000000000
137564  16.259  -82.399  -9.561 0.6999999881
137592  11.645  -60.942  -8.430 0.6000000238
137689  26.527  -85.319  -15.747 0.5000000000
137737  21.135  -97.065  -1.235 0.4000000060
138233  22.284  -80.014  -8.806 0.6999999881
138853  13.167  -66.326  -9.502 0.4000000060
138865  19.426  -79.690  -21.197 0.5000000000
139133  30.412  -90.852  -1.824 0.3000000119
139189  19.442  -78.396  -21.136 0.5000000000
139209  20.737  -88.128  2.651 0.3000000119
139225  19.460  -78.336  -8.842 0.8000000119
139268  26.657  -86.631  -21.548 0.6999999881
139575  17.090  -72.214  -18.629 0.6999999881
139825  14.991  -77.482  -19.163 0.5000000000
139957  18.925  -81.337  -17.961 0.6000000238
140290  21.306  -91.333  0.526 0.4000000060
140406  18.841  -84.596  -15.559 0.5000000000
140706  23.915  -89.232  -4.566 0.3000000119
140726  19.151  -78.258  -16.266 0.6000000238
140903  13.399  -80.164  -12.907 0.6000000238
140966  26.904  -93.544  -6.132 0.4000000060
141074  19.368  -69.388  -17.684 0.5000000000
141317  19.075  -78.970  -8.489 0.6999999881
141402  19.071  -67.265  -16.293 0.5000000000
141419  25.405  -85.749  -20.448 0.8000000119
141591  16.407  -78.858  -16.246 0.6000000238
141831  25.034  -85.125  -14.526 0.6999999881
141898  22.422  -92.907  -0.037 0.4000000060
141938  10.905  -63.026  -10.267 0.6000000238
142231  13.269  -75.252  -20.654 0.5000000000
142240  15.095  -61.305  -0.445 0.3000000119
142365  20.657  -86.203  -21.313 0.5000000000
142529  11.199  -80.937  -14.621 0.6000000238
142575  11.223  -66.014  -10.508 0.6000000238
142727  13.898  -58.180  -6.237 0.4000000060
142974  15.795  -60.807  -4.112 0.3000000119
143024  25.408  -88.789  -21.640 0.6999999881
143064  29.901  -92.124  -4.547 0.5000000000
143089  11.240  -71.793  -14.896 0.5000000000
143103  9.175  -66.627  -11.558 0.8000000119
143175  24.946  -89.822  -20.118 0.6000000238
143319  11.456  -68.648  -6.863 0.4000000060
143336  30.990  -90.492  -1.807 0.3000000119
143388  11.721  -67.792  -7.365 0.5000000000
143502  18.912  -68.707  -16.271 0.5000000000
143532  24.321  -78.986  -10.473 0.6000000238
143576  25.801  -92.868  -5.366 0.4000000060
143653  15.954  -77.595  -16.756 0.6000000238
