#!ascii label  , from subject sub-032304 vox2ras=TkReg
454
19596  44.761  -66.354  7.831 0.0000000000
12817  34.813  -74.056  3.586 0.0000000000
132468  44.659  -74.596  10.298 0.0000000000
15483  38.341  -71.068  8.539 0.0000000000
130700  40.562  -79.758  5.323 0.0000000000
10076  41.923  -77.652  7.213 0.0000000000
7671  37.315  -80.581  8.528 0.0000000000
13668  36.086  -73.556  6.676 0.0000000000
18773  36.251  -67.388  8.424 0.0000000000
16374  45.172  -70.368  8.887 0.0000000000
14556  41.950  -72.854  8.965 0.0000000000
11884  39.826  -75.880  6.718 0.0000000000
142760  37.044  -77.283  4.524 0.0000000000
7744  37.791  -80.507  1.969 0.0000000000
21166  50.033  -64.278  8.960 0.0000000000
19567  46.382  -66.816  9.409 0.0000000000
16339  45.242  -70.136  11.683 0.0000000000
21187  39.261  -64.842  8.538 0.0000000000
9180  39.177  -78.742  9.898 0.0000000000
136353  35.156  -73.663  5.404 0.0000000000
15500  34.796  -71.589  6.565 0.0000000000
15470  45.357  -71.852  9.670 0.0000000000
13653  44.148  -73.870  9.105 0.0000000000
128618  41.591  -78.547  6.091 0.0000000000
11882  42.044  -76.295  6.691 0.0000000000
10103  41.548  -77.787  5.352 0.0000000000
11016  38.627  -76.699  5.888 0.0000000000
9248  39.293  -78.559  4.279 0.0000000000
9297  36.673  -78.796  1.672 0.0000000000
19555  45.353  -66.270  10.730 0.0000000000
121332  45.981  -68.431  10.691 0.0000000000
125756  44.607  -67.143  11.776 0.0000000000
126443  39.891  -70.039  8.765 0.0000000000
135124  38.591  -68.653  8.601 0.0000000000
21192  34.931  -64.565  8.130 0.0000000000
22052  36.651  -63.334  8.494 0.0000000000
10956  42.808  -76.754  10.966 0.0000000000
123620  43.423  -76.067  9.558 0.0000000000
10052  41.016  -77.730  10.088 0.0000000000
123699  39.764  -78.142  7.840 0.0000000000
8429  38.702  -79.544  6.489 0.0000000000
15493  36.848  -71.804  8.002 0.0000000000
17212  37.173  -69.079  8.425 0.0000000000
16389  35.890  -70.623  7.868 0.0000000000
18783  34.478  -67.802  7.555 0.0000000000
129769  35.005  -73.597  1.295 0.0000000000
18764  44.700  -67.995  8.327 0.0000000000
135599  41.538  -70.546  9.217 0.0000000000
126884  40.131  -72.770  8.745 0.0000000000
12779  42.875  -74.964  8.101 0.0000000000
12781  40.867  -74.781  7.663 0.0000000000
13662  38.667  -73.572  7.934 0.0000000000
12790  37.580  -74.679  6.893 0.0000000000
11887  36.623  -75.434  5.825 0.0000000000
11026  35.810  -75.858  3.761 0.0000000000
8474  40.041  -79.840  3.394 0.0000000000
9268  37.690  -78.479  3.597 0.0000000000
11034  36.258  -77.091  3.147 0.0000000000
11922  35.438  -75.039  2.179 0.0000000000
22064  48.856  -63.979  7.097 0.0000000000
137250  47.899  -64.887  7.744 0.0000000000
20364  47.952  -65.223  8.801 0.0000000000
132361  46.415  -66.647  8.805 0.0000000000
17202  46.212  -69.221  9.128 0.0000000000
127821  46.328  -71.061  10.543 0.0000000000
14506  45.169  -72.722  11.511 0.0000000000
15440  43.519  -72.084  11.535 0.0000000000
12737  43.611  -74.660  11.523 0.0000000000
19584  37.529  -66.514  8.545 0.0000000000
21204  45.433  -64.683  7.599 0.0000000000
21205  44.545  -64.621  7.618 0.0000000000
20394  44.003  -65.256  7.742 0.0000000000
143339  34.712  -73.815  4.288 0.0000000000
13673  34.641  -73.257  4.848 0.0000000000
13647  45.184  -73.500  9.863 0.0000000000
14553  44.516  -73.134  9.335 0.0000000000
12762  44.697  -73.641  9.416 0.0000000000
125157  40.754  -79.126  6.007 0.0000000000
10102  42.024  -77.910  5.382 0.0000000000
9246  41.321  -78.633  4.850 0.0000000000
10119  41.035  -78.216  4.979 0.0000000000
9247  40.488  -78.832  4.371 0.0000000000
9310  36.943  -78.808  -0.259 0.0000000000
19532  44.711  -66.439  11.401 0.0000000000
16380  39.209  -70.710  8.718 0.0000000000
17210  39.182  -69.017  8.628 0.0000000000
16381  38.429  -70.185  8.492 0.0000000000
22917  35.476  -62.479  8.347 0.0000000000
10037  42.348  -77.168  10.747 0.0000000000
10051  41.763  -77.465  10.451 0.0000000000
8404  38.340  -79.409  9.511 0.0000000000
9188  39.390  -78.230  8.859 0.0000000000
8412  38.098  -79.061  8.358 0.0000000000
8418  39.006  -78.967  7.058 0.0000000000
8419  38.270  -79.191  7.404 0.0000000000
13664  36.799  -73.385  7.274 0.0000000000
15494  36.216  -71.395  7.835 0.0000000000
15495  35.511  -71.482  7.364 0.0000000000
17222  34.597  -69.459  7.338 0.0000000000
18005  33.835  -68.278  6.874 0.0000000000
19606  33.903  -66.959  7.353 0.0000000000
17204  44.936  -69.623  8.597 0.0000000000
126109  43.519  -68.936  8.518 0.0000000000
124074  44.219  -70.036  8.796 0.0000000000
15480  40.377  -71.850  9.040 0.0000000000
14557  41.060  -72.662  8.907 0.0000000000
143455  42.975  -76.408  7.988 0.0000000000
11869  43.299  -75.504  8.199 0.0000000000
10990  43.017  -76.154  7.679 0.0000000000
11883  40.986  -76.035  6.740 0.0000000000
11871  41.441  -75.561  7.228 0.0000000000
11872  40.342  -75.347  7.286 0.0000000000
13661  39.496  -73.869  8.080 0.0000000000
12783  39.006  -74.358  7.591 0.0000000000
12784  38.140  -74.129  7.468 0.0000000000
127461  38.951  -75.453  6.831 0.0000000000
10106  38.161  -77.185  5.325 0.0000000000
11897  37.174  -76.117  5.760 0.0000000000
11017  37.137  -76.868  5.180 0.0000000000
11018  36.374  -76.139  5.185 0.0000000000
129968  36.563  -76.755  4.543 0.0000000000
6513  37.726  -82.572  1.321 0.0000000000
7071  38.783  -81.487  2.401 0.0000000000
7743  38.651  -80.873  2.316 0.0000000000
141347  39.485  -80.241  3.100 0.0000000000
8475  39.045  -79.732  3.228 0.0000000000
125819  38.427  -79.790  2.859 0.0000000000
124326  36.263  -77.356  0.730 0.0000000000
125517  36.444  -77.970  1.859 0.0000000000
11052  36.184  -77.250  1.583 0.0000000000
11042  35.704  -75.913  2.280 0.0000000000
11053  35.895  -76.375  1.559 0.0000000000
22063  50.216  -63.620  7.640 0.0000000000
21181  49.985  -64.191  8.330 0.0000000000
137573  48.183  -64.342  7.375 0.0000000000
21201  48.704  -64.685  7.838 0.0000000000
20349  46.877  -65.277  9.569 0.0000000000
20348  47.793  -65.029  9.309 0.0000000000
20365  47.342  -65.692  9.054 0.0000000000
139580  46.823  -66.290  8.923 0.0000000000
127012  46.477  -66.851  9.004 0.0000000000
141555  45.994  -67.903  8.647 0.0000000000
18755  46.311  -67.609  9.265 0.0000000000
17949  45.415  -69.362  11.549 0.0000000000
17183  46.467  -69.924  10.875 0.0000000000
16327  46.036  -70.946  11.543 0.0000000000
15438  46.072  -71.441  11.376 0.0000000000
15425  45.343  -71.533  11.570 0.0000000000
124484  42.587  -72.214  11.420 0.0000000000
14519  43.243  -72.908  11.512 0.0000000000
14518  44.138  -72.741  11.587 0.0000000000
135934  36.645  -68.587  8.412 0.0000000000
18772  37.148  -67.342  8.545 0.0000000000
19585  36.585  -66.513  8.467 0.0000000000
22051  37.502  -63.380  8.486 0.0000000000
13669  35.499  -73.681  6.063 0.0000000000
14577  35.393  -72.280  6.803 0.0000000000
15471  44.872  -71.329  9.295 0.0000000000
16375  44.224  -70.833  9.085 0.0000000000
132588  44.693  -72.264  9.434 0.0000000000
13654  43.374  -73.803  8.930 0.0000000000
9197  41.002  -78.095  7.057 0.0000000000
10075  42.249  -77.471  6.765 0.0000000000
9206  42.228  -77.884  5.979 0.0000000000
11013  41.943  -77.459  5.717 0.0000000000
10999  40.622  -76.510  6.341 0.0000000000
11000  38.859  -76.079  6.436 0.0000000000
11015  39.801  -76.786  6.053 0.0000000000
10105  39.246  -77.386  5.429 0.0000000000
10121  38.748  -77.810  4.789 0.0000000000
9296  37.214  -79.668  1.841 0.0000000000
8504  36.633  -78.820  0.729 0.0000000000
10164  36.512  -78.042  0.306 0.0000000000
19554  46.019  -66.558  10.121 0.0000000000
18744  46.117  -67.522  10.158 0.0000000000
18723  45.627  -67.720  11.070 0.0000000000
18724  45.069  -67.786  11.698 0.0000000000
17950  44.718  -68.594  11.839 0.0000000000
18769  39.216  -68.082  8.586 0.0000000000
19583  38.353  -66.457  8.516 0.0000000000
20381  35.727  -65.883  8.325 0.0000000000
20380  36.513  -65.786  8.459 0.0000000000
21191  35.711  -64.544  8.433 0.0000000000
22916  36.308  -62.601  8.495 0.0000000000
11842  44.310  -75.143  10.745 0.0000000000
11857  44.282  -74.986  9.666 0.0000000000
10970  42.792  -76.532  10.092 0.0000000000
10050  42.264  -76.877  9.612 0.0000000000
10065  41.322  -77.386  8.373 0.0000000000
9187  40.367  -77.785  8.731 0.0000000000
8428  39.660  -79.230  6.473 0.0000000000
15484  37.573  -71.435  8.352 0.0000000000
16382  37.615  -70.542  8.417 0.0000000000
15485  36.822  -70.957  8.186 0.0000000000
135798  36.513  -69.271  8.356 0.0000000000
17213  35.908  -68.918  8.329 0.0000000000
16390  34.906  -70.800  7.151 0.0000000000
120197  35.250  -69.223  7.806 0.0000000000
18782  35.377  -67.600  8.217 0.0000000000
19587  34.855  -66.190  8.007 0.0000000000
20396  34.187  -65.694  7.536 0.0000000000
12844  34.666  -73.411  2.173 0.0000000000
18781  44.716  -67.127  8.122 0.0000000000
19597  43.970  -66.604  8.023 0.0000000000
18765  43.793  -67.421  8.271 0.0000000000
15481  39.626  -71.452  8.940 0.0000000000
15482  38.988  -71.611  8.674 0.0000000000
12771  42.185  -74.296  8.330 0.0000000000
138396  42.373  -75.845  7.138 0.0000000000
12780  42.040  -75.064  7.701 0.0000000000
12772  41.272  -74.200  8.175 0.0000000000
132151  40.696  -73.438  8.540 0.0000000000
13658  39.293  -72.984  8.407 0.0000000000
14559  38.902  -72.297  8.531 0.0000000000
135955  37.709  -73.231  7.724 0.0000000000
13663  37.388  -73.921  7.284 0.0000000000
13667  36.748  -74.108  6.806 0.0000000000
11885  38.208  -75.425  6.647 0.0000000000
11886  37.360  -75.448  6.319 0.0000000000
12792  36.097  -74.246  6.248 0.0000000000
12798  35.645  -74.336  5.489 0.0000000000
12807  35.487  -74.739  4.697 0.0000000000
120345  35.420  -74.934  3.810 0.0000000000
8443  39.003  -80.004  5.750 0.0000000000
6500  38.319  -82.284  1.967 0.0000000000
7711  40.179  -80.535  4.153 0.0000000000
7710  40.582  -79.969  3.845 0.0000000000
9266  39.799  -79.282  3.713 0.0000000000
9267  38.699  -78.944  3.657 0.0000000000
9250  37.346  -77.794  4.063 0.0000000000
9281  37.262  -79.096  2.465 0.0000000000
9269  36.843  -77.907  3.275 0.0000000000
10123  36.685  -77.248  3.905 0.0000000000
11035  35.803  -76.344  3.069 0.0000000000
125437  35.522  -75.475  3.010 0.0000000000
12816  35.210  -74.616  2.900 0.0000000000
12843  35.317  -74.570  1.336 0.0000000000
22937  49.180  -62.695  6.803 0.0000000000
22075  50.088  -63.210  6.841 0.0000000000
22077  48.548  -63.272  6.856 0.0000000000
125293  47.484  -64.267  7.336 0.0000000000
21203  46.260  -64.723  7.649 0.0000000000
20392  45.745  -65.400  7.885 0.0000000000
22018  48.589  -63.487  9.837 0.0000000000
21167  49.305  -64.471  9.011 0.0000000000
20374  48.046  -65.213  8.309 0.0000000000
19576  46.783  -65.941  8.632 0.0000000000
18780  45.382  -66.752  8.143 0.0000000000
18763  45.444  -67.528  8.350 0.0000000000
17985  45.936  -68.676  8.667 0.0000000000
17203  45.674  -69.482  8.741 0.0000000000
17967  46.267  -69.134  10.366 0.0000000000
17195  46.418  -69.789  9.893 0.0000000000
16366  45.654  -70.972  9.461 0.0000000000
15469  46.020  -71.450  10.029 0.0000000000
14534  45.806  -72.520  10.747 0.0000000000
12735  45.067  -73.828  11.187 0.0000000000
14507  44.793  -72.493  11.611 0.0000000000
13617  44.630  -73.180  11.544 0.0000000000
12750  44.703  -74.526  11.015 0.0000000000
17992  37.908  -68.821  8.558 0.0000000000
120557  37.930  -67.185  8.548 0.0000000000
20379  37.946  -65.737  8.530 0.0000000000
135049  36.777  -65.322  8.534 0.0000000000
126439  37.934  -64.111  8.448 0.0000000000
6524  37.529  -82.501  0.464 0.0000000000
7084  38.251  -81.891  1.679 0.0000000000
7687  38.152  -80.153  6.077 0.0000000000
7697  40.670  -79.946  4.669 0.0000000000
7712  39.365  -80.955  4.583 0.0000000000
7729  39.892  -80.450  3.360 0.0000000000
7742  39.309  -80.731  2.774 0.0000000000
7757  38.179  -81.254  1.725 0.0000000000
8405  37.694  -79.736  8.726 0.0000000000
8420  37.575  -79.687  7.864 0.0000000000
8440  41.510  -78.787  5.510 0.0000000000
8441  41.119  -79.437  5.172 0.0000000000
8456  41.507  -79.008  5.015 0.0000000000
8457  40.972  -79.351  4.492 0.0000000000
8476  37.964  -79.277  3.126 0.0000000000
8489  38.727  -80.300  2.686 0.0000000000
8490  37.857  -79.794  2.512 0.0000000000
9189  38.663  -78.671  8.855 0.0000000000
9196  42.016  -78.103  6.396 0.0000000000
9198  39.754  -78.565  7.072 0.0000000000
9199  38.878  -78.535  7.858 0.0000000000
9207  42.021  -78.278  5.755 0.0000000000
9224  41.791  -78.310  5.267 0.0000000000
9249  38.200  -78.239  4.243 0.0000000000
9265  40.407  -79.492  3.904 0.0000000000
9282  36.760  -78.330  2.472 0.0000000000
10063  42.615  -76.708  7.233 0.0000000000
10064  42.344  -76.947  8.083 0.0000000000
10074  42.287  -77.205  6.402 0.0000000000
10101  42.121  -77.679  5.766 0.0000000000
10104  40.456  -77.563  5.376 0.0000000000
10118  41.699  -78.161  5.188 0.0000000000
10120  39.900  -78.067  4.839 0.0000000000
10122  37.741  -77.533  4.704 0.0000000000
10143  36.377  -77.549  2.445 0.0000000000
10154  36.378  -78.036  1.139 0.0000000000
10941  43.153  -76.257  11.253 0.0000000000
10969  43.348  -76.218  10.680 0.0000000000
10981  43.444  -75.948  8.527 0.0000000000
10982  42.992  -76.467  8.871 0.0000000000
10997  42.230  -77.014  6.228 0.0000000000
10998  41.597  -76.749  6.227 0.0000000000
11014  41.078  -77.152  5.808 0.0000000000
11041  35.976  -76.780  2.354 0.0000000000
11067  35.829  -76.004  0.662 0.0000000000
11830  44.106  -75.021  11.300 0.0000000000
11843  43.747  -75.711  11.107 0.0000000000
11858  43.808  -75.607  10.183 0.0000000000
11870  42.836  -75.756  7.550 0.0000000000
11873  39.392  -75.097  7.258 0.0000000000
11874  38.524  -74.889  7.185 0.0000000000
11881  42.557  -76.444  6.963 0.0000000000
11896  37.952  -76.120  6.215 0.0000000000
11898  36.058  -75.137  5.243 0.0000000000
11907  35.847  -75.552  4.559 0.0000000000
11931  35.618  -75.483  1.441 0.0000000000
12726  44.928  -73.406  11.449 0.0000000000
12736  44.455  -74.048  11.387 0.0000000000
12749  45.097  -74.057  10.437 0.0000000000
12763  44.776  -74.182  9.664 0.0000000000
12769  44.248  -74.410  9.156 0.0000000000
12773  40.325  -74.091  8.155 0.0000000000
12782  39.881  -74.586  7.668 0.0000000000
12791  36.711  -74.805  6.376 0.0000000000
12797  36.216  -74.797  5.861 0.0000000000
12808  35.030  -74.336  4.245 0.0000000000
12831  34.852  -73.931  2.749 0.0000000000
13616  45.239  -73.201  11.324 0.0000000000
13618  43.925  -73.590  11.559 0.0000000000
13633  45.461  -73.295  10.731 0.0000000000
13655  42.471  -73.616  8.804 0.0000000000
13656  41.577  -73.519  8.658 0.0000000000
13657  39.968  -73.431  8.418 0.0000000000
13681  35.062  -74.047  4.838 0.0000000000
14505  45.628  -71.966  11.466 0.0000000000
14516  45.908  -72.072  11.242 0.0000000000
14517  45.545  -72.609  11.268 0.0000000000
14547  45.695  -72.250  10.136 0.0000000000
14548  45.142  -72.846  9.648 0.0000000000
14558  39.541  -72.179  8.764 0.0000000000
14560  38.278  -71.921  8.483 0.0000000000
14564  38.399  -72.735  8.260 0.0000000000
14565  37.588  -72.301  8.162 0.0000000000
14566  36.855  -72.610  7.659 0.0000000000
14567  36.093  -72.094  7.559 0.0000000000
14576  36.050  -72.857  7.182 0.0000000000
14588  34.465  -72.396  5.250 0.0000000000
15424  45.815  -71.336  11.525 0.0000000000
15426  44.928  -71.963  11.627 0.0000000000
15439  44.365  -72.002  11.610 0.0000000000
15459  46.144  -71.759  10.756 0.0000000000
15477  44.114  -71.699  9.268 0.0000000000
16328  45.677  -70.852  11.586 0.0000000000
16338  46.359  -70.750  11.151 0.0000000000
16353  46.439  -70.410  10.493 0.0000000000
16365  46.276  -70.633  9.880 0.0000000000
16378  40.970  -71.081  9.249 0.0000000000
16379  40.108  -70.877  9.144 0.0000000000
16383  36.793  -69.992  8.372 0.0000000000
16394  34.169  -70.910  6.239 0.0000000000
17161  46.039  -70.201  11.473 0.0000000000
17168  44.734  -69.458  11.765 0.0000000000
17196  46.062  -70.088  9.232 0.0000000000
17205  43.425  -69.647  8.731 0.0000000000
17209  39.716  -69.404  8.619 0.0000000000
17211  37.737  -69.662  8.465 0.0000000000
17220  35.922  -69.702  8.114 0.0000000000
17221  35.159  -69.982  7.513 0.0000000000
17227  33.949  -69.154  6.849 0.0000000000
17978  46.264  -68.337  9.021 0.0000000000
17986  45.120  -68.865  8.416 0.0000000000
17987  44.279  -68.664  8.411 0.0000000000
17993  36.006  -68.158  8.410 0.0000000000
17999  35.249  -68.424  8.055 0.0000000000
18000  34.532  -68.746  7.460 0.0000000000
18725  44.361  -67.766  12.034 0.0000000000
18762  46.224  -67.425  8.913 0.0000000000
18770  38.185  -67.964  8.584 0.0000000000
18771  37.345  -68.200  8.498 0.0000000000
19530  45.666  -67.030  10.695 0.0000000000
19531  45.228  -67.061  11.340 0.0000000000
19553  46.549  -66.055  9.448 0.0000000000
19566  46.897  -66.256  9.037 0.0000000000
19577  45.922  -67.081  8.583 0.0000000000
19586  35.600  -66.769  8.264 0.0000000000
19595  45.907  -66.155  8.293 0.0000000000
19599  34.731  -66.965  7.875 0.0000000000
20351  45.312  -65.480  10.566 0.0000000000
20375  47.300  -65.682  8.751 0.0000000000
20382  34.823  -65.356  8.024 0.0000000000
20390  47.381  -65.389  8.225 0.0000000000
20391  46.574  -65.417  8.096 0.0000000000
20393  44.872  -65.495  7.677 0.0000000000
21151  48.167  -64.254  9.601 0.0000000000
21168  48.515  -64.701  9.135 0.0000000000
21182  49.388  -64.502  8.433 0.0000000000
21183  48.628  -64.809  8.561 0.0000000000
21188  38.368  -64.910  8.498 0.0000000000
21189  37.415  -64.969  8.526 0.0000000000
21190  36.528  -64.667  8.544 0.0000000000
21200  49.508  -64.226  7.686 0.0000000000
21202  47.079  -64.827  7.685 0.0000000000
21208  34.182  -64.761  7.465 0.0000000000
22053  35.741  -63.220  8.439 0.0000000000
22065  47.953  -63.793  7.064 0.0000000000
22076  49.361  -63.290  6.810 0.0000000000
119642  37.155  -65.827  8.515 0.0000000000
119643  38.795  -65.671  8.541 0.0000000000
120558  38.744  -67.196  8.465 0.0000000000
120947  43.706  -68.236  8.391 0.0000000000
121500  36.110  -65.207  8.482 0.0000000000
121947  37.799  -62.632  8.605 0.0000000000
123096  36.231  -76.562  3.781 0.0000000000
123115  35.456  -73.041  6.496 0.0000000000
124080  45.508  -68.521  11.405 0.0000000000
124769  44.229  -65.937  7.782 0.0000000000
125022  37.803  -76.594  5.678 0.0000000000
126413  41.805  -71.204  9.267 0.0000000000
126438  37.029  -64.070  8.563 0.0000000000
126442  39.154  -69.795  8.590 0.0000000000
126732  46.060  -69.298  11.129 0.0000000000
126917  35.440  -65.103  8.327 0.0000000000
126982  46.707  -64.154  7.338 0.0000000000
127110  36.135  -63.944  8.530 0.0000000000
127816  45.511  -68.189  8.447 0.0000000000
128195  45.503  -72.901  10.128 0.0000000000
128852  35.033  -74.216  2.080 0.0000000000
129119  45.217  -72.155  11.564 0.0000000000
129971  37.292  -78.603  3.000 0.0000000000
130429  46.243  -68.359  9.801 0.0000000000
130961  46.268  -68.994  9.570 0.0000000000
131204  35.273  -63.862  8.309 0.0000000000
131609  43.824  -75.572  9.255 0.0000000000
132481  44.256  -69.294  8.549 0.0000000000
133644  41.740  -77.228  9.334 0.0000000000
135062  38.493  -69.364  8.559 0.0000000000
135248  35.097  -72.678  6.307 0.0000000000
135511  36.140  -76.194  4.388 0.0000000000
135888  42.143  -77.999  5.517 0.0000000000
136026  36.828  -79.478  1.171 0.0000000000
136827  49.830  -62.841  6.679 0.0000000000
138973  34.237  -66.384  7.575 0.0000000000
140623  46.340  -71.274  11.022 0.0000000000
141827  36.715  -67.935  8.467 0.0000000000
142125  49.596  -63.677  7.175 0.0000000000
142319  45.342  -66.057  7.884 0.0000000000
143214  34.254  -70.042  6.773 0.0000000000
143253  37.647  -67.665  8.549 0.0000000000
143568  43.466  -66.931  8.268 0.0000000000
