#!ascii label  , from subject sub-032304 vox2ras=TkReg
206
77963  31.779  -2.798  -16.367 0.0000000000
70848  30.945  -11.896  -14.085 0.0000000000
82096  31.250  1.148  -18.756 0.0000000000
131469  28.695  7.698  -21.297 0.0000000000
68063  29.841  -13.885  -13.866 0.0000000000
84580  31.796  4.085  -17.187 0.0000000000
85448  31.499  5.480  -18.946 0.0000000000
77044  30.584  -5.374  -17.139 0.0000000000
74328  31.916  -7.516  -15.385 0.0000000000
136651  33.485  -4.984  -15.137 0.0000000000
131587  32.565  -0.172  -15.364 0.0000000000
78884  34.262  -2.776  -14.418 0.0000000000
136873  31.230  -0.894  -17.616 0.0000000000
82080  31.804  1.570  -16.295 0.0000000000
139075  29.443  5.850  -21.579 0.0000000000
87894  31.255  8.043  -19.942 0.0000000000
72601  33.053  -9.825  -13.986 0.0000000000
84604  30.942  4.067  -18.910 0.0000000000
85457  30.916  5.248  -20.013 0.0000000000
136483  30.978  -4.800  -16.962 0.0000000000
76082  31.966  -5.234  -16.124 0.0000000000
131992  32.591  -3.617  -15.666 0.0000000000
69000  30.040  -13.176  -14.275 0.0000000000
128696  31.258  -0.287  -17.961 0.0000000000
81281  31.728  0.052  -16.686 0.0000000000
82088  31.606  1.033  -17.955 0.0000000000
85437  32.336  5.546  -17.067 0.0000000000
124541  32.208  3.990  -16.418 0.0000000000
87087  28.400  7.316  -19.169 0.0000000000
86247  28.949  5.332  -19.797 0.0000000000
136379  28.612  7.045  -21.371 0.0000000000
89400  30.559  10.594  -21.495 0.0000000000
88679  30.880  9.863  -20.993 0.0000000000
127481  31.048  8.918  -20.812 0.0000000000
88675  31.485  9.841  -19.684 0.0000000000
141840  31.847  8.294  -19.276 0.0000000000
118834  33.435  -7.378  -14.501 0.0000000000
73473  31.928  -8.843  -14.861 0.0000000000
68065  28.762  -14.961  -13.898 0.0000000000
82942  31.492  2.588  -17.613 0.0000000000
83817  31.233  3.558  -18.605 0.0000000000
128556  31.584  4.814  -18.464 0.0000000000
86240  32.290  6.318  -17.410 0.0000000000
73490  29.836  -8.022  -16.868 0.0000000000
118603  30.803  -7.123  -16.634 0.0000000000
134773  32.195  -6.611  -15.627 0.0000000000
118232  33.919  -5.721  -14.814 0.0000000000
79733  32.847  -1.922  -15.539 0.0000000000
78892  32.959  -2.652  -15.306 0.0000000000
138838  33.410  -1.872  -15.075 0.0000000000
77972  30.624  -3.454  -17.441 0.0000000000
78907  30.417  -2.443  -17.916 0.0000000000
78899  31.681  -2.009  -16.719 0.0000000000
80491  31.923  -0.714  -16.529 0.0000000000
133082  31.944  0.631  -15.920 0.0000000000
82926  32.558  2.237  -15.052 0.0000000000
82934  31.818  2.436  -16.658 0.0000000000
83791  32.520  3.034  -15.341 0.0000000000
85473  29.856  4.726  -21.503 0.0000000000
87915  29.264  8.451  -21.745 0.0000000000
87114  29.569  7.991  -21.789 0.0000000000
86270  30.013  6.392  -21.396 0.0000000000
128601  30.649  5.575  -20.735 0.0000000000
86246  31.385  6.125  -19.723 0.0000000000
87086  31.776  7.073  -18.743 0.0000000000
71705  30.767  -10.695  -14.806 0.0000000000
140591  31.110  -8.864  -15.551 0.0000000000
77949  33.557  -3.482  -14.960 0.0000000000
118233  34.181  -4.809  -14.696 0.0000000000
84611  30.565  3.733  -20.024 0.0000000000
133621  30.452  4.534  -20.262 0.0000000000
121981  31.841  -3.650  -16.190 0.0000000000
77043  31.563  -4.571  -16.439 0.0000000000
66260  28.087  -16.364  -13.147 0.0000000000
67159  28.431  -15.668  -13.474 0.0000000000
69930  30.448  -12.484  -14.284 0.0000000000
81292  31.274  0.417  -18.300 0.0000000000
85432  32.500  5.582  -16.088 0.0000000000
87896  28.561  7.850  -20.229 0.0000000000
87088  27.708  6.962  -20.020 0.0000000000
87094  27.905  6.896  -20.803 0.0000000000
88674  32.319  9.530  -18.978 0.0000000000
73471  33.192  -8.132  -14.427 0.0000000000
69931  29.678  -12.575  -14.677 0.0000000000
82949  31.281  2.714  -18.821 0.0000000000
83825  30.981  3.174  -19.610 0.0000000000
132973  31.025  4.667  -19.451 0.0000000000
85438  31.925  5.562  -17.929 0.0000000000
86241  31.758  6.346  -18.297 0.0000000000
87889  29.216  8.407  -18.885 0.0000000000
134855  30.274  -6.942  -17.095 0.0000000000
134673  30.715  -6.153  -16.776 0.0000000000
138081  32.671  -5.053  -15.549 0.0000000000
118229  32.275  -5.829  -15.744 0.0000000000
118728  32.968  -5.974  -15.224 0.0000000000
68074  29.050  -14.223  -14.218 0.0000000000
68064  29.416  -14.590  -13.682 0.0000000000
80482  33.078  -1.115  -15.255 0.0000000000
77055  30.501  -4.528  -17.516 0.0000000000
79747  31.076  -1.658  -17.602 0.0000000000
128137  31.132  -2.611  -17.144 0.0000000000
79741  31.545  -1.189  -16.945 0.0000000000
79740  32.185  -1.533  -16.288 0.0000000000
82081  31.652  0.878  -16.905 0.0000000000
82074  32.288  1.512  -15.524 0.0000000000
83802  31.873  3.263  -16.938 0.0000000000
84572  32.497  3.834  -15.607 0.0000000000
86253  28.756  5.485  -21.128 0.0000000000
85459  29.606  4.598  -20.881 0.0000000000
86271  29.533  5.151  -21.504 0.0000000000
135653  30.207  9.838  -21.616 0.0000000000
89405  29.741  10.213  -21.722 0.0000000000
87914  29.609  8.752  -21.792 0.0000000000
87901  30.208  8.414  -21.629 0.0000000000
87900  30.597  8.008  -20.916 0.0000000000
87102  30.661  7.219  -20.781 0.0000000000
86251  30.786  6.038  -21.058 0.0000000000
87093  31.368  7.039  -19.854 0.0000000000
87887  32.237  8.649  -18.651 0.0000000000
87888  31.924  7.812  -19.166 0.0000000000
87085  32.220  7.868  -18.158 0.0000000000
70855  30.179  -11.070  -15.224 0.0000000000
134967  31.052  -7.767  -16.003 0.0000000000
73480  30.875  -8.536  -15.861 0.0000000000
72607  32.530  -9.331  -14.479 0.0000000000
72608  31.722  -9.583  -14.665 0.0000000000
71704  31.478  -10.384  -14.494 0.0000000000
78891  33.251  -2.896  -14.934 0.0000000000
78885  33.644  -2.873  -14.781 0.0000000000
134746  31.214  -5.395  -16.612 0.0000000000
77042  32.290  -4.351  -15.870 0.0000000000
77036  33.136  -4.104  -15.434 0.0000000000
140429  30.369  -13.945  -13.524 0.0000000000
68994  30.613  -13.336  -13.783 0.0000000000
68993  31.371  -13.209  -13.355 0.0000000000
81271  33.024  0.234  -14.696 0.0000000000
138940  33.191  -0.499  -14.809 0.0000000000
80499  30.795  -0.832  -18.226 0.0000000000
80492  31.500  -0.439  -17.202 0.0000000000
81286  31.510  0.279  -17.492 0.0000000000
84579  32.281  4.790  -16.712 0.0000000000
131728  32.541  4.673  -15.900 0.0000000000
86254  28.054  6.464  -20.505 0.0000000000
86272  28.561  6.159  -21.299 0.0000000000
87893  31.635  8.982  -19.405 0.0000000000
73478  32.118  -8.174  -15.008 0.0000000000
74322  32.711  -7.764  -14.866 0.0000000000
73472  32.670  -8.531  -14.661 0.0000000000
67171  27.979  -15.260  -14.142 0.0000000000
68075  28.273  -14.497  -14.414 0.0000000000
69001  29.350  -13.430  -14.469 0.0000000000
142437  30.096  -12.091  -14.617 0.0000000000
123028  31.464  1.792  -18.416 0.0000000000
83810  31.488  3.416  -17.821 0.0000000000
84591  31.575  4.133  -18.075 0.0000000000
84590  32.007  4.824  -17.581 0.0000000000
87902  28.675  8.628  -21.079 0.0000000000
118786  31.533  -7.045  -16.026 0.0000000000
118589  31.567  -6.221  -16.270 0.0000000000
75169  32.873  -7.027  -15.169 0.0000000000
118894  33.565  -6.578  -14.759 0.0000000000
134270  34.238  -6.424  -14.289 0.0000000000
78898  32.422  -2.307  -15.997 0.0000000000
77962  32.505  -2.962  -15.731 0.0000000000
128423  33.334  -2.530  -15.044 0.0000000000
79729  33.911  -2.185  -14.665 0.0000000000
80475  33.621  -1.242  -14.538 0.0000000000
139959  34.307  -1.637  -14.228 0.0000000000
79724  34.650  -2.108  -14.158 0.0000000000
77054  31.104  -4.062  -16.891 0.0000000000
77971  31.270  -3.322  -16.794 0.0000000000
80483  32.427  -0.973  -15.809 0.0000000000
139663  32.085  -0.253  -16.081 0.0000000000
81272  32.627  0.783  -15.190 0.0000000000
82065  32.796  1.499  -14.847 0.0000000000
132776  31.552  1.719  -17.271 0.0000000000
83801  32.282  3.130  -16.179 0.0000000000
82933  32.177  2.303  -15.820 0.0000000000
88692  29.136  9.022  -21.721 0.0000000000
87903  28.975  8.532  -21.611 0.0000000000
87104  29.100  7.799  -21.638 0.0000000000
139239  29.285  6.936  -21.590 0.0000000000
87103  30.022  7.480  -21.606 0.0000000000
86252  30.088  5.125  -21.769 0.0000000000
85458  30.220  4.825  -21.029 0.0000000000
87078  32.120  7.123  -17.743 0.0000000000
70852  29.841  -11.799  -14.957 0.0000000000
70851  30.469  -11.578  -14.577 0.0000000000
72613  30.852  -9.412  -15.638 0.0000000000
73479  31.456  -8.391  -15.401 0.0000000000
72612  31.340  -9.165  -15.220 0.0000000000
71710  30.502  -10.289  -15.455 0.0000000000
71709  31.085  -9.901  -15.067 0.0000000000
77956  33.048  -3.162  -15.220 0.0000000000
77035  33.681  -4.262  -15.003 0.0000000000
77948  34.058  -3.398  -14.552 0.0000000000
77024  33.927  -4.009  -14.645 0.0000000000
61478  25.896  -15.253  -15.197 0.0000000000
118234  34.796  -4.908  -14.339 0.0000000000
134595  25.989  -14.415  -15.589 0.0000000000
134599  25.890  -14.704  -15.464 0.0000000000
134886  26.022  -14.331  -15.621 0.0000000000
134921  25.881  -14.738  -15.422 0.0000000000
134931  25.934  -14.828  -15.338 0.0000000000
135247  26.007  -14.399  -15.607 0.0000000000
141810  33.808  -6.880  -14.367 0.0000000000
