#!ascii label  , from subject sub-032304 vox2ras=TkReg
593
61407  26.804  -21.212  -10.717 0.1428571492
60471  25.791  -22.646  -10.772 0.1428571492
62355  26.577  -20.557  -11.289 0.1428571492
61388  28.001  -21.858  -9.967 0.1428571492
61420  26.027  -21.321  -11.397 0.1428571492
62344  27.450  -20.577  -10.737 0.1428571492
137661  26.840  -19.143  -12.005 0.5714285970
63279  28.056  -19.888  -11.088 0.1428571492
64232  29.928  -18.506  -10.936 0.2857142985
64239  29.041  -18.559  -11.386 0.2857142985
65201  30.749  -17.165  -11.297 0.1428571492
130623  30.174  -17.680  -11.250 0.2857142985
68044  31.706  -14.926  -11.857 0.2857142985
67147  30.924  -15.143  -12.207 0.1428571492
67141  30.603  -15.755  -12.047 0.2857142985
69916  32.820  -12.400  -12.726 0.2857142985
68986  32.258  -13.588  -12.308 0.2857142985
70838  32.892  -11.809  -13.100 0.2857142985
69923  32.321  -12.188  -13.325 0.2857142985
71698  33.500  -10.284  -13.397 0.2857142985
73471  33.192  -8.132  -14.427 0.8571428657
72606  33.344  -8.963  -14.225 0.4285714328
71688  33.946  -10.635  -12.868 0.2857142985
118232  33.919  -5.721  -14.814 0.7142857313
134270  34.238  -6.424  -14.289 0.7142857313
118834  33.435  -7.378  -14.501 0.7142857313
73472  32.670  -8.531  -14.661 0.7142857313
118233  34.181  -4.809  -14.696 0.8571428657
118894  33.565  -6.578  -14.759 0.7142857313
139110  34.413  -3.201  -14.207 0.4285714328
77024  33.927  -4.009  -14.645 0.7142857313
139959  34.307  -1.637  -14.228 0.2857142985
78885  33.644  -2.873  -14.781 0.8571428657
78884  34.262  -2.776  -14.418 0.7142857313
77949  33.557  -3.482  -14.960 0.8571428657
130857  34.167  -0.173  -13.569 0.1428571492
80466  34.776  -0.519  -13.190 0.1428571492
80467  34.198  -0.945  -13.844 0.4285714328
79729  33.911  -2.185  -14.665 0.5714285970
78891  33.251  -2.896  -14.934 0.8571428657
82055  33.695  1.416  -13.365 0.1428571492
81252  34.468  0.300  -13.091 0.1428571492
81253  33.817  0.531  -13.575 0.1428571492
80468  33.623  -0.223  -14.161 0.4285714328
128423  33.334  -2.530  -15.044 0.8571428657
83772  33.972  3.061  -13.510 0.1428571492
82907  33.905  2.171  -13.190 0.1428571492
82917  33.449  2.200  -13.673 0.1428571492
139751  33.594  0.994  -13.925 0.1428571492
81262  33.105  0.932  -14.681 0.4285714328
138940  33.191  -0.499  -14.809 0.5714285970
80482  33.078  -1.115  -15.255 0.7142857313
78892  32.959  -2.652  -15.306 0.8571428657
133350  33.325  2.824  -14.028 0.1428571492
83790  32.728  3.848  -14.661 0.1428571492
82918  32.993  2.182  -14.369 0.1428571492
82065  32.796  1.499  -14.847 0.5714285970
131587  32.565  -0.172  -15.364 0.8571428657
79733  32.847  -1.922  -15.539 0.8571428657
84564  33.430  4.581  -14.263 0.1428571492
83781  32.874  2.969  -14.552 0.1428571492
83791  32.520  3.034  -15.341 0.8571428657
81272  32.627  0.783  -15.190 0.8571428657
81271  33.024  0.234  -14.696 0.7142857313
133082  31.944  0.631  -15.920 0.8571428657
84565  32.847  5.374  -15.371 0.1428571492
86229  32.953  6.105  -15.702 0.1428571492
84572  32.497  3.834  -15.607 0.4285714328
83801  32.282  3.130  -16.179 0.8571428657
82933  32.177  2.303  -15.820 0.8571428657
131728  32.541  4.673  -15.900 0.4285714328
82934  31.818  2.436  -16.658 0.8571428657
82080  31.804  1.570  -16.295 0.8571428657
85432  32.500  5.582  -16.088 0.1428571492
86235  32.653  6.275  -16.488 0.2857142985
84579  32.281  4.790  -16.712 0.8571428657
124541  32.208  3.990  -16.418 0.8571428657
83802  31.873  3.263  -16.938 0.8571428657
132776  31.552  1.719  -17.271 0.8571428657
87070  32.974  7.067  -17.032 0.2857142985
85437  32.336  5.546  -17.067 0.7142857313
84580  31.796  4.085  -17.187 0.8571428657
83810  31.488  3.416  -17.821 0.8571428657
82942  31.492  2.588  -17.613 0.8571428657
85438  31.925  5.562  -17.929 0.8571428657
84591  31.575  4.133  -18.075 0.8571428657
128556  31.584  4.814  -18.464 0.7142857313
86240  32.290  6.318  -17.410 0.8571428657
86241  31.758  6.346  -18.297 0.8571428657
85448  31.499  5.480  -18.946 0.8571428657
86246  31.385  6.125  -19.723 0.8571428657
132973  31.025  4.667  -19.451 0.7142857313
87888  31.924  7.812  -19.166 0.7142857313
87086  31.776  7.073  -18.743 0.8571428657
87093  31.368  7.039  -19.854 0.8571428657
87900  30.597  8.008  -20.916 0.7142857313
90080  32.253  11.132  -19.656 0.1428571492
141840  31.847  8.294  -19.276 0.8571428657
87894  31.255  8.043  -19.942 0.7142857313
127481  31.048  8.918  -20.812 0.7142857313
90811  32.021  12.213  -20.802 0.1428571492
88675  31.485  9.841  -19.684 0.5714285970
88679  30.880  9.863  -20.993 0.5714285970
135653  30.207  9.838  -21.616 0.5714285970
90090  31.585  11.412  -20.615 0.1428571492
91540  32.742  13.569  -21.597 0.1428571492
89405  29.741  10.213  -21.722 0.5714285970
91541  31.505  13.323  -21.647 0.1428571492
92297  31.578  14.438  -22.970 0.1428571492
90097  30.658  11.901  -21.272 0.1428571492
92298  30.386  14.433  -23.278 0.1428571492
89400  30.559  10.594  -21.495 0.5714285970
91553  30.930  13.799  -22.635 0.1428571492
91554  29.938  13.665  -22.879 0.1428571492
92308  29.734  15.479  -23.714 0.1428571492
60470  26.619  -22.574  -10.231 0.1428571492
59574  26.219  -23.261  -10.234 0.1428571492
62354  27.171  -19.885  -11.415 0.2857142985
136809  28.314  -20.395  -10.631 0.1428571492
63288  29.244  -19.096  -10.809 0.2857142985
63289  28.555  -19.210  -11.194 0.2857142985
67139  32.294  -15.435  -11.455 0.2857142985
67140  31.378  -15.774  -11.666 0.2857142985
66238  30.654  -16.393  -11.675 0.1428571492
71699  32.687  -10.562  -13.592 0.2857142985
70846  32.441  -11.366  -13.439 0.2857142985
73462  33.796  -8.030  -13.846 0.4285714328
72601  33.053  -9.825  -13.986 0.5714285970
77023  34.414  -4.202  -14.371 0.2857142985
74322  32.711  -7.764  -14.866 0.7142857313
79724  34.650  -2.108  -14.158 0.1428571492
77036  33.136  -4.104  -15.434 0.8571428657
138838  33.410  -1.872  -15.075 0.7142857313
83780  33.418  3.584  -14.089 0.1428571492
82926  32.558  2.237  -15.052 0.8571428657
82074  32.288  1.512  -15.524 0.8571428657
139663  32.085  -0.253  -16.081 0.8571428657
82081  31.652  0.878  -16.905 0.8571428657
89395  31.484  10.606  -20.098 0.2857142985
93019  31.513  15.744  -24.154 0.1428571492
59575  25.236  -23.344  -10.514 0.1428571492
121463  27.755  -19.262  -11.575 0.4285714328
65202  29.477  -17.851  -11.601 0.2857142985
64240  28.262  -18.659  -11.697 0.4285714328
135465  27.566  -18.724  -11.965 0.2857142985
68975  32.777  -13.900  -11.777 0.2857142985
68985  32.779  -13.098  -12.198 0.2857142985
68987  31.615  -13.720  -12.700 0.2857142985
68056  31.269  -14.443  -12.458 0.2857142985
69917  32.126  -12.961  -12.897 0.2857142985
72607  32.530  -9.331  -14.479 0.7142857313
82046  34.303  1.668  -12.832 0.1428571492
84556  34.187  4.126  -13.624 0.1428571492
138239  33.183  5.204  -14.743 0.1428571492
126635  32.686  4.620  -14.924 0.2857142985
85425  33.483  5.810  -15.083 0.1428571492
80483  32.427  -0.973  -15.809 0.8571428657
79740  32.185  -1.533  -16.288 1.0000000000
86234  33.361  6.783  -16.176 0.1428571492
83817  31.233  3.558  -18.605 0.8571428657
87078  32.120  7.123  -17.743 0.5714285970
87085  32.220  7.868  -18.158 0.5714285970
87887  32.237  8.649  -18.651 0.5714285970
87893  31.635  8.982  -19.405 0.7142857313
88674  32.319  9.530  -18.978 0.2857142985
89394  32.252  10.309  -19.325 0.2857142985
90824  29.454  11.881  -22.220 0.2857142985
90822  32.461  12.986  -21.067 0.1428571492
91542  30.233  13.100  -22.339 0.1428571492
135714  29.518  12.429  -22.352 0.1428571492
90830  29.306  12.855  -22.452 0.1428571492
91552  32.113  13.948  -22.270 0.1428571492
92299  29.512  14.591  -23.243 0.1428571492
92300  28.785  14.857  -22.789 0.1428571492
87077  32.629  7.765  -17.464 0.4285714328
87883  32.827  8.569  -17.667 0.4285714328
88667  32.892  9.381  -18.187 0.4285714328
89384  32.960  10.165  -18.528 0.4285714328
61406  27.476  -21.309  -10.396 0.1428571492
122183  26.292  -21.985  -10.902 0.1428571492
60472  24.744  -22.601  -10.885 0.1428571492
62356  25.722  -20.514  -11.673 0.2857142985
63278  28.905  -19.772  -10.549 0.1428571492
65203  28.731  -18.067  -12.020 0.1428571492
66239  29.917  -16.992  -11.765 0.1428571492
68055  32.026  -14.222  -12.082 0.2857142985
75169  32.873  -7.027  -15.169 0.7142857313
77948  34.058  -3.398  -14.552 0.8571428657
77035  33.681  -4.262  -15.003 0.8571428657
80475  33.621  -1.242  -14.538 0.5714285970
82064  33.328  1.398  -14.228 0.2857142985
81261  33.452  0.663  -14.275 0.1428571492
84590  32.007  4.824  -17.581 0.8571428657
90089  32.716  11.910  -20.107 0.1428571492
121070  33.002  14.118  -22.089 0.1428571492
92306  32.184  15.070  -23.399 0.1428571492
92296  32.645  14.409  -22.773 0.1428571492
90823  31.448  12.598  -21.256 0.1428571492
132917  30.462  12.602  -21.746 0.1428571492
127222  32.904  -15.132  -11.343 0.1428571492
64252  27.905  -18.193  -12.224 0.4285714328
68993  31.371  -13.209  -13.355 0.5714285970
90825  28.794  12.144  -22.404 0.1428571492
140429  30.369  -13.945  -13.524 0.5714285970
68074  29.050  -14.223  -14.218 0.5714285970
67171  27.979  -15.260  -14.142 0.2857142985
69000  30.040  -13.176  -14.275 0.5714285970
69001  29.350  -13.430  -14.469 0.5714285970
136106  27.440  -15.940  -13.653 0.4285714328
130878  27.618  -14.741  -14.522 0.2857142985
69003  27.718  -14.017  -14.887 0.4285714328
70850  31.179  -11.185  -14.247 0.4285714328
142437  30.096  -12.091  -14.617 0.5714285970
69931  29.678  -12.575  -14.677 0.5714285970
69937  28.540  -12.674  -15.767 0.4285714328
71704  31.478  -10.384  -14.494 0.5714285970
71705  30.767  -10.695  -14.806 0.5714285970
70852  29.841  -11.799  -14.957 0.4285714328
71709  31.085  -9.901  -15.067 0.7142857313
71710  30.502  -10.289  -15.455 0.4285714328
69002  28.547  -13.714  -14.688 0.4285714328
68076  27.102  -14.706  -14.941 0.2857142985
69936  29.248  -12.227  -15.336 0.4285714328
73479  31.456  -8.391  -15.401 0.7142857313
72625  30.734  -9.063  -15.870 0.4285714328
134967  31.052  -7.767  -16.003 0.7142857313
73490  29.836  -8.022  -16.868 0.5714285970
118603  30.803  -7.123  -16.634 0.7142857313
118560  29.729  -7.626  -17.201 0.2857142985
73473  31.928  -8.843  -14.861 0.5714285970
73478  32.118  -8.174  -15.008 0.5714285970
73480  30.875  -8.536  -15.861 0.7142857313
118589  31.567  -6.221  -16.270 0.7142857313
134673  30.715  -6.153  -16.776 0.7142857313
134746  31.214  -5.395  -16.612 0.7142857313
77044  30.584  -5.374  -17.139 0.7142857313
76093  30.209  -6.190  -17.399 0.4285714328
121984  30.060  -5.354  -17.678 0.4285714328
118728  32.968  -5.974  -15.224 0.5714285970
134773  32.195  -6.611  -15.627 0.5714285970
76082  31.966  -5.234  -16.124 0.5714285970
77043  31.563  -4.571  -16.439 0.7142857313
136483  30.978  -4.800  -16.962 0.7142857313
77971  31.270  -3.322  -16.794 0.7142857313
77055  30.501  -4.528  -17.516 0.7142857313
128137  31.132  -2.611  -17.144 0.5714285970
131992  32.591  -3.617  -15.666 0.5714285970
77042  32.290  -4.351  -15.870 0.5714285970
121981  31.841  -3.650  -16.190 0.7142857313
77963  31.779  -2.798  -16.367 0.8571428657
78899  31.681  -2.009  -16.719 0.7142857313
79741  31.545  -1.189  -16.945 0.7142857313
78907  30.417  -2.443  -17.916 0.5714285970
79747  31.076  -1.658  -17.602 0.7142857313
77956  33.048  -3.162  -15.220 0.5714285970
136873  31.230  -0.894  -17.616 0.7142857313
80508  30.936  -0.145  -18.596 0.2857142985
82096  31.250  1.148  -18.756 0.7142857313
80491  31.923  -0.714  -16.529 0.7142857313
80492  31.500  -0.439  -17.202 0.8571428657
128696  31.258  -0.287  -17.961 0.8571428657
81286  31.510  0.279  -17.492 0.8571428657
81292  31.274  0.417  -18.300 0.5714285970
82088  31.606  1.033  -17.955 0.8571428657
123028  31.464  1.792  -18.416 0.8571428657
81281  31.728  0.052  -16.686 0.8571428657
82949  31.281  2.714  -18.821 0.8571428657
85457  30.916  5.248  -20.013 0.7142857313
133621  30.452  4.534  -20.262 0.7142857313
128601  30.649  5.575  -20.735 0.7142857313
86251  30.786  6.038  -21.058 0.8571428657
86270  30.013  6.392  -21.396 0.7142857313
86252  30.088  5.125  -21.769 0.7142857313
139239  29.285  6.936  -21.590 0.7142857313
86272  28.561  6.159  -21.299 0.5714285970
87114  29.569  7.991  -21.789 0.7142857313
136379  28.612  7.045  -21.371 0.5714285970
87104  29.100  7.799  -21.638 0.5714285970
131469  28.695  7.698  -21.297 0.5714285970
87901  30.208  8.414  -21.629 0.5714285970
87094  27.905  6.896  -20.803 0.5714285970
87915  29.264  8.451  -21.745 0.5714285970
87903  28.975  8.532  -21.611 0.5714285970
87088  27.708  6.962  -20.020 0.4285714328
87896  28.561  7.850  -20.229 0.5714285970
88692  29.136  9.022  -21.721 0.5714285970
87080  28.944  7.324  -18.181 0.4285714328
86242  28.620  6.783  -17.674 0.4285714328
87889  29.216  8.407  -18.885 0.5714285970
87087  28.400  7.316  -19.169 0.5714285970
138406  29.673  8.466  -17.781 0.4285714328
87079  29.410  7.831  -17.927 0.4285714328
87071  29.443  7.732  -16.863 0.2857142985
68064  29.416  -14.590  -13.682 0.5714285970
67159  28.431  -15.668  -13.474 0.5714285970
69925  31.131  -12.555  -13.784 0.2857142985
68065  28.762  -14.961  -13.898 0.5714285970
70847  31.644  -11.791  -13.729 0.2857142985
70848  30.945  -11.896  -14.085 0.5714285970
69013  28.214  -13.373  -15.360 0.4285714328
70856  29.547  -11.413  -15.544 0.4285714328
70855  30.179  -11.070  -15.224 0.5714285970
68087  27.206  -14.057  -15.439 0.2857142985
69938  27.982  -13.020  -16.003 0.2857142985
72613  30.852  -9.412  -15.638 0.5714285970
118723  34.917  -6.188  -13.826 0.2857142985
73504  28.892  -8.215  -17.606 0.2857142985
134855  30.274  -6.942  -17.095 0.7142857313
84604  30.942  4.067  -18.910 0.7142857313
84611  30.565  3.733  -20.024 0.7142857313
139075  29.443  5.850  -21.579 0.7142857313
86254  28.054  6.464  -20.505 0.5714285970
87914  29.609  8.752  -21.792 0.5714285970
87902  28.675  8.628  -21.079 0.5714285970
87895  28.909  8.771  -20.077 0.2857142985
70865  29.181  -11.063  -16.062 0.4285714328
69924  31.729  -12.556  -13.451 0.2857142985
136651  33.485  -4.984  -15.137 0.7142857313
74328  31.916  -7.516  -15.385 0.5714285970
78898  32.422  -2.307  -15.997 0.7142857313
77962  32.505  -2.962  -15.731 0.7142857313
87102  30.661  7.219  -20.781 0.8571428657
72608  31.722  -9.583  -14.665 0.5714285970
83825  30.981  3.174  -19.610 0.7142857313
68994  30.613  -13.336  -13.783 0.5714285970
68063  29.841  -13.885  -13.866 0.5714285970
68075  28.273  -14.497  -14.414 0.5714285970
69930  30.448  -12.484  -14.284 0.5714285970
69932  28.919  -12.993  -15.046 0.4285714328
66260  28.087  -16.364  -13.147 0.5714285970
69014  27.594  -13.609  -15.525 0.4285714328
70851  30.469  -11.578  -14.577 0.5714285970
72614  30.200  -10.027  -15.958 0.4285714328
72612  31.340  -9.165  -15.220 0.5714285970
140591  31.110  -8.864  -15.551 0.7142857313
73491  29.178  -9.082  -17.003 0.4285714328
72637  29.112  -10.076  -17.199 0.4285714328
72626  29.191  -10.118  -16.986 0.4285714328
118786  31.533  -7.045  -16.026 0.7142857313
134789  29.336  -7.980  -17.238 0.2857142985
118229  32.275  -5.829  -15.744 0.7142857313
138081  32.671  -5.053  -15.549 0.5714285970
77054  31.104  -4.062  -16.891 0.7142857313
77972  30.624  -3.454  -17.441 0.7142857313
77985  29.972  -3.271  -18.102 0.2857142985
80499  30.795  -0.832  -18.226 0.5714285970
79758  29.939  -1.011  -18.452 0.2857142985
87103  30.022  7.480  -21.606 0.8571428657
69950  28.039  -12.173  -16.362 0.1428571492
70866  29.089  -11.099  -16.164 0.4285714328
63290  26.286  -19.862  -11.777 0.4285714328
70819  33.995  -12.083  -12.158 0.1428571492
70837  33.475  -11.894  -12.645 0.1428571492
72600  33.718  -9.526  -13.597 0.1428571492
119907  33.931  -8.823  -13.623 0.1428571492
70836  34.119  -11.271  -12.352 0.1428571492
73451  34.969  -8.800  -12.783 0.1428571492
72590  34.172  -9.980  -13.114 0.1428571492
71687  34.514  -10.423  -12.448 0.1428571492
73461  34.594  -8.401  -13.357 0.1428571492
77013  35.047  -4.470  -14.002 0.1428571492
93015  28.748  16.345  -21.825 0.1428571492
82959  31.102  2.464  -19.906 0.4285714328
93704  28.201  17.224  -20.693 0.1428571492
91555  29.266  13.830  -22.492 0.1428571492
84626  29.925  4.281  -20.523 0.4285714328
90812  28.293  11.946  -20.911 0.2857142985
89401  28.893  10.142  -21.331 0.2857142985
88681  28.879  9.282  -21.457 0.2857142985
83818  28.675  3.566  -19.058 0.1428571492
85473  29.856  4.726  -21.503 0.5714285970
89396  29.296  10.334  -20.302 0.2857142985
88691  29.605  9.452  -21.739 0.4285714328
85459  29.606  4.598  -20.881 0.4285714328
86253  28.756  5.485  -21.128 0.5714285970
85449  29.069  4.909  -19.373 0.4285714328
86247  28.949  5.332  -19.797 0.2857142985
88661  29.681  9.229  -18.138 0.1428571492
88669  29.405  9.518  -19.357 0.1428571492
133378  28.268  5.206  -18.183 0.1428571492
86248  28.754  6.528  -18.904 0.4285714328
88668  29.582  10.001  -18.317 0.1428571492
89386  29.507  10.496  -18.987 0.1428571492
136131  28.372  5.952  -17.697 0.2857142985
87884  30.050  9.009  -17.216 0.2857142985
87061  30.095  7.680  -15.292 0.1428571492
89385  29.951  10.610  -18.117 0.1428571492
88653  30.625  9.447  -16.669 0.1428571492
88660  30.175  9.882  -17.488 0.1428571492
88649  30.916  9.130  -15.903 0.1428571492
64253  26.017  -18.489  -12.459 0.4285714328
126168  25.734  -17.728  -12.715 0.2857142985
69915  33.426  -12.565  -12.145 0.1428571492
72589  34.715  -9.606  -12.629 0.1428571492
118230  34.623  -7.564  -13.510 0.1428571492
83826  30.680  3.033  -20.043 0.2857142985
90099  29.233  10.922  -21.587 0.2857142985
90091  28.874  11.146  -21.124 0.2857142985
64254  24.916  -18.089  -12.526 0.2857142985
66236  32.218  -16.247  -11.213 0.1428571492
66237  31.476  -16.664  -11.322 0.1428571492
130959  33.484  -13.976  -11.471 0.1428571492
68974  33.398  -13.288  -11.697 0.1428571492
122315  34.615  -5.573  -14.360 0.1428571492
118659  34.576  -6.841  -13.751 0.1428571492
84613  29.274  4.123  -19.634 0.2857142985
90081  29.247  11.310  -19.879 0.2857142985
90092  28.386  11.778  -21.784 0.2857142985
142656  28.066  12.179  -21.460 0.2857142985
132291  28.028  12.545  -21.489 0.1428571492
91519  28.115  13.614  -20.914 0.1428571492
91544  28.438  14.183  -22.153 0.1428571492
90068  29.717  11.282  -18.673 0.2857142985
91529  28.286  13.402  -21.592 0.1428571492
92301  27.930  15.021  -22.247 0.1428571492
91543  28.502  12.711  -22.115 0.1428571492
77940  35.267  -3.903  -13.544 0.2857142985
90098  29.678  11.064  -21.997 0.4285714328
90798  29.021  12.302  -19.890 0.2857142985
120795  28.837  11.722  -22.173 0.2857142985
90826  28.211  12.057  -22.134 0.1428571492
125480  27.058  -18.371  -12.401 0.4285714328
88680  30.319  9.204  -21.574 0.4285714328
127572  30.291  3.494  -20.060 0.4285714328
85458  30.220  4.825  -21.029 0.5714285970
89406  29.159  9.786  -21.553 0.2857142985
128242  29.999  8.248  -17.138 0.2857142985
86271  29.533  5.151  -21.504 0.5714285970
88676  28.741  9.489  -20.855 0.2857142985
72599  34.388  -9.186  -13.203 0.1428571492
71670  35.055  -10.965  -11.809 0.1428571492
132130  35.246  -7.940  -12.955 0.1428571492
83827  30.169  3.105  -20.075 0.2857142985
84605  28.518  4.373  -18.668 0.2857142985
85439  28.905  5.922  -18.626 0.4285714328
63304  25.144  -19.000  -12.322 0.2857142985
128632  30.621  2.530  -20.004 0.2857142985
92290  27.931  14.680  -21.597 0.1428571492
142993  30.500  -1.569  -18.163 0.2857142985
90782  30.207  12.182  -17.281 0.1428571492
126898  29.530  11.971  -19.070 0.1428571492
90783  29.827  12.960  -17.808 0.1428571492
89368  31.146  10.702  -16.148 0.1428571492
136354  29.997  13.059  -17.074 0.1428571492
90788  29.932  12.099  -18.284 0.1428571492
90789  29.626  12.896  -18.900 0.1428571492
137500  30.811  10.853  -16.730 0.1428571492
90054  30.968  11.349  -16.339 0.1428571492
90067  30.220  11.361  -17.815 0.1428571492
128476  30.699  11.907  -16.597 0.1428571492
91507  29.784  13.877  -17.358 0.1428571492
90766  30.936  12.741  -15.578 0.1428571492
90775  30.486  12.713  -16.412 0.1428571492
90774  30.948  12.003  -15.950 0.1428571492
91499  30.622  13.571  -15.952 0.1428571492
71703  32.261  -10.099  -14.229 0.2857142985
126651  28.924  13.095  -19.673 0.1428571492
91512  29.233  13.861  -19.091 0.1428571492
130467  31.327  12.049  -15.285 0.1428571492
71700  31.904  -10.865  -13.886 0.4285714328
67150  28.875  -16.053  -12.841 0.4285714328
66247  29.338  -16.507  -12.338 0.2857142985
66246  30.028  -16.142  -12.169 0.1428571492
67158  29.352  -15.321  -13.231 0.2857142985
67149  29.533  -15.846  -12.594 0.1428571492
68057  30.102  -14.554  -13.269 0.2857142985
132483  28.554  -16.743  -12.555 0.2857142985
68988  30.861  -13.989  -13.144 0.2857142985
126801  30.624  -14.669  -12.700 0.1428571492
67148  30.162  -15.352  -12.611 0.1428571492
84612  29.921  3.774  -20.078 0.2857142985
65213  27.413  -17.676  -12.626 0.2857142985
133619  26.527  -17.771  -12.758 0.2857142985
66248  27.767  -16.987  -12.801 0.2857142985
66249  26.959  -17.190  -13.148 0.2857142985
66261  27.375  -16.623  -13.279 0.2857142985
71711  29.787  -10.665  -15.751 0.2857142985
71721  28.768  -10.899  -16.389 0.2857142985
72627  28.997  -10.059  -17.096 0.2857142985
134697  29.745  -7.099  -17.613 0.1428571492
76094  29.669  -6.094  -17.735 0.1428571492
77067  30.198  -4.020  -18.063 0.1428571492
80509  30.352  -0.275  -19.068 0.1428571492
81293  30.810  0.444  -19.021 0.1428571492
81302  30.235  0.451  -19.581 0.1428571492
82097  30.748  1.167  -19.390 0.1428571492
82107  30.150  1.157  -19.788 0.1428571492
131459  29.554  2.695  -19.827 0.1428571492
83828  29.356  3.368  -19.759 0.1428571492
129012  28.271  6.087  -16.882 0.1428571492
87072  28.772  7.411  -17.237 0.1428571492
134311  28.923  7.307  -16.511 0.1428571492
63303  25.928  -19.257  -12.151 0.2857142985
65212  28.260  -17.497  -12.407 0.1428571492
82950  31.228  1.876  -19.477 0.2857142985
82960  30.949  1.869  -19.976 0.1428571492
63291  25.363  -19.740  -11.929 0.2857142985
70857  28.954  -11.791  -15.853 0.2857142985
71722  28.780  -10.569  -16.773 0.2857142985
79759  29.360  -1.369  -19.115 0.1428571492
80510  29.644  -0.685  -19.082 0.1428571492
80517  29.686  -0.084  -19.525 0.1428571492
125301  28.746  2.855  -19.418 0.1428571492
133801  28.532  6.877  -16.673 0.1428571492
71723  27.749  -10.762  -16.841 0.2857142985
71734  28.016  -9.954  -17.646 0.1428571492
79768  29.157  -0.785  -19.371 0.1428571492
63292  24.490  -19.511  -12.016 0.1428571492
64242  23.806  -18.617  -11.465 0.1428571492
66262  26.662  -16.524  -13.475 0.1428571492
77941  34.646  -3.692  -14.067 0.1428571492
137280  35.545  -3.334  -13.078 0.1428571492
88659  33.385  9.203  -17.692 0.1428571492
62357  24.718  -20.258  -11.736 0.1428571492
65215  25.149  -17.217  -12.763 0.1428571492
65214  26.013  -17.112  -13.174 0.1428571492
67172  27.101  -15.284  -14.194 0.1428571492
87076  33.206  8.063  -16.981 0.1428571492
141961  26.443  -14.980  -14.899 0.1428571492
78878  34.922  -2.955  -13.705 0.1428571492
64241  24.324  -18.792  -12.141 0.1428571492
67160  26.380  -15.765  -13.744 0.1428571492
61478  25.896  -15.253  -15.197 0.5714285970
70009  30.039  -10.877  -16.709 0.2857142985
74321  34.030  -7.174  -13.976 0.1428571492
74336  29.111  -7.954  -17.216 0.2857142985
90059  30.601  11.386  -17.009 0.1428571492
93703  29.033  17.764  -21.434 0.1428571492
118234  34.796  -4.908  -14.339 0.8571428657
118473  27.327  -12.556  -16.605 0.2857142985
118474  27.612  -12.313  -16.559 0.2857142985
118475  27.001  -13.058  -16.539 0.2857142985
118477  30.073  -9.934  -16.408 0.2857142985
118478  29.933  -9.166  -16.841 0.2857142985
118506  29.442  -7.841  -17.279 0.2857142985
134594  28.520  -9.677  -18.148 0.2857142985
134595  25.989  -14.415  -15.589 0.5714285970
134596  28.346  -10.029  -18.193 0.2857142985
134597  28.454  -9.660  -18.078 0.2857142985
134598  27.930  -11.172  -17.194 0.2857142985
134599  25.890  -14.704  -15.464 0.5714285970
134601  30.006  -7.512  -17.019 0.2857142985
134602  30.169  -10.445  -16.543 0.2857142985
134603  29.898  -10.335  -16.785 0.2857142985
134604  29.872  -8.016  -16.923 0.2857142985
134605  29.980  -7.932  -16.900 0.2857142985
134606  30.141  -10.375  -16.524 0.2857142985
134754  29.938  -9.456  -16.793 0.2857142985
134841  26.610  -13.630  -16.928 0.2857142985
134842  28.087  -11.071  -17.015 0.2857142985
134843  29.412  -7.792  -17.428 0.2857142985
134844  29.161  -8.072  -17.457 0.2857142985
134845  27.017  -13.165  -16.998 0.2857142985
134846  27.797  -11.740  -16.717 0.2857142985
134847  26.471  -13.894  -16.710 0.2857142985
134848  27.816  -11.826  -16.642 0.2857142985
134849  29.169  -8.123  -17.467 0.2857142985
134850  28.897  -8.387  -17.736 0.2857142985
134851  27.783  -11.759  -16.691 0.2857142985
134853  30.075  -8.647  -16.796 0.2857142985
134854  30.223  -10.262  -16.360 0.2857142985
134856  30.069  -8.810  -16.755 0.2857142985
134857  30.236  -7.525  -16.886 0.2857142985
134858  30.129  -7.034  -17.242 0.1428571492
134859  30.020  -8.552  -16.841 0.2857142985
134885  27.310  -12.812  -16.535 0.2857142985
134886  26.022  -14.331  -15.621 0.5714285970
134887  27.068  -12.956  -16.715 0.2857142985
134921  25.881  -14.738  -15.422 0.5714285970
134922  29.141  -8.046  -17.640 0.2857142985
134923  26.358  -13.998  -16.096 0.2857142985
134924  26.959  -13.723  -16.815 0.2857142985
134925  26.179  -14.069  -16.055 0.2857142985
134926  28.031  -10.769  -17.389 0.2857142985
134927  27.996  -11.038  -17.060 0.2857142985
134928  28.981  -8.966  -17.956 0.2857142985
134929  26.183  -13.854  -16.043 0.2857142985
134930  27.673  -12.135  -16.596 0.2857142985
134931  25.934  -14.828  -15.338 0.5714285970
134932  30.212  -10.011  -16.467 0.2857142985
134963  26.664  -13.735  -16.533 0.2857142985
134964  29.192  -9.032  -17.693 0.2857142985
134969  25.968  -14.005  -16.192 0.2857142985
134977  29.922  -9.211  -16.948 0.2857142985
135016  26.170  -13.952  -16.072 0.2857142985
135247  26.007  -14.399  -15.607 0.5714285970
139325  28.050  -10.759  -18.057 0.2857142985
139971  23.986  -19.285  -11.834 0.1428571492
140204  28.008  -11.104  -17.102 0.2857142985
140214  29.916  -9.034  -16.929 0.2857142985
140254  25.965  -14.013  -16.025 0.2857142985
141810  33.808  -6.880  -14.367 0.7142857313
143730  30.013  -7.981  -16.906 0.2857142985
